tick,seconds_in_round,lstm_delta_from_prev,rank,feature,base_feature,is_utility,feature_delta_scaled,coefficient,ridge_delta_contribution
91235,44.5,-0.2935798317193985,1,lag_00__CT_place_LONGDOG,CT_place_LONGDOG,False,-6.523001194000244,0.0018211272545158863,-0.011879215255633513
91235,44.5,-0.2935798317193985,2,lag_04__T_place_BACKOFB,T_place_BACKOFB,False,-5.371258735656738,0.0014587530167773366,-0.00783533988453089
91235,44.5,-0.2935798317193985,3,lag_07__CT3__is_scoped,CT3__is_scoped,False,-4.548114776611328,0.001533360336907208,-0.006973898806157397
91235,44.5,-0.2935798317193985,4,lag_05__T5__duck_amount,T5__duck_amount,False,-3.7970333099365234,0.0014751291600987315,-0.00560111455735357
91235,44.5,-0.2935798317193985,5,lag_01__CT_place_CONNECTOR,CT_place_CONNECTOR,False,3.575894594192505,-0.0014062465634196997,-0.0050285894842342915
91235,44.5,-0.2935798317193985,6,lag_01__T5__is_scoped,T5__is_scoped,False,4.76965856552124,-0.0009905442129820585,-0.004724557689977371
91235,44.5,-0.2935798317193985,7,lag_03__T_flashed_players,T_flashed_players,False,3.8592474460601807,-0.0011743403738364577,-0.004532070088533707
91235,44.5,-0.2935798317193985,8,lag_11__T3__duck_amount,T3__duck_amount,False,-3.7704498767852783,0.0010586217977106571,-0.003991480426740357
91235,44.5,-0.2935798317193985,9,lag_01__CT3__is_scoped,CT3__is_scoped,False,4.548114776611328,-0.0007493767188861966,-0.003408251328414824
91235,44.5,-0.2935798317193985,10,lag_12__T_kills_last_3s,T_kills_last_3s,False,3.1681017875671387,-0.001074817730113864,-0.0034051319720825868
91235,44.5,-0.2935798317193985,11,lag_00__T5__is_scoped,T5__is_scoped,False,-4.76965856552124,0.0006973732961341739,-0.003326232515272143
91235,44.5,-0.2935798317193985,12,lag_03__T1__has_bomb,T1__has_bomb,False,2.857499837875366,-0.0011377384653314948,-0.0032510874802293144
91235,44.5,-0.2935798317193985,13,lag_15__CT5__is_walking,CT5__is_walking,False,-2.396676540374756,0.0013547196285799146,-0.003246824752602684
91235,44.5,-0.2935798317193985,14,lag_06__bomb_events_last_5s,bomb_events_last_5s,False,-4.178802490234375,0.0007767200004309416,-0.0032457594720156635
91235,44.5,-0.2935798317193985,15,lag_04__bomb_events_last_5s,bomb_events_last_5s,False,2.0894012451171875,-0.0015195802552625537,-0.0031750128774010733
91235,44.5,-0.2935798317193985,16,lag_03__CT3__is_walking,CT3__is_walking,False,-2.387126922607422,0.0013194408966228366,-0.0031496728871176494
91235,44.5,-0.2935798317193985,17,lag_00__damage_diff_last_5s,damage_diff_last_5s,False,-2.1882994174957275,0.001391412690281868,-0.003044827579639975
91235,44.5,-0.2935798317193985,18,lag_05__T_A_site_active_infernos,T_A_site_active_infernos,True,2.9764554500579834,-0.0010160127421841025,-0.0030241166638022288
91235,44.5,-0.2935798317193985,19,lag_07__T5__duck_amount,T5__duck_amount,False,3.7970333099365234,-0.0007908621919341385,-0.003002930086343336
91235,44.5,-0.2935798317193985,20,lag_05__T_B_site_active_infernos,T_B_site_active_infernos,True,2.8273046016693115,-0.001039572642184794,-0.0029391885150185926
91107,42.5,0.11184251308441162,1,lag_01__T5__duck_amount,T5__duck_amount,False,-3.7970333099365234,-0.0011103699216619134,0.004216111578901893
91107,42.5,0.11184251308441162,2,lag_03__CT3__is_scoped,CT3__is_scoped,False,-4.548114776611328,-0.000869983690790832,0.003956785679496644
91107,42.5,0.11184251308441162,3,lag_00__T_place_BACKOFB,T_place_BACKOFB,False,-5.371258735656738,-0.0007045218953862786,0.003784169385054992
91107,42.5,0.11184251308441162,4,lag_03__CT3__is_walking,CT3__is_walking,False,2.387126922607422,0.0013194408966228366,0.0031496728871176494
91107,42.5,0.11184251308441162,5,lag_02__bomb_events_last_5s,bomb_events_last_5s,False,-4.178802490234375,-0.0007214415818452835,0.0030147618787736974
91107,42.5,0.11184251308441162,6,lag_00__bomb_events_last_5s,bomb_events_last_5s,False,2.0894012451171875,0.001406742143444717,0.0029392487860722127
91107,42.5,0.11184251308441162,7,lag_00__kill_diff_last_3s,kill_diff_last_3s,False,2.4069459438323975,0.001203693449497223,0.0028972250658849674
91107,42.5,0.11184251308441162,8,lag_14__T1__is_walking,T1__is_walking,False,2.281590461730957,0.0011821426451206207,0.002697165383512612
91107,42.5,0.11184251308441162,9,lag_02__T_kills_last_3s,T_kills_last_3s,False,-3.1681017875671387,-0.0008460946846753359,0.002680514082970986
91107,42.5,0.11184251308441162,10,lag_12__T4__is_walking,T4__is_walking,False,2.307980537414551,0.0010799213778227568,0.0024924375219528283
91107,42.5,0.11184251308441162,11,lag_02__T_place_BACKOFB,T_place_BACKOFB,False,-2.685628890991211,-0.0007645132136531174,0.0020531987741313484
91107,42.5,0.11184251308441162,12,lag_03__T5__duck_amount,T5__duck_amount,False,3.7970333099365234,0.0005301015335135162,0.0020128131803992533
91107,42.5,0.11184251308441162,13,lag_00__CT_kills_last_3s,CT_kills_last_3s,False,2.8871407508850098,0.0006913149263709784,0.0019959234956207217
91107,42.5,0.11184251308441162,14,lag_02__kill_diff_last_3s,kill_diff_last_3s,False,2.4069459438323975,0.0008022469701245427,0.0019309650906930986
91107,42.5,0.11184251308441162,15,lag_11__CT5__is_walking,CT5__is_walking,False,-2.396676540374756,-0.0007906605605967343,0.0018949576169817461
91107,42.5,0.11184251308441162,16,lag_12__T3__has_bomb,T3__has_bomb,False,3.15621280670166,0.0005956401000730693,0.00187996691203568
91107,42.5,0.11184251308441162,17,lag_14__T2__is_walking,T2__is_walking,False,2.2968344688415527,0.0008073250064626336,0.0018542919024011062
91107,42.5,0.11184251308441162,18,lag_14__T4__is_walking,T4__is_walking,False,-2.307980537414551,-0.0007831009570509195,0.0018073817677042303
91107,42.5,0.11184251308441162,19,lag_06__CT5__is_walking,CT5__is_walking,False,2.396676540374756,0.0007474157609976828,0.0017913138202894918
91107,42.5,0.11184251308441162,20,lag_07__T3__duck_amount,T3__duck_amount,False,-3.7704498767852783,-0.0004458799376152456,0.0016811679558424303
91267,45.0,-0.0994698777794838,1,lag_01__CT_place_LONGDOG,CT_place_LONGDOG,False,-6.523001194000244,0.0008419861551374197,-0.0054922766952930635
91267,45.0,-0.0994698777794838,2,lag_01__T5__is_scoped,T5__is_scoped,False,-4.76965856552124,-0.0009905442129820585,0.004724557689977371
91267,45.0,-0.0994698777794838,3,lag_05__T_place_BACKOFB,T_place_BACKOFB,False,-5.371258735656738,0.0008683480555191636,-0.00466412207879785
91267,45.0,-0.0994698777794838,4,lag_02__CT3__is_scoped,CT3__is_scoped,False,4.548114776611328,-0.0007769963704049587,-0.0035338686736121616
91267,45.0,-0.0994698777794838,5,lag_08__CT3__is_scoped,CT3__is_scoped,False,-4.548114776611328,0.0007028341642580926,-0.0031965704479695045
91267,45.0,-0.0994698777794838,6,lag_04__bomb_events_last_5s,bomb_events_last_5s,False,2.0894012451171875,-0.0015195802552625537,-0.0031750128774010733
91267,45.0,-0.0994698777794838,7,lag_02__T5__is_scoped,T5__is_scoped,False,4.76965856552124,-0.000631161907222122,-0.0030104267970127163
91267,45.0,-0.0994698777794838,8,lag_02__T_velocity_mean,T_velocity_mean,False,-3.7879016399383545,-0.0007164162816479802,0.0027137144081329223
91267,45.0,-0.0994698777794838,9,lag_02__CT_place_CONNECTOR,CT_place_CONNECTOR,False,3.575894594192505,-0.0007026143721304834,-0.0025124749351033565
91267,45.0,-0.0994698777794838,10,lag_12__T3__duck_amount,T3__duck_amount,False,-3.7704498767852783,-0.0006435003597289324,0.0024262858520512354
91267,45.0,-0.0994698777794838,11,lag_01__T_kills_last_3s,T_kills_last_3s,False,3.1681017875671387,-0.0007412446429952979,-0.002348338478497969
91267,45.0,-0.0994698777794838,12,lag_00__T_flashed_players,T_flashed_players,False,-1.9296237230300903,0.0011920323595404625,-0.0023001739195888105
91267,45.0,-0.0994698777794838,13,lag_01__kill_diff_last_3s,kill_diff_last_3s,False,-2.4069459438323975,0.0009214926394633949,-0.002217982970827828
91267,45.0,-0.0994698777794838,14,lag_08__T5__duck_amount,T5__duck_amount,False,3.7970333099365234,-0.0005669594393111765,-0.002152763876447472
91267,45.0,-0.0994698777794838,15,lag_13__T_kills_last_3s,T_kills_last_3s,False,3.1681017875671387,-0.0006141294143162668,-0.0019456244952929247
91267,45.0,-0.0994698777794838,16,lag_04__T1__has_bomb,T1__has_bomb,False,2.857499837875366,-0.0006780379917472601,-0.0019374934514911346
91267,45.0,-0.0994698777794838,17,lag_04__T_flashed_players,T_flashed_players,False,3.8592474460601807,-0.0004993505426682532,-0.0019271173064812214
91267,45.0,-0.0994698777794838,18,lag_11__CT5__is_walking,CT5__is_walking,False,2.396676540374756,-0.0007906605605967343,-0.0018949576169817461
91267,45.0,-0.0994698777794838,19,lag_03__T_velocity_mean,T_velocity_mean,False,1.807494044303894,-0.0010220569092780352,-0.001847361776459694
91267,45.0,-0.0994698777794838,20,lag_01__damage_diff_last_5s,damage_diff_last_5s,False,-2.1882994174957275,0.0008315295563079417,-0.0018196356436991495
91011,41.0,-0.0634053647518158,1,lag_00__T5__duck_amount,T5__duck_amount,False,3.7970333099365234,-0.0009015231626108289,-0.0034231134781126382
91011,41.0,-0.0634053647518158,2,lag_15__CT5__is_walking,CT5__is_walking,False,-2.396676540374756,0.0013547196285799146,-0.003246824752602684
91011,41.0,-0.0634053647518158,3,lag_00__CT3__is_scoped,CT3__is_scoped,False,-4.548114776611328,0.000639118195977062,-0.0029067829111244503
91011,41.0,-0.0634053647518158,4,lag_10__bomb_events_last_5s,bomb_events_last_5s,False,2.0894012451171875,-0.0009470982477068901,-0.0019788682580070827
91011,41.0,-0.0634053647518158,5,lag_09__bomb_events_last_5s,bomb_events_last_5s,False,2.0894012451171875,-0.0009250841103494167,-0.001932871892002197
91011,41.0,-0.0634053647518158,6,lag_14__T4__is_walking,T4__is_walking,False,2.307980537414551,-0.0007831009570509195,-0.0018073817677042303
91011,41.0,-0.0634053647518158,7,lag_10__T5__has_bomb,T5__has_bomb,False,-2.928872585296631,0.0005858885706402361,-0.0017159929725868162
91011,41.0,-0.0634053647518158,8,lag_09__T3__has_bomb,T3__has_bomb,False,3.15621280670166,-0.0005324489320628345,-0.0016805221382913405
91011,41.0,-0.0634053647518158,9,lag_05__T_kills_last_3s,T_kills_last_3s,False,3.1681017875671387,-0.0005178723949939013,-0.0016406724603118539
91011,41.0,-0.0634053647518158,10,lag_05__CT2__alive,CT2__alive,False,-2.4212265014648438,0.0006584668881259859,-0.0015942974798677234
91011,41.0,-0.0634053647518158,11,lag_08__CT5__is_walking,CT5__is_walking,False,-2.396676540374756,0.0006633211160078645,-0.0015897661574712507
91011,41.0,-0.0634053647518158,12,lag_00__CT3__is_walking,CT3__is_walking,False,2.387126922607422,-0.0006176152965053916,-0.0014743261021021858
91011,41.0,-0.0634053647518158,13,lag_10__T2__is_walking,T2__is_walking,False,-2.2968344688415527,-0.0005949884653091431,0.0013665900156851762
91011,41.0,-0.0634053647518158,14,lag_05__CT2__hp,CT2__hp,False,-2.2260046005249023,0.0006087293149903417,-0.001355034255642873
91011,41.0,-0.0634053647518158,15,lag_05__CT2__molly,CT2__molly,True,-2.4656636714935303,0.000540943059604615,-0.0013337836504136585
91011,41.0,-0.0634053647518158,16,lag_05__CT2__armor,CT2__armor,False,-2.1760144233703613,0.0005810853908769786,-0.0012644501917581097
91011,41.0,-0.0634053647518158,17,lag_05__T_damage_last_5s,T_damage_last_5s,False,2.2299582958221436,-0.0005546853062696755,-0.0012369251002867093
91011,41.0,-0.0634053647518158,18,lag_07__T1__is_walking,T1__is_walking,False,-2.281590461730957,0.0005334814195521176,-0.0012171861183608024
91011,41.0,-0.0634053647518158,19,lag_02__T1__is_walking,T1__is_walking,False,-2.281590461730957,0.0005318687180988491,-0.0012135065941074052
91011,41.0,-0.0634053647518158,20,lag_03__CT5__is_walking,CT5__is_walking,False,2.396676540374756,-0.0004981851670891047,-0.001193988702725135
89475,17.0,0.05420777201652527,1,lag_05__T_place_BACKOFB,T_place_BACKOFB,False,5.371258735656738,0.0008683480555191636,0.00466412207879785
89475,17.0,0.05420777201652527,2,lag_15__CT_place_ELECTRICALBOX,CT_place_ELECTRICALBOX,False,-11.624896049499512,-0.00038740751915611327,0.0045035721389843075
89475,17.0,0.05420777201652527,3,lag_07__T_place_TSTAIRS,T_place_TSTAIRS,False,5.668967247009277,0.0006948263035155833,0.003938947556990369
89475,17.0,0.05420777201652527,4,lag_05__T_place_TSTAIRS,T_place_TSTAIRS,False,5.668966770172119,0.0006386117893271148,0.003620269012735572
89475,17.0,0.05420777201652527,5,lag_13__CT_place_BACKOFB,CT_place_BACKOFB,False,5.709421634674072,0.0004632167983800173,0.0026447000102153284
89475,17.0,0.05420777201652527,6,lag_13__CT_place_LONGDOG,CT_place_LONGDOG,False,6.523001194000244,-0.0003718114166986197,-0.0024253263150680188
89475,17.0,0.05420777201652527,7,lag_12__CT_place_LONGDOG,CT_place_LONGDOG,False,6.523001194000244,-0.00035888157435692847,-0.002340984938034932
89475,17.0,0.05420777201652527,8,lag_00__T_flashed_players,T_flashed_players,False,-1.9296237230300903,0.0011920323595404625,-0.0023001739195888105
89475,17.0,0.05420777201652527,9,lag_08__T5__duck_amount,T5__duck_amount,False,-3.7970333099365234,-0.0005669594393111765,0.002152763876447472
89475,17.0,0.05420777201652527,10,lag_11__T_place_DUMPSTER,T_place_DUMPSTER,False,-9.093055725097656,-0.00021654905867762864,0.0019690926577731194
89475,17.0,0.05420777201652527,11,lag_04__T_place_TSTAIRS,T_place_TSTAIRS,False,-5.668966770172119,0.0003168236871715635,-0.0017960629545790002
89475,17.0,0.05420777201652527,12,lag_00__T_utility_damage_last_5s,T_utility_damage_last_5s,True,-5.996406555175781,-0.0002799401991069317,0.0016786352449820185
89475,17.0,0.05420777201652527,13,lag_10__T2__flash_duration,T2__flash_duration,True,6.246918201446533,0.0002660822938196361,0.0016621943243445292
89475,17.0,0.05420777201652527,14,lag_14__T_active_infernos,T_active_infernos,True,6.247930526733398,0.0002529331250116229,0.0015803085929821936
89475,17.0,0.05420777201652527,15,lag_04__CT_shots_fired_sum,CT_shots_fired_sum,False,3.4737050533294678,0.00041915892506949604,0.0014560344761620561
89475,17.0,0.05420777201652527,16,lag_00__damage_diff_last_5s,damage_diff_last_5s,False,0.9475110769271851,0.001391412690281868,0.0013183789366191245
89475,17.0,0.05420777201652527,17,lag_10__T_utility_damage_last_5s,T_utility_damage_last_5s,True,5.996406555175781,0.00021814632054883987,0.0013080940265265406
89475,17.0,0.05420777201652527,18,lag_10__CT3__is_scoped,CT3__is_scoped,False,4.548114776611328,0.00027223085635341704,0.001238137180430532
89475,17.0,0.05420777201652527,19,lag_02__T1__is_walking,T1__is_walking,False,2.281590461730957,0.0005318687180988491,0.0012135065941074052
89475,17.0,0.05420777201652527,20,lag_00__T_damage_last_5s,T_damage_last_5s,False,-1.007077932357788,-0.0011741750640794635,0.0011824857957592194
91043,41.5,-0.05136933922767639,1,lag_00__bomb_events_last_5s,bomb_events_last_5s,False,-4.178802490234375,0.001406742143444717,-0.0058784975721444255
91043,41.5,-0.05136933922767639,2,lag_01__T5__duck_amount,T5__duck_amount,False,3.7970333099365234,-0.0011103699216619134,-0.004216111578901893
91043,41.5,-0.05136933922767639,3,lag_01__CT3__is_scoped,CT3__is_scoped,False,-4.548114776611328,-0.0007493767188861966,0.003408251328414824
91043,41.5,-0.05136933922767639,4,lag_00__kill_diff_last_3s,kill_diff_last_3s,False,2.4069459438323975,0.001203693449497223,0.0028972250658849674
91043,41.5,-0.05136933922767639,5,lag_00__T_kills_last_3s,T_kills_last_3s,False,-3.1681017875671387,-0.0008257514564320445,0.0026160646652085284
91043,41.5,-0.05136933922767639,6,lag_12__T4__is_walking,T4__is_walking,False,-2.307980537414551,0.0010799213778227568,-0.0024924375219528283
91043,41.5,-0.05136933922767639,7,lag_06__T3__duck_amount,T3__duck_amount,False,3.7704498767852783,-0.0006183772929944098,-0.0023315605881775864
91043,41.5,-0.05136933922767639,8,lag_10__bomb_events_last_5s,bomb_events_last_5s,False,2.0894012451171875,-0.0009470982477068901,-0.0019788682580070827
91043,41.5,-0.05136933922767639,9,lag_00__T_place_BACKOFB,T_place_BACKOFB,False,-2.685628890991211,-0.0007045218953862786,0.0018920843565852774
91043,41.5,-0.05136933922767639,10,lag_13__CT2__duck_amount,CT2__duck_amount,False,3.573256015777588,-0.00048722009523771703,-0.0017409621363159017
91043,41.5,-0.05136933922767639,11,lag_10__T2__is_walking,T2__is_walking,False,2.2968344688415527,-0.0005949884653091431,-0.0013665900156851762
91043,41.5,-0.05136933922767639,12,lag_08__T1__is_walking,T1__is_walking,False,-2.281590461730957,0.0005800139624625444,-0.0013233543244253188
91043,41.5,-0.05136933922767639,13,lag_13__T1__is_walking,T1__is_walking,False,-2.281590461730957,0.0005743312649428844,-0.0013103887359675603
91043,41.5,-0.05136933922767639,14,lag_11__T2__duck_amount,T2__duck_amount,False,3.8233180046081543,-0.00033746787812560797,-0.0012902470144145473
91043,41.5,-0.05136933922767639,15,lag_06__CT2__alive,CT2__alive,False,-2.4212265014648438,0.0005242172046564519,-0.0012692485884380211
91043,41.5,-0.05136933922767639,16,lag_06__T_damage_last_5s,T_damage_last_5s,False,2.2299582958221436,-0.0005222397157922387,-0.0011645727866387012
91043,41.5,-0.05136933922767639,17,lag_11__T5__has_bomb,T5__has_bomb,False,-2.928872585296631,0.0003916150308214128,-0.001146990527762931
91043,41.5,-0.05136933922767639,18,lag_11__bomb_events_last_5s,bomb_events_last_5s,False,2.0894012451171875,-0.0005411767051555216,-0.001130735281580364
91043,41.5,-0.05136933922767639,19,lag_02__CT4__is_walking,CT4__is_walking,False,2.384641170501709,-0.0004725769395008683,-0.001126926426163466
91043,41.5,-0.05136933922767639,20,lag_06__CT2__hp,CT2__hp,False,-2.2260046005249023,0.00048134071403183043,-0.001071466643854796
90851,38.5,-0.047251880168914795,1,lag_04__bomb_events_last_5s,bomb_events_last_5s,False,2.0894012451171875,-0.0015195802552625537,-0.0031750128774010733
90851,38.5,-0.047251880168914795,2,lag_00__damage_diff_last_5s,damage_diff_last_5s,False,-2.0980606079101562,0.001391412690281868,-0.002919268154826682
90851,38.5,-0.047251880168914795,3,lag_00__kill_diff_last_3s,kill_diff_last_3s,False,-2.4069459438323975,0.001203693449497223,-0.0028972250658849674
90851,38.5,-0.047251880168914795,4,lag_00__T_damage_last_5s,T_damage_last_5s,False,2.2299582958221436,-0.0011741750640794635,-0.0026183614248914966
90851,38.5,-0.047251880168914795,5,lag_00__T_kills_last_3s,T_kills_last_3s,False,3.1681017875671387,-0.0008257514564320445,-0.0026160646652085284
90851,38.5,-0.047251880168914795,6,lag_04__T3__has_bomb,T3__has_bomb,False,3.15621280670166,0.0006928390939719975,0.0021867476213779935
90851,38.5,-0.047251880168914795,7,lag_11__CT5__is_walking,CT5__is_walking,False,2.396676540374756,-0.0007906605605967343,-0.0018949576169817461
90851,38.5,-0.047251880168914795,8,lag_10__CT5__is_walking,CT5__is_walking,False,-2.396676540374756,-0.0007865490624681115,0.0018851036858710812
90851,38.5,-0.047251880168914795,9,lag_11__T5__is_walking,T5__is_walking,False,-2.3193888664245605,0.0008092483039945364,-0.001876961506457886
90851,38.5,-0.047251880168914795,10,lag_08__CT5__is_walking,CT5__is_walking,False,2.396676540374756,0.0006633211160078645,0.0015897661574712507
90851,38.5,-0.047251880168914795,11,lag_00__CT2__molly,CT2__molly,True,-2.4656636714935303,0.0006037823623046279,-0.0014887242362230657
90851,38.5,-0.047251880168914795,12,lag_00__CT2__alive,CT2__alive,False,-2.4212265014648438,0.0005929008475504816,-0.0014355472448301931
90851,38.5,-0.047251880168914795,13,lag_05__T5__has_bomb,T5__has_bomb,False,-2.928872585296631,0.00048502071877010167,-0.0014205638865066178
90851,38.5,-0.047251880168914795,14,lag_05__bomb_events_last_5s,bomb_events_last_5s,False,2.0894012451171875,-0.000661213940475136,-0.0013815412305175911
90851,38.5,-0.047251880168914795,15,lag_00__CT2__hp,CT2__hp,False,-2.2260046005249023,0.0005647563957609236,-0.0012571503351396784
90851,38.5,-0.047251880168914795,16,lag_07__T1__is_walking,T1__is_walking,False,-2.281590461730957,0.0005334814195521176,-0.0012171861183608024
90851,38.5,-0.047251880168914795,17,lag_02__T1__is_walking,T1__is_walking,False,-2.281590461730957,0.0005318687180988491,-0.0012135065941074052
90851,38.5,-0.047251880168914795,18,lag_03__CT5__is_walking,CT5__is_walking,False,-2.396676540374756,-0.0004981851670891047,0.001193988702725135
90851,38.5,-0.047251880168914795,19,lag_00__CT2__armor,CT2__armor,False,-2.1760144233703613,0.0005434934282675385,-0.0011826495389171687
90851,38.5,-0.047251880168914795,20,lag_00__CT2__has_defuser,CT2__has_defuser,False,-2.173701763153076,0.0005322879878804088,-0.0011570353377608478
91139,43.0,0.04177302122116089,1,lag_03__bomb_events_last_5s,bomb_events_last_5s,False,-4.178802490234375,-0.0011432892642915249,0.004777580024679651
91139,43.0,0.04177302122116089,2,lag_00__T_flashed_players,T_flashed_players,False,3.8592474460601807,0.0011920323595404625,0.004600347839177621
91139,43.0,0.04177302122116089,3,lag_01__T_place_BACKOFB,T_place_BACKOFB,False,-5.371258735656738,-0.0007260445272549987,0.0038997730094941785
91139,43.0,0.04177302122116089,4,lag_00__bomb_events_last_5s,bomb_events_last_5s,False,2.0894012451171875,0.001406742143444717,0.0029392487860722127
91139,43.0,0.04177302122116089,5,lag_07__CT5__is_walking,CT5__is_walking,False,2.396676540374756,0.00122153852134943,0.002927632717282247
91139,43.0,0.04177302122116089,6,lag_04__T5__duck_amount,T5__duck_amount,False,3.7970333099365234,0.0007466314127668738,0.0028349843445207856
91139,43.0,0.04177302122116089,7,lag_12__T4__is_walking,T4__is_walking,False,-2.307980537414551,0.0010799213778227568,-0.0024924375219528283
91139,43.0,0.04177302122116089,8,lag_01__kill_diff_last_3s,kill_diff_last_3s,False,2.4069459438323975,0.0009214926394633949,0.002217982970827828
91139,43.0,0.04177302122116089,9,lag_04__CT3__is_scoped,CT3__is_scoped,False,-4.548114776611328,-0.00046657503116875887,0.002122036793656523
91139,43.0,0.04177302122116089,10,lag_06__CT4__is_walking,CT4__is_walking,False,-2.384641170501709,0.000867330702021718,-0.0020682725004811386
91139,43.0,0.04177302122116089,11,lag_03__T_kills_last_3s,T_kills_last_3s,False,-3.1681017875671387,-0.0006478170398622751,0.002052350322004126
91139,43.0,0.04177302122116089,12,lag_14__T2__is_walking,T2__is_walking,False,-2.2968344688415527,0.0008073250064626336,-0.0018542919024011062
91139,43.0,0.04177302122116089,13,lag_04__CT3__is_walking,CT3__is_walking,False,2.387126922607422,0.0006923118489794433,0.0016526362535389527
91139,43.0,0.04177302122116089,14,lag_00__CT3__is_walking,CT3__is_walking,False,-2.387126922607422,-0.0006176152965053916,0.0014743261021021858
91139,43.0,0.04177302122116089,15,lag_08__T3__duck_amount,T3__duck_amount,False,-3.7704498767852783,0.00035757728619500995,-0.0013482272346751895
91139,43.0,0.04177302122116089,16,lag_13__T3__has_bomb,T3__has_bomb,False,3.15621280670166,0.0003977746528107673,0.0012554614533826502
91139,43.0,0.04177302122116089,17,lag_01__CT_kills_last_3s,CT_kills_last_3s,False,2.8871407508850098,0.00042982635204680264,0.0012409691767985703
91139,43.0,0.04177302122116089,18,lag_07__T1__is_walking,T1__is_walking,False,2.281590461730957,0.0005334814195521176,0.0012171861183608024
91139,43.0,0.04177302122116089,19,lag_09__T3__duck_amount,T3__duck_amount,False,3.7704498767852783,0.0003042362804990262,0.0011471076463211646
91139,43.0,0.04177302122116089,20,lag_00__T1__flash_duration,T1__flash_duration,True,1.6078500747680664,0.0007134358747862279,0.0011470979246172575
88899,8.0,0.039384663105010986,1,lag_01__CT_place_CONNECTOR,CT_place_CONNECTOR,False,-3.575894355773926,-0.0014062465634196997,0.005028589148958984
88899,8.0,0.039384663105010986,2,lag_05__T_place_TSTAIRS,T_place_TSTAIRS,False,5.668967247009277,0.0006386117893271148,0.0036202693172494027
88899,8.0,0.039384663105010986,3,lag_04__T_place_TSTAIRS,T_place_TSTAIRS,False,11.337934494018555,0.0003168236871715635,0.0035921262113046137
88899,8.0,0.039384663105010986,4,lag_10__CT_place_ENTRANCE,CT_place_ENTRANCE,False,-8.872629165649414,-0.00032834388548508286,0.0029132735347175975
88899,8.0,0.039384663105010986,5,lag_11__CT_place_ENTRANCE,CT_place_ENTRANCE,False,8.872629165649414,0.00032038611243478954,0.002842667165457946
88899,8.0,0.039384663105010986,6,lag_12__CT_place_ENTRANCE,CT_place_ENTRANCE,False,8.872631072998047,0.00027652777498587966,0.002453528928886728
88899,8.0,0.039384663105010986,7,lag_13__CT_place_ENTRANCE,CT_place_ENTRANCE,False,8.87263011932373,0.0002718393807299435,0.0024119302770828077
88899,8.0,0.039384663105010986,8,lag_03__bomb_events_last_5s,bomb_events_last_5s,False,2.0894012451171875,-0.0011432892642915249,-0.0023887900123398254
88899,8.0,0.039384663105010986,9,lag_01__T_place_TSTAIRS,T_place_TSTAIRS,False,-11.337933540344238,-0.00021004248992539942,0.002381447791422603
88899,8.0,0.039384663105010986,10,lag_09__CT_place_ENTRANCE,CT_place_ENTRANCE,False,-8.872631072998047,0.00023034543846733868,-0.002043770094868669
88899,8.0,0.039384663105010986,11,lag_01__T_place_TSIDEUPPER,T_place_TSIDEUPPER,False,5.044445991516113,0.0003913661348633468,0.0019742253302265644
88899,8.0,0.039384663105010986,12,lag_07__CT_place_ENTRANCE,CT_place_ENTRANCE,False,-8.87263011932373,-0.00021486564946826547,0.0019064234330801871
88899,8.0,0.039384663105010986,13,lag_08__T3__has_bomb,T3__has_bomb,False,-3.15621280670166,-0.0005684243515133858,0.0017940682178876344
88899,8.0,0.039384663105010986,14,lag_06__bomb_events_last_5s,bomb_events_last_5s,False,2.0894012451171875,0.0007767200004309416,0.0016228797360078318
88899,8.0,0.039384663105010986,15,lag_05__bomb_events_last_5s,bomb_events_last_5s,False,2.0894010066986084,-0.000661213940475136,-0.001381541072871903
88899,8.0,0.039384663105010986,16,lag_08__bomb_events_last_5s,bomb_events_last_5s,False,2.0894012451171875,-0.0006307293078862131,-0.0013178466012293555
88899,8.0,0.039384663105010986,17,lag_03__T_bomb_carrier_alive,T_bomb_carrier_alive,False,2.123861789703369,-0.0005393453175202012,-0.0011454949113365864
88899,8.0,0.039384663105010986,18,lag_02__T_place_TSTAIRS,T_place_TSTAIRS,False,-5.668967247009277,-0.00019892057753168046,0.0011276742387832661
88899,8.0,0.039384663105010986,19,lag_05__T_place_TMAIN,T_place_TMAIN,False,3.878150701522827,0.00021987779473420233,0.0008527192238977389
88899,8.0,0.039384663105010986,20,lag_02__T_place_TSIDEUPPER,T_place_TSIDEUPPER,False,2.5222232341766357,0.0003307448059786111,0.0008342122342224964
90979,40.5,-0.03413999080657959,1,lag_15__CT5__is_walking,CT5__is_walking,False,2.396676540374756,0.0013547196285799146,0.003246824752602684
90979,40.5,-0.03413999080657959,2,lag_07__CT5__is_walking,CT5__is_walking,False,-2.396676540374756,0.00122153852134943,-0.002927632717282247
90979,40.5,-0.03413999080657959,3,lag_04__T_kills_last_3s,T_kills_last_3s,False,3.1681017875671387,-0.0006835571257397532,-0.0021655785519603676
90979,40.5,-0.03413999080657959,4,lag_09__bomb_events_last_5s,bomb_events_last_5s,False,2.0894012451171875,-0.0009250841103494167,-0.001932871892002197
90979,40.5,-0.03413999080657959,5,lag_08__T3__has_bomb,T3__has_bomb,False,3.15621280670166,-0.0005684243515133858,-0.0017940682178876344
90979,40.5,-0.03413999080657959,6,lag_10__T1__is_walking,T1__is_walking,False,2.281590461730957,-0.0007302900194190443,-0.0016662227426038068
90979,40.5,-0.03413999080657959,7,lag_09__T5__has_bomb,T5__has_bomb,False,-2.928872585296631,0.0005205596098676324,-0.001524652770354018
90979,40.5,-0.03413999080657959,8,lag_04__CT2__alive,CT2__alive,False,-2.4212265014648438,0.0006064038025215268,-0.0014682409572541744
90979,40.5,-0.03413999080657959,9,lag_03__T_velocity_mean,T_velocity_mean,False,1.4122180938720703,-0.0010220569092780352,-0.0014433672602494063
90979,40.5,-0.03413999080657959,10,lag_10__T2__is_walking,T2__is_walking,False,2.2968344688415527,-0.0005949884653091431,-0.0013665900156851762
90979,40.5,-0.03413999080657959,11,lag_00__T5__molly,T5__molly,True,-2.2125473022460938,0.0006045459886081517,-0.0013375865961786637
90979,40.5,-0.03413999080657959,12,lag_08__bomb_events_last_5s,bomb_events_last_5s,False,2.0894012451171875,-0.0006307293078862131,-0.0013178466012293555
90979,40.5,-0.03413999080657959,13,lag_04__CT2__hp,CT2__hp,False,-2.2260046005249023,0.0005578762502409518,-0.0012418350995599403
90979,40.5,-0.03413999080657959,14,lag_02__T1__is_walking,T1__is_walking,False,2.281590461730957,0.0005318687180988491,0.0012135065941074052
90979,40.5,-0.03413999080657959,15,lag_03__T5__is_walking,T5__is_walking,False,-2.3193888664245605,0.0005058168899267912,-0.001173186062945697
90979,40.5,-0.03413999080657959,16,lag_04__CT2__molly,CT2__molly,True,-2.4656636714935303,0.00046969231334514916,-0.0011581032737948901
90979,40.5,-0.03413999080657959,17,lag_04__CT2__armor,CT2__armor,False,-2.1760144233703613,0.0005309185944497585,-0.001155286519158194
90979,40.5,-0.03413999080657959,18,lag_09__T3__is_walking,T3__is_walking,False,-2.3223767280578613,0.0004513848980423063,-0.0010482857826102226
90979,40.5,-0.03413999080657959,19,lag_04__T_damage_last_5s,T_damage_last_5s,False,2.2299582958221436,-0.00044596323277801275,-0.0009944794105649912
90979,40.5,-0.03413999080657959,20,lag_15__CT_walking_count,CT_walking_count,False,1.7948951721191406,0.0005515348166227341,0.000989947179611761
89155,12.0,-0.03404968976974487,1,lag_00__T_flashed_players,T_flashed_players,False,3.8592474460601807,0.0011920323595404625,0.004600347839177621
89155,12.0,-0.03404968976974487,2,lag_06__CT_place_ELECTRICALBOX,CT_place_ELECTRICALBOX,False,11.624896049499512,-0.0003199731872882694,-0.0037196550408531703
89155,12.0,-0.03404968976974487,3,lag_12__T_place_TSTAIRS,T_place_TSTAIRS,False,11.337934494018555,-0.00032671517692506313,-0.0037042752741780482
89155,12.0,-0.03404968976974487,4,lag_04__bomb_events_last_5s,bomb_events_last_5s,False,-2.0894010066986084,-0.0015195802552625537,0.003175012515104908
89155,12.0,-0.03404968976974487,5,lag_00__CT3__is_scoped,CT3__is_scoped,False,4.548114776611328,0.000639118195977062,0.0029067829111244503
89155,12.0,-0.03404968976974487,6,lag_01__T_place_DUMPSTER,T_place_DUMPSTER,False,-9.093055725097656,0.0002825905103236437,-0.0025696112577566765
89155,12.0,-0.03404968976974487,7,lag_04__T_A_site_active_infernos,T_A_site_active_infernos,True,5.952910423278809,-0.0004110811569262296,-0.0024471293038796638
89155,12.0,-0.03404968976974487,8,lag_03__bomb_events_last_5s,bomb_events_last_5s,False,-2.0894012451171875,-0.0011432892642915249,0.0023887900123398254
89155,12.0,-0.03404968976974487,9,lag_15__CT_place_ENTRANCE,CT_place_ENTRANCE,False,-8.87263011932373,0.00025220736279152334,-0.002237742643419277
89155,12.0,-0.03404968976974487,10,lag_04__T_active_infernos,T_active_infernos,True,6.247930526733398,-0.0003495922719594091,-0.0021842282278852765
89155,12.0,-0.03404968976974487,11,lag_10__T_place_TSTAIRS,T_place_TSTAIRS,False,-5.668967247009277,-0.00031488449894823134,0.0017850699111284507
89155,12.0,-0.03404968976974487,12,lag_05__CT_place_ELECTRICALBOX,CT_place_ELECTRICALBOX,False,-11.624896049499512,0.00014609392383135855,-0.0016983266780030426
89155,12.0,-0.03404968976974487,13,lag_00__T_utility_damage_last_5s,T_utility_damage_last_5s,True,5.996406555175781,-0.0002799401991069317,-0.0016786352449820185
89155,12.0,-0.03404968976974487,14,lag_06__bomb_events_last_5s,bomb_events_last_5s,False,-2.0894012451171875,0.0007767200004309416,-0.0016228797360078318
89155,12.0,-0.03404968976974487,15,lag_03__CT_place_BACKOFB,CT_place_BACKOFB,False,5.709421634674072,-0.0002807993732858449,-0.0016032020168411237
89155,12.0,-0.03404968976974487,16,lag_00__CT3__is_walking,CT3__is_walking,False,-2.387126922607422,-0.0006176152965053916,0.0014743261021021858
89155,12.0,-0.03404968976974487,17,lag_11__CT_place_CONNECTOR,CT_place_CONNECTOR,False,3.575894355773926,-0.000407850748160854,-0.0014584311883465706
89155,12.0,-0.03404968976974487,18,lag_06__T_place_DUMPSTER,T_place_DUMPSTER,False,9.093055725097656,-0.0001586561556905508,-0.001442669264823948
89155,12.0,-0.03404968976974487,19,lag_03__T5__is_scoped,T5__is_scoped,False,4.76965856552124,-0.00029426347464323044,-0.0014035363023521263
89155,12.0,-0.03404968976974487,20,lag_00__damage_diff_last_5s,damage_diff_last_5s,False,-0.9475110769271851,0.001391412690281868,-0.0013183789366191245
91331,46.0,-0.03099239245057106,1,lag_09__bomb_events_last_5s,bomb_events_last_5s,False,-4.178802490234375,-0.0009250841103494167,0.003865743784004394
91331,46.0,-0.03099239245057106,2,lag_00__T5__is_scoped,T5__is_scoped,False,4.76965856552124,0.0006973732961341739,0.003326232515272143
91331,46.0,-0.03099239245057106,3,lag_00__CT3__is_scoped,CT3__is_scoped,False,-4.548114776611328,0.000639118195977062,-0.0029067829111244503
91331,46.0,-0.03099239245057106,4,lag_04__T_velocity_mean,T_velocity_mean,False,-3.7879016399383545,-0.000624043052084744,0.0023638137003839377
91331,46.0,-0.03099239245057106,5,lag_00__T_flashed_players,T_flashed_players,False,-1.9296237230300903,0.0011920323595404625,-0.0023001739195888105
91331,46.0,-0.03099239245057106,6,lag_03__T_flashed_players,T_flashed_players,False,-1.9296236038208008,-0.0011743403738364577,0.002266034904274572
91331,46.0,-0.03099239245057106,7,lag_03__T_velocity_mean,T_velocity_mean,False,2.194955348968506,-0.0010220569092780352,-0.002243369279970042
91331,46.0,-0.03099239245057106,8,lag_01__kill_diff_last_3s,kill_diff_last_3s,False,-2.4069459438323975,0.0009214926394633949,-0.002217982970827828
91331,46.0,-0.03099239245057106,9,lag_08__T5__duck_amount,T5__duck_amount,False,-3.7970333099365234,-0.0005669594393111765,0.002152763876447472
91331,46.0,-0.03099239245057106,10,lag_04__CT3__is_scoped,CT3__is_scoped,False,4.548114776611328,-0.00046657503116875887,-0.002122036793656523
91331,46.0,-0.03099239245057106,11,lag_03__T_kills_last_3s,T_kills_last_3s,False,3.1681017875671387,-0.0006478170398622751,-0.002052350322004126
91331,46.0,-0.03099239245057106,12,lag_00__T_place_BACKOFB,T_place_BACKOFB,False,-2.685629367828369,-0.0007045218953862786,0.001892084692527496
91331,46.0,-0.03099239245057106,13,lag_10__CT5__is_walking,CT5__is_walking,False,-2.396676540374756,-0.0007865490624681115,0.0018851036858710812
91331,46.0,-0.03099239245057106,14,lag_09__CT4__is_walking,CT4__is_walking,False,-2.384641170501709,0.0007208935567177832,-0.0017190724548986347
91331,46.0,-0.03099239245057106,15,lag_06__bomb_events_last_5s,bomb_events_last_5s,False,2.0894012451171875,0.0007767200004309416,0.0016228797360078318
91331,46.0,-0.03099239245057106,16,lag_03__T5__is_scoped,T5__is_scoped,False,-4.76965856552124,-0.00029426347464323044,0.0014035363023521263
91331,46.0,-0.03099239245057106,17,lag_11__CT4__is_walking,CT4__is_walking,False,2.384641170501709,-0.0005822545499540865,-0.0013884681715324587
91331,46.0,-0.03099239245057106,18,lag_13__T1__is_walking,T1__is_walking,False,2.281590461730957,0.0005743312649428844,0.0013103887359675603
91331,46.0,-0.03099239245057106,19,lag_01__CT_kills_last_3s,CT_kills_last_3s,False,-2.8871407508850098,0.00042982635204680264,-0.0012409691767985703
91331,46.0,-0.03099239245057106,20,lag_10__CT3__is_scoped,CT3__is_scoped,False,-4.548114776611328,0.00027223085635341704,-0.001238137180430532
91299,45.5,-0.028702639043331146,1,lag_06__T_place_BACKOFB,T_place_BACKOFB,False,-5.371258735656738,0.0007487287512049079,-0.004021615845546722
91299,45.5,-0.028702639043331146,2,lag_03__CT3__is_scoped,CT3__is_scoped,False,4.548114776611328,-0.000869983690790832,-0.003956785679496644
91299,45.5,-0.028702639043331146,3,lag_03__T_velocity_mean,T_velocity_mean,False,-3.7879016399383545,-0.0010220569092780352,0.0038714510427645954
91299,45.5,-0.028702639043331146,4,lag_02__T5__is_scoped,T5__is_scoped,False,-4.76965856552124,-0.000631161907222122,0.0030104267970127163
91299,45.5,-0.028702639043331146,5,lag_07__T5__duck_amount,T5__duck_amount,False,-3.7970333099365234,-0.0007908621919341385,0.003002930086343336
91299,45.5,-0.028702639043331146,6,lag_00__kill_diff_last_3s,kill_diff_last_3s,False,-2.4069459438323975,0.001203693449497223,-0.0028972250658849674
91299,45.5,-0.028702639043331146,7,lag_02__T_kills_last_3s,T_kills_last_3s,False,3.1681017875671387,-0.0008460946846753359,-0.002680514082970986
91299,45.5,-0.028702639043331146,8,lag_08__bomb_events_last_5s,bomb_events_last_5s,False,-4.178802490234375,-0.0006307293078862131,0.002635693202458711
91299,45.5,-0.028702639043331146,9,lag_03__T_flashed_players,T_flashed_players,False,1.9296236038208008,-0.0011743403738364577,-0.002266034904274572
91299,45.5,-0.028702639043331146,10,lag_00__CT_kills_last_3s,CT_kills_last_3s,False,-2.8871407508850098,0.0006913149263709784,-0.0019959234956207217
91299,45.5,-0.028702639043331146,11,lag_02__kill_diff_last_3s,kill_diff_last_3s,False,-2.4069459438323975,0.0008022469701245427,-0.0019309650906930986
91299,45.5,-0.028702639043331146,12,lag_14__T4__is_walking,T4__is_walking,False,-2.307980537414551,-0.0007831009570509195,0.0018073817677042303
91299,45.5,-0.028702639043331146,13,lag_06__bomb_events_last_5s,bomb_events_last_5s,False,2.0894012451171875,0.0007767200004309416,0.0016228797360078318
91299,45.5,-0.028702639043331146,14,lag_02__T_velocity_mean,T_velocity_mean,False,2.194955348968506,-0.0007164162816479802,-0.0015725017494913618
91299,45.5,-0.028702639043331146,15,lag_06__T_place_BOMBSITEB,T_place_BOMBSITEB,False,1.5607836246490479,-0.0009640512871555984,-0.001504675462314295
91299,45.5,-0.028702639043331146,16,lag_06__T_macro_B,T_macro_B,False,1.5607836246490479,-0.0009640512871555984,-0.001504675462314295
91299,45.5,-0.028702639043331146,17,lag_13__T3__duck_amount,T3__duck_amount,False,-3.7704498767852783,-0.0003975243598688394,0.001498845673686612
91299,45.5,-0.028702639043331146,18,lag_03__T5__is_scoped,T5__is_scoped,False,4.76965856552124,-0.00029426347464323044,-0.0014035363023521263
91299,45.5,-0.028702639043331146,19,lag_11__CT4__is_walking,CT4__is_walking,False,-2.384641170501709,-0.0005822545499540865,0.0013884681715324587
91299,45.5,-0.028702639043331146,20,lag_05__bomb_events_last_5s,bomb_events_last_5s,False,2.0894012451171875,-0.000661213940475136,-0.0013815412305175911
91075,42.0,0.028602033853530884,1,lag_02__CT3__is_scoped,CT3__is_scoped,False,-4.548114776611328,-0.0007769963704049587,0.0035338686736121616
91075,42.0,0.028602033853530884,2,lag_00__T5__duck_amount,T5__duck_amount,False,-3.7970333099365234,-0.0009015231626108289,0.0034231134781126382
91075,42.0,0.028602033853530884,3,lag_15__CT5__is_walking,CT5__is_walking,False,2.396676540374756,0.0013547196285799146,0.003246824752602684
91075,42.0,0.028602033853530884,4,lag_14__T1__is_walking,T1__is_walking,False,-2.281590461730957,0.0011821426451206207,-0.002697165383512612
91075,42.0,0.028602033853530884,5,lag_01__T_kills_last_3s,T_kills_last_3s,False,-3.1681017875671387,-0.0007412446429952979,0.002348338478497969
91075,42.0,0.028602033853530884,6,lag_06__T3__duck_amount,T3__duck_amount,False,-3.7704498767852783,-0.0006183772929944098,0.0023315605881775864
91075,42.0,0.028602033853530884,7,lag_01__kill_diff_last_3s,kill_diff_last_3s,False,2.4069459438323975,0.0009214926394633949,0.002217982970827828
91075,42.0,0.028602033853530884,8,lag_06__CT4__is_walking,CT4__is_walking,False,2.384641170501709,0.000867330702021718,0.0020682725004811386
91075,42.0,0.028602033853530884,9,lag_01__T_place_BACKOFB,T_place_BACKOFB,False,-2.685628890991211,-0.0007260445272549987,0.0019498861585420801
91075,42.0,0.028602033853530884,10,lag_10__CT5__is_walking,CT5__is_walking,False,-2.396676540374756,-0.0007865490624681115,0.0018851036858710812
91075,42.0,0.028602033853530884,11,lag_13__CT2__duck_amount,CT2__duck_amount,False,-3.573256015777588,-0.00048722009523771703,0.0017409621363159017
91075,42.0,0.028602033853530884,12,lag_01__bomb_events_last_5s,bomb_events_last_5s,False,-4.178802490234375,0.00041224207961931825,-0.0017226782288926046
91075,42.0,0.028602033853530884,13,lag_00__damage_diff_last_5s,damage_diff_last_5s,False,1.218228816986084,0.001391412690281868,0.0016950590356215045
91075,42.0,0.028602033853530884,14,lag_07__T3__duck_amount,T3__duck_amount,False,3.7704498767852783,-0.0004458799376152456,-0.0016811679558424303
91075,42.0,0.028602033853530884,15,lag_13__T1__is_walking,T1__is_walking,False,2.281590461730957,0.0005743312649428844,0.0013103887359675603
91075,42.0,0.028602033853530884,16,lag_14__CT2__duck_amount,CT2__duck_amount,False,3.573256015777588,-0.00036184501368552446,-0.001292964871930924
91075,42.0,0.028602033853530884,17,lag_11__T2__duck_amount,T2__duck_amount,False,-3.8233180046081543,-0.00033746787812560797,0.0012902470144145473
91075,42.0,0.028602033853530884,18,lag_09__T1__is_walking,T1__is_walking,False,-2.281590461730957,0.0005387863493524492,-0.0012292897955933912
91075,42.0,0.028602033853530884,19,lag_11__bomb_events_last_5s,bomb_events_last_5s,False,2.0894012451171875,-0.0005411767051555216,-0.001130735281580364
91075,42.0,0.028602033853530884,20,lag_02__T5__duck_amount,T5__duck_amount,False,3.7970333099365234,-0.0002674577699508518,-0.001015546061504724
90883,39.0,-0.022654443979263306,1,lag_01__T_kills_last_3s,T_kills_last_3s,False,3.1681017875671387,-0.0007412446429952979,-0.002348338478497969
90883,39.0,-0.022654443979263306,2,lag_01__kill_diff_last_3s,kill_diff_last_3s,False,-2.4069459438323975,0.0009214926394633949,-0.002217982970827828
90883,39.0,-0.022654443979263306,3,lag_11__CT5__is_walking,CT5__is_walking,False,-2.396676540374756,-0.0007906605605967343,0.0018949576169817461
90883,39.0,-0.022654443979263306,4,lag_14__T4__is_walking,T4__is_walking,False,-2.307980537414551,-0.0007831009570509195,0.0018073817677042303
90883,39.0,-0.022654443979263306,5,lag_01__damage_diff_last_5s,damage_diff_last_5s,False,-2.0980606079101562,0.0008315295563079417,-0.0017445994064027026
90883,39.0,-0.022654443979263306,6,lag_06__bomb_events_last_5s,bomb_events_last_5s,False,2.0894012451171875,0.0007767200004309416,0.0016228797360078318
90883,39.0,-0.022654443979263306,7,lag_06__T5__has_bomb,T5__has_bomb,False,-2.928872585296631,0.00047864587395451963,-0.0014018927782907392
90883,39.0,-0.022654443979263306,8,lag_05__bomb_events_last_5s,bomb_events_last_5s,False,2.0894012451171875,-0.000661213940475136,-0.0013815412305175911
90883,39.0,-0.022654443979263306,9,lag_08__T1__is_walking,T1__is_walking,False,-2.281590461730957,0.0005800139624625444,-0.0013233543244253188
90883,39.0,-0.022654443979263306,10,lag_01__CT2__alive,CT2__alive,False,-2.4212265014648438,0.0005216591525822878,-0.0012630549649639278
90883,39.0,-0.022654443979263306,11,lag_07__T1__is_walking,T1__is_walking,False,2.281590461730957,0.0005334814195521176,0.0012171861183608024
90883,39.0,-0.022654443979263306,12,lag_07__CT2__is_walking,CT2__is_walking,False,2.360051155090332,0.00046788144391030073,0.0011042241421458376
90883,39.0,-0.022654443979263306,13,lag_00__T3__smoke,T3__smoke,True,-2.173264503479004,0.0005001936806365848,-0.0010870531709920028
90883,39.0,-0.022654443979263306,14,lag_01__CT2__hp,CT2__hp,False,-2.2260046005249023,0.00048043899005278945,-0.0010694594021290471
90883,39.0,-0.022654443979263306,15,lag_01__CT2__armor,CT2__armor,False,-2.1760144233703613,0.0004559270164463669,-0.0009921037637915103
90883,39.0,-0.022654443979263306,16,lag_01__T_damage_last_5s,T_damage_last_5s,False,2.2299582958221436,-0.00043517633457668126,-0.0009704250774347431
90883,39.0,-0.022654443979263306,17,lag_01__CT2__molly,CT2__molly,True,-2.4656636714935303,0.0003928603255189955,-0.00096866143260331
90883,39.0,-0.022654443979263306,18,lag_00__T5__is_walking,T5__is_walking,False,-2.3193888664245605,0.0004155206261202693,-0.000963753913993115
90883,39.0,-0.022654443979263306,19,lag_06__T3__is_walking,T3__is_walking,False,-2.3223767280578613,0.0003640642680693418,-0.0008454943836816581
90883,39.0,-0.022654443979263306,20,lag_00__T_velocity_mean,T_velocity_mean,False,1.4122180938720703,-0.0005702452035620809,-0.0008053105944141326
88611,3.5,-0.021921277046203613,1,lag_04__CT_place_ENTRANCE,CT_place_ENTRANCE,False,8.87263011932373,-0.0005141369765624404,-0.0045617472237059475
88611,3.5,-0.021921277046203613,2,lag_03__CT_place_ENTRANCE,CT_place_ENTRANCE,False,8.872631072998047,-0.00035744643537327647,-0.003171490349425321
88611,3.5,-0.021921277046203613,3,lag_02__CT_place_ENTRANCE,CT_place_ENTRANCE,False,8.872629165649414,-0.0002431387547403574,-0.002157280006608975
88611,3.5,-0.021921277046203613,4,lag_00__CT_place_ENTRANCE,CT_place_ENTRANCE,False,-8.872631072998047,-0.00014811591245234013,0.0013141778472300913
88611,3.5,-0.021921277046203613,5,lag_06__CT_velocity_mean,CT_velocity_mean,False,3.495476722717285,-0.0003419847635086626,-0.0011953997803685057
88611,3.5,-0.021921277046203613,6,lag_06__T_velocity_mean,T_velocity_mean,False,2.891570568084717,0.0003659309877548367,0.0010581152741420546
88611,3.5,-0.021921277046203613,7,lag_07__CT_place_CTSPAWN,CT_place_CTSPAWN,False,4.78255033493042,-0.00017926191503647715,-0.0008573291317979723
88611,3.5,-0.021921277046203613,8,lag_03__T_velocity_mean,T_velocity_mean,False,0.7643201351165771,-0.0010220569092780352,-0.0007811786749962191
88611,3.5,-0.021921277046203613,9,lag_07__T3__has_bomb,T3__has_bomb,False,2.798933982849121,-0.00026803897344507277,-0.0007502233915034073
88611,3.5,-0.021921277046203613,10,lag_07__CT5__is_walking,CT5__is_walking,False,-0.5380242466926575,0.00122153852134943,-0.0006572173427550898
88611,3.5,-0.021921277046203613,11,lag_07__T_closest_enemy_dist,T_closest_enemy_dist,False,4.066553115844727,-0.00015205344243440777,-0.0006183334001065577
88611,3.5,-0.021921277046203613,12,lag_07__CT_walking_count,CT_walking_count,False,-1.0355465412139893,0.0005949520855210721,-0.0006161005743493958
88611,3.5,-0.021921277046203613,13,lag_07__T2__flash,T2__flash,True,2.2263786792755127,-0.000271070544840768,-0.0006035056816130827
88611,3.5,-0.021921277046203613,14,lag_00__CT_macro_OTHER,CT_macro_OTHER,False,-1.461716651916504,0.00040846806950867176,-0.0005970645789770135
88611,3.5,-0.021921277046203613,15,lag_01__CT_place_ENTRANCE,CT_place_ENTRANCE,False,-8.872629165649414,6.307112926151603e-05,-0.0005596067409961714
88611,3.5,-0.021921277046203613,16,lag_07__T_velocity_mean,T_velocity_mean,False,-1.7359485626220703,0.0003124859358649701,-0.0005424595112044073
88611,3.5,-0.021921277046203613,17,lag_00__T1__smoke,T1__smoke,True,-2.1584019660949707,0.00023234311083797365,-0.000501489827241304
88611,3.5,-0.021921277046203613,18,lag_07__T3__smoke,T3__smoke,True,1.5118021965026855,-0.00033145310590043664,-0.0005010915335379174
88611,3.5,-0.021921277046203613,19,lag_02__T_velocity_mean,T_velocity_mean,False,-0.6799192428588867,-0.0007164162816479802,0.00048710521578987365
88611,3.5,-0.021921277046203613,20,lag_04__T_velocity_mean,T_velocity_mean,False,-0.7458450794219971,-0.000624043052084744,0.0004654394397448913
88867,7.5,-0.02131730318069458,1,lag_08__CT_place_ENTRANCE,CT_place_ENTRANCE,False,-8.872631072998047,0.0005096931708976626,-0.004522319465801505
88867,7.5,-0.02131730318069458,2,lag_04__bomb_events_last_5s,bomb_events_last_5s,False,2.0894010066986084,-0.0015195802552625537,-0.003175012515104908
88867,7.5,-0.02131730318069458,3,lag_10__CT_place_ENTRANCE,CT_place_ENTRANCE,False,8.872629165649414,-0.00032834388548508286,-0.0029132735347175975
88867,7.5,-0.02131730318069458,4,lag_11__CT_place_ENTRANCE,CT_place_ENTRANCE,False,8.872631072998047,0.00032038611243478954,0.0028426677765459596
88867,7.5,-0.02131730318069458,5,lag_02__CT_place_CONNECTOR,CT_place_CONNECTOR,False,3.575894355773926,-0.0007026143721304834,-0.0025124747675870363
88867,7.5,-0.02131730318069458,6,lag_12__CT_place_ENTRANCE,CT_place_ENTRANCE,False,8.87263011932373,0.00027652777498587966,0.002453528665169291
88867,7.5,-0.02131730318069458,7,lag_09__CT_place_ENTRANCE,CT_place_ENTRANCE,False,-8.872629165649414,0.00023034543846733868,-0.0020437696555196116
88867,7.5,-0.02131730318069458,8,lag_04__T_place_TSTAIRS,T_place_TSTAIRS,False,5.668967247009277,0.0003168236871715635,0.0017960631056523069
88867,7.5,-0.02131730318069458,9,lag_00__CT_place_CONNECTOR,CT_place_CONNECTOR,False,-3.575894355773926,-0.00045775144826620817,0.001636870820202474
88867,7.5,-0.02131730318069458,10,lag_02__bomb_events_last_5s,bomb_events_last_5s,False,2.0894012451171875,-0.0007214415818452835,-0.0015073809393868487
88867,7.5,-0.02131730318069458,11,lag_00__T_place_TSIDEUPPER,T_place_TSIDEUPPER,False,5.044445991516113,0.00027664389926940203,0.0013955152087469225
88867,7.5,-0.02131730318069458,12,lag_05__bomb_events_last_5s,bomb_events_last_5s,False,2.0894012451171875,-0.000661213940475136,-0.0013815412305175911
88867,7.5,-0.02131730318069458,13,lag_01__T_place_TSTAIRS,T_place_TSTAIRS,False,-5.668967247009277,-0.00021004248992539942,0.0011907239958673654
88867,7.5,-0.02131730318069458,14,lag_01__T_place_TSIDEUPPER,T_place_TSIDEUPPER,False,2.5222232341766357,0.0003913661348633468,0.00098711275842224
88867,7.5,-0.02131730318069458,15,lag_05__CT_place_CONNECTOR,CT_place_CONNECTOR,False,3.575894832611084,-0.0002570248325355351,-0.0009190937705165492
88867,7.5,-0.02131730318069458,16,lag_00__T_place_TSTAIRS,T_place_TSTAIRS,False,-11.337933540344238,-8.092279313132167e-05,0.0009174972504219503
88867,7.5,-0.02131730318069458,17,lag_15__T3__has_bomb,T3__has_bomb,False,2.798933982849121,-0.0003072596446145326,-0.0008599994608697592
88867,7.5,-0.02131730318069458,18,lag_07__T3__has_bomb,T3__has_bomb,False,-3.15621280670166,-0.00026803897344507277,0.0008459880406825049
88867,7.5,-0.02131730318069458,19,lag_03__T_place_TSTAIRS,T_place_TSTAIRS,False,11.337934494018555,7.431219273712486e-05,0.0008425467733604031
88867,7.5,-0.02131730318069458,20,lag_15__CT5__is_walking,CT5__is_walking,False,-0.5380242466926575,0.0013547196285799146,-0.0007288720076464653
91171,43.5,0.021163851022720337,1,lag_04__bomb_events_last_5s,bomb_events_last_5s,False,-4.178802490234375,-0.0015195802552625537,0.006350025754802147
91171,43.5,0.021163851022720337,2,lag_05__T5__duck_amount,T5__duck_amount,False,3.7970333099365234,0.0014751291600987315,0.00560111455735357
91171,43.5,0.021163851022720337,3,lag_02__T_place_BACKOFB,T_place_BACKOFB,False,-5.371258735656738,-0.0007645132136531174,0.004106398277359313
91171,43.5,0.021163851022720337,4,lag_04__T_place_BACKOFB,T_place_BACKOFB,False,-2.685628890991211,0.0014587530167773366,-0.003917669246677802
91171,43.5,0.021163851022720337,5,lag_00__damage_diff_last_5s,damage_diff_last_5s,False,2.098060131072998,0.001391412690281868,0.0029192674913494088
91171,43.5,0.021163851022720337,6,lag_00__T_damage_last_5s,T_damage_last_5s,False,-2.2299582958221436,-0.0011741750640794635,0.0026183614248914966
91171,43.5,0.021163851022720337,7,lag_12__T4__is_walking,T4__is_walking,False,2.307980537414551,0.0010799213778227568,0.0024924375219528283
91171,43.5,0.021163851022720337,8,lag_04__T_kills_last_3s,T_kills_last_3s,False,-3.1681017875671387,-0.0006835571257397532,0.0021655785519603676
91171,43.5,0.021163851022720337,9,lag_06__CT4__is_walking,CT4__is_walking,False,2.384641170501709,0.000867330702021718,0.0020682725004811386
91171,43.5,0.021163851022720337,10,lag_03__T5__duck_amount,T5__duck_amount,False,-3.7970333099365234,0.0005301015335135162,-0.0020128131803992533
91171,43.5,0.021163851022720337,11,lag_02__kill_diff_last_3s,kill_diff_last_3s,False,2.4069459438323975,0.0008022469701245427,0.0019309650906930986
91171,43.5,0.021163851022720337,12,lag_14__T2__is_walking,T2__is_walking,False,2.2968344688415527,0.0008073250064626336,0.0018542919024011062
91171,43.5,0.021163851022720337,13,lag_14__T4__is_walking,T4__is_walking,False,2.307980537414551,-0.0007831009570509195,-0.0018073817677042303
91171,43.5,0.021163851022720337,14,lag_09__CT4__is_walking,CT4__is_walking,False,2.384641170501709,0.0007208935567177832,0.0017190724548986347
91171,43.5,0.021163851022720337,15,lag_08__CT5__is_walking,CT5__is_walking,False,2.396676540374756,0.0006633211160078645,0.0015897661574712507
91171,43.5,0.021163851022720337,16,lag_10__T3__duck_amount,T3__duck_amount,False,3.7704498767852783,0.0004213540523778647,0.0015886943348710977
91171,43.5,0.021163851022720337,17,lag_02__bomb_events_last_5s,bomb_events_last_5s,False,2.0894012451171875,-0.0007214415818452835,-0.0015073809393868487
91171,43.5,0.021163851022720337,18,lag_07__CT4__is_walking,CT4__is_walking,False,-2.384641170501709,0.0005986127653159201,-0.0014274766453602206
91171,43.5,0.021163851022720337,19,lag_04__T_place_BOMBSITEB,T_place_BOMBSITEB,False,1.5607833862304688,-0.0008855140185914934,-0.0013820955684917813
91171,43.5,0.021163851022720337,20,lag_04__T_macro_B,T_macro_B,False,1.5607833862304688,-0.0008855140185914934,-0.0013820955684917813
90915,39.5,-0.019269943237304688,1,lag_02__T_kills_last_3s,T_kills_last_3s,False,3.1681017875671387,-0.0008460946846753359,-0.002680514082970986
90915,39.5,-0.019269943237304688,2,lag_02__kill_diff_last_3s,kill_diff_last_3s,False,-2.4069459438323975,0.0008022469701245427,-0.0019309650906930986
90915,39.5,-0.019269943237304688,3,lag_10__CT5__is_walking,CT5__is_walking,False,2.396676540374756,-0.0007865490624681115,-0.0018851036858710812
90915,39.5,-0.019269943237304688,4,lag_11__T5__is_walking,T5__is_walking,False,2.3193888664245605,0.0008092483039945364,0.001876961506457886
90915,39.5,-0.019269943237304688,5,lag_06__bomb_events_last_5s,bomb_events_last_5s,False,2.0894012451171875,0.0007767200004309416,0.0016228797360078318
90915,39.5,-0.019269943237304688,6,lag_08__T1__is_walking,T1__is_walking,False,2.281590461730957,0.0005800139624625444,0.0013233543244253188
90915,39.5,-0.019269943237304688,7,lag_07__T5__has_bomb,T5__has_bomb,False,-2.928872585296631,0.0004406485822983086,-0.0012906035524433424
90915,39.5,-0.019269943237304688,8,lag_09__T1__is_walking,T1__is_walking,False,-2.281590461730957,0.0005387863493524492,-0.0012292897955933912
90915,39.5,-0.019269943237304688,9,lag_02__CT2__alive,CT2__alive,False,-2.4212265014648438,0.0005048968596383929,-0.0012224696570628524
90915,39.5,-0.019269943237304688,10,lag_07__T2__duck_amount,T2__duck_amount,False,3.8233180046081543,-0.00029396728496067226,-0.0011239304133559141
90915,39.5,-0.019269943237304688,11,lag_07__CT2__is_walking,CT2__is_walking,False,-2.360051155090332,0.00046788144391030073,-0.0011042241421458376
90915,39.5,-0.019269943237304688,12,lag_02__CT2__hp,CT2__hp,False,-2.2260046005249023,0.00046454177936539054,-0.0010340721380033835
90915,39.5,-0.019269943237304688,13,lag_03__T_velocity_mean,T_velocity_mean,False,-0.9496071338653564,-0.0010220569092780352,0.0009705525322667996
90915,39.5,-0.019269943237304688,14,lag_02__CT2__armor,CT2__armor,False,-2.1760144233703613,0.00043945974903181195,-0.000956270752383942
90915,39.5,-0.019269943237304688,15,lag_05__CT5__is_walking,CT5__is_walking,False,-2.396676540374756,0.00039863071287982166,-0.0009553888778319336
90915,39.5,-0.019269943237304688,16,lag_02__CT2__molly,CT2__molly,True,-2.4656636714935303,0.00036398679367266595,-0.0008974690140621036
90915,39.5,-0.019269943237304688,17,lag_07__T3__is_walking,T3__is_walking,False,-2.3223767280578613,0.00034739202237688005,-0.000806775148281022
90915,39.5,-0.019269943237304688,18,lag_14__CT5__is_walking,CT5__is_walking,False,-2.396676540374756,0.0003250319859944284,-0.0007789965357042627
90915,39.5,-0.019269943237304688,19,lag_01__T3__smoke,T3__smoke,True,-2.173264503479004,0.00035450776340439916,-0.0007704391384145137
90915,39.5,-0.019269943237304688,20,lag_02__T_damage_last_5s,T_damage_last_5s,False,2.2299582958221436,0.00034513010177761316,0.0007696257335969292
88739,5.5,0.018926680088043213,1,lag_01__CT_place_CONNECTOR,CT_place_CONNECTOR,False,3.575894832611084,-0.0014062465634196997,-0.005028589819509599
88739,5.5,0.018926680088043213,2,lag_04__CT_place_ENTRANCE,CT_place_ENTRANCE,False,-8.872631072998047,-0.0005141369765624404,0.004561747714025177
88739,5.5,0.018926680088043213,3,lag_08__CT_place_ENTRANCE,CT_place_ENTRANCE,False,8.87263011932373,0.0005096931708976626,0.004522318979720219
88739,5.5,0.018926680088043213,4,lag_00__bomb_events_last_5s,bomb_events_last_5s,False,2.0894010066986084,0.001406742143444717,0.0029392484506787497
88739,5.5,0.018926680088043213,5,lag_05__CT_place_ENTRANCE,CT_place_ENTRANCE,False,-8.872629165649414,-0.00028864701744168997,0.0025610579455308535
88739,5.5,0.018926680088043213,6,lag_02__CT_place_CONNECTOR,CT_place_CONNECTOR,False,3.575894594192505,-0.0007026143721304834,-0.0025124749351033565
88739,5.5,0.018926680088043213,7,lag_03__bomb_events_last_5s,bomb_events_last_5s,False,2.0894012451171875,-0.0011432892642915249,-0.0023887900123398254
88739,5.5,0.018926680088043213,8,lag_02__CT_place_ENTRANCE,CT_place_ENTRANCE,False,-8.87263011932373,-0.0002431387547403574,0.0021572802384841605
88739,5.5,0.018926680088043213,9,lag_07__CT_place_ENTRANCE,CT_place_ENTRANCE,False,8.872631072998047,-0.00021486564946826547,-0.0019064236379920385
88739,5.5,0.018926680088043213,10,lag_10__T_velocity_mean,T_velocity_mean,False,2.891570568084717,-0.000568096642382443,-0.0016426915309408208
88739,5.5,0.018926680088043213,11,lag_11__T3__smoke,T3__smoke,True,1.5118021965026855,0.0007826915243640542,0.0011832747657176124
88739,5.5,0.018926680088043213,12,lag_11__T_velocity_mean,T_velocity_mean,False,-1.7359485626220703,-0.0006714737974107265,0.001165643973453534
88739,5.5,0.018926680088043213,13,lag_03__T_bomb_carrier_alive,T_bomb_carrier_alive,False,-2.123861789703369,-0.0005393453175202012,0.0011454949113365864
88739,5.5,0.018926680088043213,14,lag_10__CT_velocity_mean,CT_velocity_mean,False,3.495476722717285,-0.00027774207410402596,-0.000970840954949842
88739,5.5,0.018926680088043213,15,lag_01__bomb_events_last_5s,bomb_events_last_5s,False,2.0894012451171875,0.00041224207961931825,0.0008613391144463023
88739,5.5,0.018926680088043213,16,lag_11__CT_velocity_mean,CT_velocity_mean,False,-1.694637656211853,-0.0004908438422717154,0.0008318024584333603
88739,5.5,0.018926680088043213,17,lag_00__T_place_TSPAWN,T_place_TSPAWN,False,-1.8984103202819824,0.0004186201258562505,-0.0007947127672032483
88739,5.5,0.018926680088043213,18,lag_04__CT_macro_B,CT_macro_B,False,2.4505326747894287,0.0002920438419096172,0.0007156629770705553
88739,5.5,0.018926680088043213,19,lag_04__CT_place_BOMBSITEB,CT_place_BOMBSITEB,False,2.4505326747894287,0.0002920438419096172,0.0007156629770705553
88739,5.5,0.018926680088043213,20,lag_11__T_place_TSPAWN,T_place_TSPAWN,False,4.428390979766846,0.0001438229373889044,0.000636904198616596
90947,40.0,-0.01620224118232727,1,lag_15__CT5__is_walking,CT5__is_walking,False,-2.396676540374756,0.0013547196285799146,-0.003246824752602684
90947,40.0,-0.01620224118232727,2,lag_12__T4__is_walking,T4__is_walking,False,2.307980537414551,0.0010799213778227568,0.0024924375219528283
90947,40.0,-0.01620224118232727,3,lag_03__T_kills_last_3s,T_kills_last_3s,False,3.1681017875671387,-0.0006478170398622751,-0.002052350322004126
90947,40.0,-0.01620224118232727,4,lag_11__CT5__is_walking,CT5__is_walking,False,2.396676540374756,-0.0007906605605967343,-0.0018949576169817461
90947,40.0,-0.01620224118232727,5,lag_06__CT5__is_walking,CT5__is_walking,False,-2.396676540374756,0.0007474157609976828,-0.0017913138202894918
90947,40.0,-0.01620224118232727,6,lag_10__T1__is_walking,T1__is_walking,False,-2.281590461730957,-0.0007302900194190443,0.0016662227426038068
90947,40.0,-0.01620224118232727,7,lag_08__bomb_events_last_5s,bomb_events_last_5s,False,2.0894012451171875,-0.0006307293078862131,-0.0013178466012293555
90947,40.0,-0.01620224118232727,8,lag_03__CT2__alive,CT2__alive,False,-2.4212265014648438,0.0005254080169834197,-0.0012721318148023464
90947,40.0,-0.01620224118232727,9,lag_09__T1__is_walking,T1__is_walking,False,2.281590461730957,0.0005387863493524492,0.0012292897955933912
90947,40.0,-0.01620224118232727,10,lag_02__CT4__is_walking,CT4__is_walking,False,2.384641170501709,-0.0004725769395008683,-0.001126926426163466
90947,40.0,-0.01620224118232727,11,lag_07__T2__duck_amount,T2__duck_amount,False,-3.8233180046081543,-0.00029396728496067226,0.0011239304133559141
90947,40.0,-0.01620224118232727,12,lag_08__T5__has_bomb,T5__has_bomb,False,-2.928872585296631,0.00038267893251031637,-0.0011208178344000452
90947,40.0,-0.01620224118232727,13,lag_03__CT2__hp,CT2__hp,False,-2.2260046005249023,0.000484380783746019,-0.0010782338530244961
90947,40.0,-0.01620224118232727,14,lag_11__CT_walking_count,CT_walking_count,False,1.7948951721191406,-0.0005903180572204292,-0.001059559030919699
90947,40.0,-0.01620224118232727,15,lag_02__T_velocity_mean,T_velocity_mean,False,1.4122180938720703,-0.0007164162816479802,-0.0010117360356878269
90947,40.0,-0.01620224118232727,16,lag_03__CT2__armor,CT2__armor,False,-2.1760144233703613,0.00045942419092170894,-0.0009997136658908973
90947,40.0,-0.01620224118232727,17,lag_03__CT2__molly,CT2__molly,True,-2.4656636714935303,0.000395228125853464,-0.0009744996318693591
90947,40.0,-0.01620224118232727,18,lag_03__kill_diff_last_3s,kill_diff_last_3s,False,-2.4069459438323975,0.0003843429731205106,-0.0009250927601928971
90947,40.0,-0.01620224118232727,19,lag_02__T5__is_walking,T5__is_walking,False,-2.3193888664245605,0.0003944423224311322,-0.0009148651310934147
90947,40.0,-0.01620224118232727,20,lag_07__T3__has_bomb,T3__has_bomb,False,3.15621280670166,-0.00026803897344507277,-0.0008459880406825049
88803,6.5,0.01605170965194702,1,lag_04__CT_place_ENTRANCE,CT_place_ENTRANCE,False,-8.87263011932373,-0.0005141369765624404,0.0045617472237059475
88803,6.5,0.01605170965194702,2,lag_08__CT_place_ENTRANCE,CT_place_ENTRANCE,False,8.872629165649414,0.0005096931708976626,0.004522318493638933
88803,6.5,0.01605170965194702,3,lag_00__bomb_events_last_5s,bomb_events_last_5s,False,2.0894012451171875,0.001406742143444717,0.0029392487860722127
88803,6.5,0.01605170965194702,4,lag_10__CT_place_ENTRANCE,CT_place_ENTRANCE,False,8.87263011932373,-0.00032834388548508286,-0.002913273847850728
88803,6.5,0.01605170965194702,5,lag_03__bomb_events_last_5s,bomb_events_last_5s,False,2.0894012451171875,-0.0011432892642915249,-0.0023887900123398254
88803,6.5,0.01605170965194702,6,lag_01__T_place_TSTAIRS,T_place_TSTAIRS,False,11.337934494018555,-0.00021004248992539942,-0.002381447991734731
88803,6.5,0.01605170965194702,7,lag_09__CT_place_ENTRANCE,CT_place_ENTRANCE,False,8.872631072998047,0.00023034543846733868,0.002043770094868669
88803,6.5,0.01605170965194702,8,lag_07__CT_place_ENTRANCE,CT_place_ENTRANCE,False,-8.872629165649414,-0.00021486564946826547,0.0019064232281683358
88803,6.5,0.01605170965194702,9,lag_00__CT_place_CONNECTOR,CT_place_CONNECTOR,False,3.575894355773926,-0.00045775144826620817,-0.001636870820202474
88803,6.5,0.01605170965194702,10,lag_12__CT_velocity_mean,CT_velocity_mean,False,3.495476722717285,-0.0004530009173322469,-0.0015834541619044462
88803,6.5,0.01605170965194702,11,lag_02__bomb_events_last_5s,bomb_events_last_5s,False,2.0894010066986084,-0.0007214415818452835,-0.0015073807673817718
88803,6.5,0.01605170965194702,12,lag_05__bomb_events_last_5s,bomb_events_last_5s,False,2.0894012451171875,-0.000661213940475136,-0.0013815412305175911
88803,6.5,0.01605170965194702,13,lag_03__T_bomb_carrier_alive,T_bomb_carrier_alive,False,2.123861789703369,-0.0005393453175202012,-0.0011454949113365864
88803,6.5,0.01605170965194702,14,lag_02__T_place_TSTAIRS,T_place_TSTAIRS,False,5.668967247009277,-0.00019892057753168046,-0.0011276742387832661
88803,6.5,0.01605170965194702,15,lag_13__T3__has_bomb,T3__has_bomb,False,2.798933982849121,0.0003977746528107673,0.0011133449932680672
88803,6.5,0.01605170965194702,16,lag_13__CT2__molly,CT2__molly,True,1.9538549184799194,0.0005576825933530927,0.001089630877973577
88803,6.5,0.01605170965194702,17,lag_13__CT2__utility_total,CT2__utility_total,True,1.98095703125,0.0004899216582998633,0.0009705137537707742
88803,6.5,0.01605170965194702,18,lag_12__T3__smoke,T3__smoke,True,-2.173264503479004,0.0003608835395425558,-0.000784295386377698
88803,6.5,0.01605170965194702,19,lag_13__CT2__has_defuser,CT2__has_defuser,False,1.5125796794891357,0.0005081589333713055,0.0007686308765683103
88803,6.5,0.01605170965194702,20,lag_13__CT2__smoke,CT2__smoke,True,1.5045274496078491,0.0005074897781014442,0.0007635323015490192
91779,53.0,-0.015385554172098637,1,lag_01__CT_place_LONGDOG,CT_place_LONGDOG,False,-6.523001194000244,0.0008419861551374197,-0.0054922766952930635
91779,53.0,-0.015385554172098637,2,lag_03__T1__has_bomb,T1__has_bomb,False,-2.857499837875366,-0.0011377384653314948,0.0032510874802293144
91779,53.0,-0.015385554172098637,3,lag_07__T5__duck_amount,T5__duck_amount,False,-3.7970333099365234,-0.0007908621919341385,0.003002930086343336
91779,53.0,-0.015385554172098637,4,lag_00__kill_diff_last_3s,kill_diff_last_3s,False,-2.4069459438323975,0.001203693449497223,-0.0028972250658849674
91779,53.0,-0.015385554172098637,5,lag_00__T_damage_last_5s,T_damage_last_5s,False,2.3258702754974365,-0.0011741750640794635,-0.002730978879772722
91779,53.0,-0.015385554172098637,6,lag_00__T_kills_last_3s,T_kills_last_3s,False,3.1681017875671387,-0.0008257514564320445,-0.0026160646652085284
91779,53.0,-0.015385554172098637,7,lag_03__bomb_events_last_5s,bomb_events_last_5s,False,2.0894012451171875,-0.0011432892642915249,-0.0023887900123398254
91779,53.0,-0.015385554172098637,8,lag_00__T_flashed_players,T_flashed_players,False,-1.9296237230300903,0.0011920323595404625,-0.0023001739195888105
91779,53.0,-0.015385554172098637,9,lag_10__bomb_events_last_5s,bomb_events_last_5s,False,-2.0894012451171875,-0.0009470982477068901,0.0019788682580070827
91779,53.0,-0.015385554172098637,10,lag_00__CT_burning_players,CT_burning_players,False,-2.5675106048583984,0.0007096118060871959,-0.0018219358374615968
91779,53.0,-0.015385554172098637,11,lag_03__T5__is_scoped,T5__is_scoped,False,-4.76965856552124,-0.00029426347464323044,0.0014035363023521263
91779,53.0,-0.015385554172098637,12,lag_00__CT_place_BACKOFB,CT_place_BACKOFB,False,-5.709421634674072,-0.00023020234948489815,0.0013143222745018793
91779,53.0,-0.015385554172098637,13,lag_00__T1__duck_amount,T1__duck_amount,False,3.915480136871338,-0.0003204351814929396,-0.0012546575882903671
91779,53.0,-0.015385554172098637,14,lag_03__T_bomb_carrier_alive,T_bomb_carrier_alive,False,-2.123861789703369,-0.0005393453175202012,0.0011454949113365864
91779,53.0,-0.015385554172098637,15,lag_11__bomb_events_last_5s,bomb_events_last_5s,False,-2.0894012451171875,-0.0005411767051555216,0.001130735281580364
91779,53.0,-0.015385554172098637,16,lag_11__T_kills_last_3s,T_kills_last_3s,False,-3.1681017875671387,-0.00035100275999866426,0.0011120124713927676
91779,53.0,-0.015385554172098637,17,lag_02__T_velocity_mean,T_velocity_mean,False,1.4462435245513916,-0.0007164162816479802,-0.0010361124082165774
91779,53.0,-0.015385554172098637,18,lag_11__T5__is_scoped,T5__is_scoped,False,-4.76965856552124,0.0001927924604387954,-0.0009195542102998153
91779,53.0,-0.015385554172098637,19,lag_14__T_place_BACKOFB,T_place_BACKOFB,False,-2.685629367828369,-0.000298811006359756,0.0008024956141101103
91779,53.0,-0.015385554172098637,20,lag_12__damage_diff_last_5s,damage_diff_last_5s,False,-1.2182285785675049,0.0006579258479177952,-0.000801504070511716
89123,11.5,-0.015345394611358643,1,lag_01__CT_place_LONGDOG,CT_place_LONGDOG,False,6.523001194000244,0.0008419861551374197,0.0054922766952930635
89123,11.5,-0.015345394611358643,2,lag_08__T_place_TSTAIRS,T_place_TSTAIRS,False,-11.337933540344238,0.0003431770601309836,-0.0038909187003358103
89123,11.5,-0.015345394611358643,3,lag_02__T5__is_scoped,T5__is_scoped,False,4.76965856552124,-0.000631161907222122,-0.0030104267970127163
89123,11.5,-0.015345394611358643,4,lag_00__bomb_events_last_5s,bomb_events_last_5s,False,-2.0894012451171875,0.001406742143444717,-0.0029392487860722127
89123,11.5,-0.015345394611358643,5,lag_11__T_place_TSTAIRS,T_place_TSTAIRS,False,11.337934494018555,-0.00022220548999030143,-0.0025193512897213333
89123,11.5,-0.015345394611358643,6,lag_03__bomb_events_last_5s,bomb_events_last_5s,False,-2.0894010066986084,-0.0011432892642915249,0.0023887897397584235
89123,11.5,-0.015345394611358643,7,lag_00__T_flashed_players,T_flashed_players,False,-1.9296237230300903,0.0011920323595404625,-0.0023001739195888105
89123,11.5,-0.015345394611358643,8,lag_10__bomb_events_last_5s,bomb_events_last_5s,False,2.0894012451171875,-0.0009470982477068901,-0.0019788682580070827
89123,11.5,-0.015345394611358643,9,lag_12__T_place_TSTAIRS,T_place_TSTAIRS,False,5.668967247009277,-0.00032671517692506313,-0.0018521376370890241
89123,11.5,-0.015345394611358643,10,lag_10__T5__has_bomb,T5__has_bomb,False,2.928872585296631,0.0005858885706402361,0.0017159929725868162
89123,11.5,-0.015345394611358643,11,lag_05__CT_place_ELECTRICALBOX,CT_place_ELECTRICALBOX,False,11.624896049499512,0.00014609392383135855,0.0016983266780030426
89123,11.5,-0.015345394611358643,12,lag_02__bomb_events_last_5s,bomb_events_last_5s,False,-2.0894012451171875,-0.0007214415818452835,0.0015073809393868487
89123,11.5,-0.015345394611358643,13,lag_00__CT3__is_walking,CT3__is_walking,False,2.387126922607422,-0.0006176152965053916,-0.0014743261021021858
89123,11.5,-0.015345394611358643,14,lag_05__bomb_events_last_5s,bomb_events_last_5s,False,-2.0894012451171875,-0.000661213940475136,0.0013815412305175911
89123,11.5,-0.015345394611358643,15,lag_08__CT_place_CONNECTOR,CT_place_CONNECTOR,False,-3.575894355773926,-0.00034727773163467646,0.0012418284804384117
89123,11.5,-0.015345394611358643,16,lag_00__T_place_DUMPSTER,T_place_DUMPSTER,False,-9.093055725097656,0.00012560730101540685,-0.0011421541876122099
89123,11.5,-0.015345394611358643,17,lag_14__CT_place_ENTRANCE,CT_place_ENTRANCE,False,-8.87263011932373,0.0001262287696590647,-0.001119981183602195
89123,11.5,-0.015345394611358643,18,lag_13__CT_place_TUNNELS,CT_place_TUNNELS,False,3.060441493988037,-0.0003436715924181044,-0.0010517868017413112
89123,11.5,-0.015345394611358643,19,lag_05__T_place_DUMPSTER,T_place_DUMPSTER,False,9.093055725097656,-0.00011292973067611456,-0.00102687633405818
89123,11.5,-0.015345394611358643,20,lag_02__T_scoped_count,T_scoped_count,False,2.8811259269714355,-0.00035292826942168176,-0.0010168307873919674
89027,10.0,-0.014898300170898438,1,lag_05__T_place_TSTAIRS,T_place_TSTAIRS,False,-11.337933540344238,0.0006386117893271148,-0.007240538025471144
89027,10.0,-0.014898300170898438,2,lag_08__T_place_TSTAIRS,T_place_TSTAIRS,False,11.337934494018555,0.0003431770601309836,0.0038909190276149586
89027,10.0,-0.014898300170898438,3,lag_02__CT_place_ELECTRICALBOX,CT_place_ELECTRICALBOX,False,11.624896049499512,0.0003031405503861606,0.003523977386627186
89027,10.0,-0.014898300170898438,4,lag_00__bomb_events_last_5s,bomb_events_last_5s,False,-2.0894010066986084,0.001406742143444717,-0.0029392484506787497
89027,10.0,-0.014898300170898438,5,lag_11__CT_place_ENTRANCE,CT_place_ENTRANCE,False,-8.87263011932373,0.00032038611243478954,-0.002842667471001953
89027,10.0,-0.014898300170898438,6,lag_06__T_place_TSTAIRS,T_place_TSTAIRS,False,-5.668967247009277,0.00044994911877438426,-0.0025507468171526715
89027,10.0,-0.014898300170898438,7,lag_13__CT_place_ENTRANCE,CT_place_ENTRANCE,False,-8.872631072998047,0.0002718393807299435,-0.0024119305363290433
89027,10.0,-0.014898300170898438,8,lag_15__CT_place_ENTRANCE,CT_place_ENTRANCE,False,8.872629165649414,0.00025220736279152334,0.002237742402895593
89027,10.0,-0.014898300170898438,9,lag_10__bomb_events_last_5s,bomb_events_last_5s,False,2.0894012451171875,-0.0009470982477068901,-0.0019788682580070827
89027,10.0,-0.014898300170898438,10,lag_09__bomb_events_last_5s,bomb_events_last_5s,False,2.0894010066986084,-0.0009250841103494167,-0.0019328716714449579
89027,10.0,-0.014898300170898438,11,lag_12__T3__has_bomb,T3__has_bomb,False,-3.15621280670166,0.0005956401000730693,-0.00187996691203568
89027,10.0,-0.014898300170898438,12,lag_00__CT_place_CONNECTOR,CT_place_CONNECTOR,False,-3.575894594192505,-0.00045775144826620817,0.0016368709293389239
89027,10.0,-0.014898300170898438,13,lag_02__bomb_events_last_5s,bomb_events_last_5s,False,-2.0894012451171875,-0.0007214415818452835,0.0015073809393868487
89027,10.0,-0.014898300170898438,14,lag_01__CT_place_ELECTRICALBOX,CT_place_ELECTRICALBOX,False,-11.624896049499512,0.00012766002328135073,-0.0014840345003223898
89027,10.0,-0.014898300170898438,15,lag_11__CT_place_CONNECTOR,CT_place_CONNECTOR,False,3.575894594192505,-0.000407850748160854,-0.0014584312855857665
89027,10.0,-0.014898300170898438,16,lag_07__T5__has_bomb,T5__has_bomb,False,2.928872585296631,0.0004406485822983086,0.0012906035524433424
89027,10.0,-0.014898300170898438,17,lag_14__CT_place_ENTRANCE,CT_place_ENTRANCE,False,-8.872629165649414,0.0001262287696590647,-0.0011199810632210594
89027,10.0,-0.014898300170898438,18,lag_10__CT_place_CONNECTOR,CT_place_CONNECTOR,False,3.575894832611084,-0.0002647607761900872,-0.0009467566914562325
89027,10.0,-0.014898300170898438,19,lag_05__CT_place_CONNECTOR,CT_place_CONNECTOR,False,-3.575894355773926,-0.0002570248325355351,0.0009190936479575584
89027,10.0,-0.014898300170898438,20,lag_12__T_bomb_carrier_alive,T_bomb_carrier_alive,False,-2.123861789703369,0.0004224646254442632,-0.0008972564754824164
88931,8.5,0.014430522918701172,1,lag_05__T_place_TSTAIRS,T_place_TSTAIRS,False,11.337934494018555,0.0006386117893271148,0.007240538634498805
88931,8.5,0.014430522918701172,2,lag_08__CT_place_ENTRANCE,CT_place_ENTRANCE,False,-8.87263011932373,0.0005096931708976626,-0.004522318979720219
88931,8.5,0.014430522918701172,3,lag_04__bomb_events_last_5s,bomb_events_last_5s,False,2.0894012451171875,-0.0015195802552625537,-0.0031750128774010733
88931,8.5,0.014430522918701172,4,lag_10__CT_place_ENTRANCE,CT_place_ENTRANCE,False,-8.872631072998047,-0.00032834388548508286,0.0029132741609838586
88931,8.5,0.014430522918701172,5,lag_11__CT_place_ENTRANCE,CT_place_ENTRANCE,False,-8.872629165649414,0.00032038611243478954,-0.002842667165457946
88931,8.5,0.014430522918701172,6,lag_06__T_place_TSTAIRS,T_place_TSTAIRS,False,5.668967247009277,0.00044994911877438426,0.0025507468171526715
88931,8.5,0.014430522918701172,7,lag_02__CT_place_CONNECTOR,CT_place_CONNECTOR,False,-3.575894355773926,-0.0007026143721304834,0.0025124747675870363
88931,8.5,0.014430522918701172,8,lag_12__CT_place_ENTRANCE,CT_place_ENTRANCE,False,8.872629165649414,0.00027652777498587966,0.0024535284014518544
88931,8.5,0.014430522918701172,9,lag_13__CT_place_ENTRANCE,CT_place_ENTRANCE,False,8.872631072998047,0.0002718393807299435,0.0024119305363290433
88931,8.5,0.014430522918701172,10,lag_02__T_place_TSTAIRS,T_place_TSTAIRS,False,-11.337933540344238,-0.00019892057753168046,0.0022553482878610864
88931,8.5,0.014430522918701172,11,lag_09__bomb_events_last_5s,bomb_events_last_5s,False,2.0894012451171875,-0.0009250841103494167,-0.001932871892002197
88931,8.5,0.014430522918701172,12,lag_09__T3__has_bomb,T3__has_bomb,False,-3.15621280670166,-0.0005324489320628345,0.0016805221382913405
88931,8.5,0.014430522918701172,13,lag_02__T_place_TSIDEUPPER,T_place_TSIDEUPPER,False,5.044445991516113,0.0003307448059786111,0.0016684243107335794
88931,8.5,0.014430522918701172,14,lag_00__CT_place_CONNECTOR,CT_place_CONNECTOR,False,-3.575894832611084,-0.00045775144826620817,0.0016368710384753737
88931,8.5,0.014430522918701172,15,lag_06__bomb_events_last_5s,bomb_events_last_5s,False,2.0894010066986084,0.0007767200004309416,0.0016228795508233529
88931,8.5,0.014430522918701172,16,lag_08__CT_place_CONNECTOR,CT_place_CONNECTOR,False,3.575894594192505,-0.00034727773163467646,-0.001241828563235875
88931,8.5,0.014430522918701172,17,lag_14__CT_place_ENTRANCE,CT_place_ENTRANCE,False,8.87263011932373,0.0001262287696590647,0.001119981183602195
88931,8.5,0.014430522918701172,18,lag_04__T5__has_bomb,T5__has_bomb,False,2.928872585296631,0.0003059699374716729,0.0008961469617857071
88931,8.5,0.014430522918701172,19,lag_02__T_velocity_mean,T_velocity_mean,False,-0.844872236251831,-0.0007164162816479802,0.0006052802259631507
88931,8.5,0.014430522918701172,20,lag_04__T_bomb_carrier_alive,T_bomb_carrier_alive,False,2.123861789703369,0.0002838592336047441,0.0006028777799075985
89347,15.0,0.014391958713531494,1,lag_05__T5__duck_amount,T5__duck_amount,False,3.7970333099365234,0.0014751291600987315,0.00560111455735357
89347,15.0,0.014391958713531494,2,lag_01__T_place_BACKOFB,T_place_BACKOFB,False,5.371258735656738,-0.0007260445272549987,-0.0038997730094941785
89347,15.0,0.014391958713531494,3,lag_04__T5__duck_amount,T5__duck_amount,False,-3.7970333099365234,0.0007466314127668738,-0.0028349843445207856
89347,15.0,0.014391958713531494,4,lag_06__CT4__is_walking,CT4__is_walking,False,2.384641170501709,0.000867330702021718,0.0020682725004811386
89347,15.0,0.014391958713531494,5,lag_12__CT_place_ELECTRICALBOX,CT_place_ELECTRICALBOX,False,11.624896049499512,0.00017087596643250436,0.001986415347135631
89347,15.0,0.014391958713531494,6,lag_10__bomb_events_last_5s,bomb_events_last_5s,False,-2.0894010066986084,-0.0009470982477068901,0.001978868032201264
89347,15.0,0.014391958713531494,7,lag_01__T_place_TSIDEUPPER,T_place_TSIDEUPPER,False,-5.044445991516113,0.0003913661348633468,-0.0019742253302265644
89347,15.0,0.014391958713531494,8,lag_09__bomb_events_last_5s,bomb_events_last_5s,False,-2.0894012451171875,-0.0009250841103494167,0.001932871892002197
89347,15.0,0.014391958713531494,9,lag_11__CT_place_ELECTRICALBOX,CT_place_ELECTRICALBOX,False,-11.624896049499512,-0.00014536436356138438,0.001689845615702748
89347,15.0,0.014391958713531494,10,lag_07__CT3__is_walking,CT3__is_walking,False,2.387126922607422,-0.0006638700142502785,-0.0015847419841286126
89347,15.0,0.014391958713531494,11,lag_09__T5__is_scoped,T5__is_scoped,False,4.76965856552124,0.0002977944095619023,0.0014203776563312676
89347,15.0,0.014391958713531494,12,lag_06__CT3__is_scoped,CT3__is_scoped,False,4.548114776611328,0.0003111197438556701,0.0014150083043255046
89347,15.0,0.014391958713531494,13,lag_05__CT_place_BACKOFB,CT_place_BACKOFB,False,-5.709421634674072,0.00020903766562696546,-0.0011934841705923613
89347,15.0,0.014391958713531494,14,lag_01__T_place_TSTAIRS,T_place_TSTAIRS,False,5.668966770172119,-0.00021004248992539942,-0.0011907238957113014
89347,15.0,0.014391958713531494,15,lag_10__CT_place_CONNECTOR,CT_place_CONNECTOR,False,-3.575894594192505,-0.0002647607761900872,0.0009467566283323445
89347,15.0,0.014391958713531494,16,lag_10__T_A_site_active_infernos,T_A_site_active_infernos,True,5.952910423278809,-0.00015465183241758496,-0.000920628505177809
89347,15.0,0.014391958713531494,17,lag_06__T_utility_damage_last_5s,T_utility_damage_last_5s,True,5.996406555175781,0.00015283563698176295,0.0009164646154619094
89347,15.0,0.014391958713531494,18,lag_12__T_place_DUMPSTER,T_place_DUMPSTER,False,9.093055725097656,9.50318353716284e-05,0.0008641297746925236
89347,15.0,0.014391958713531494,19,lag_06__T2__flash_duration,T2__flash_duration,True,6.246918201446533,0.0001344985794275999,0.0008402016238949761
89347,15.0,0.014391958713531494,20,lag_09__CT_place_BACKOFB,CT_place_BACKOFB,False,5.709421634674072,-0.00014586022007279098,-0.0008327774961219142
89955,24.5,0.014310359954833984,1,lag_11__CT4__is_walking,CT4__is_walking,False,-2.384641170501709,-0.0005822545499540865,0.0013884681715324587
89955,24.5,0.014310359954833984,2,lag_00__CT_place_BACKOFB,CT_place_BACKOFB,False,-5.709421634674072,-0.00023020234948489815,0.0013143222745018793
89955,24.5,0.014310359954833984,3,lag_07__CT2__is_walking,CT2__is_walking,False,2.360051155090332,0.00046788144391030073,0.0011042241421458376
89955,24.5,0.014310359954833984,4,lag_04__CT2__is_walking,CT2__is_walking,False,2.360051155090332,0.00031794121605344117,0.0007503575341977486
89955,24.5,0.014310359954833984,5,lag_10__T4__is_walking,T4__is_walking,False,2.307980537414551,0.00030948067433200777,0.0007142753730642049
89955,24.5,0.014310359954833984,6,lag_14__CT1__is_walking,CT1__is_walking,False,2.3343825340270996,0.00027582611073739827,0.0006438836553340072
89955,24.5,0.014310359954833984,7,lag_15__T2__is_walking,T2__is_walking,False,2.2968344688415527,0.0002757746260613203,0.0006334086667695304
89955,24.5,0.014310359954833984,8,lag_07__T2__is_walking,T2__is_walking,False,2.2968344688415527,0.00023575712111778557,0.0005414950820581826
89955,24.5,0.014310359954833984,9,lag_11__CT_walking_count,CT_walking_count,False,-0.8974476456642151,-0.0005903180572204292,0.0005297795506455476
89955,24.5,0.014310359954833984,10,lag_14__T_active_infernos,T_active_infernos,True,2.082643508911133,0.0002529331250116229,0.0005267695309940645
89955,24.5,0.014310359954833984,11,lag_08__CT4__is_walking,CT4__is_walking,False,2.384641170501709,-0.00021915120305493474,-0.0005225969813697773
89955,24.5,0.014310359954833984,12,lag_12__T2__is_walking,T2__is_walking,False,-2.2968344688415527,-0.0002044595603365451,0.000469609765665166
89955,24.5,0.014310359954833984,13,lag_00__T2__is_walking,T2__is_walking,False,2.2968344688415527,0.00020105449948459864,0.00046178890453191235
89955,24.5,0.014310359954833984,14,lag_02__T2__duck_amount,T2__duck_amount,False,1.335990309715271,0.00032444120733998716,0.0004334503090785459
89955,24.5,0.014310359954833984,15,lag_14__T2__flash_duration,T2__flash_duration,True,-6.246918201446533,-6.88109066686593e-05,0.0004298561053264864
89955,24.5,0.014310359954833984,16,lag_02__T2__is_walking,T2__is_walking,False,-2.2968344688415527,0.00018641087808646262,-0.0004281549301560078
89955,24.5,0.014310359954833984,17,lag_08__CT2__duck_amount,CT2__duck_amount,False,3.8097944259643555,0.00010555086191743612,0.0004021270853887815
89955,24.5,0.014310359954833984,18,lag_06__T4__is_walking,T4__is_walking,False,2.307980537414551,0.00017399576609022915,0.00040157884172878355
89955,24.5,0.014310359954833984,19,lag_06__CT2__is_walking,CT2__is_walking,False,-2.360051155090332,0.00016441629850305617,-0.00038803087519781454
89955,24.5,0.014310359954833984,20,lag_15__T5__flash_duration,T5__flash_duration,True,-5.611483097076416,-6.903679604874924e-05,0.00038739881410386826
89315,14.5,-0.014005720615386963,1,lag_00__T_place_BACKOFB,T_place_BACKOFB,False,5.371258735656738,-0.0007045218953862786,-0.003784169385054992
89315,14.5,-0.014005720615386963,2,lag_04__T5__duck_amount,T5__duck_amount,False,3.7970333099365234,0.0007466314127668738,0.0028349843445207856
89315,14.5,-0.014005720615386963,3,lag_03__T5__duck_amount,T5__duck_amount,False,-3.7970333099365234,0.0005301015335135162,-0.0020128131803992533
89315,14.5,-0.014005720615386963,4,lag_11__T_place_DUMPSTER,T_place_DUMPSTER,False,9.093055725097656,-0.00021654905867762864,-0.0019690926577731194
89315,14.5,-0.014005720615386963,5,lag_09__bomb_events_last_5s,bomb_events_last_5s,False,-2.0894010066986084,-0.0009250841103494167,0.0019328716714449579
89315,14.5,-0.014005720615386963,6,lag_14__T_place_TSTAIRS,T_place_TSTAIRS,False,-11.337933540344238,0.00014950173499528319,-0.0016950407355426772
89315,14.5,-0.014005720615386963,7,lag_11__CT_place_ELECTRICALBOX,CT_place_ELECTRICALBOX,False,11.624896049499512,-0.00014536436356138438,-0.001689845615702748
89315,14.5,-0.014005720615386963,8,lag_06__bomb_events_last_5s,bomb_events_last_5s,False,-2.0894012451171875,0.0007767200004309416,-0.0016228797360078318
89315,14.5,-0.014005720615386963,9,lag_06__T_place_DUMPSTER,T_place_DUMPSTER,False,-9.093055725097656,-0.0001586561556905508,0.001442669264823948
89315,14.5,-0.014005720615386963,10,lag_00__T_place_TSIDEUPPER,T_place_TSIDEUPPER,False,-5.044445991516113,0.00027664389926940203,-0.0013955152087469225
89315,14.5,-0.014005720615386963,11,lag_08__bomb_events_last_5s,bomb_events_last_5s,False,-2.0894012451171875,-0.0006307293078862131,0.0013178466012293555
89315,14.5,-0.014005720615386963,12,lag_09__T_A_site_active_infernos,T_A_site_active_infernos,True,5.952910423278809,-0.00020994922670070082,-0.0012498089399859275
89315,14.5,-0.014005720615386963,13,lag_11__bomb_events_last_5s,bomb_events_last_5s,False,-2.0894012451171875,-0.0005411767051555216,0.001130735281580364
89315,14.5,-0.014005720615386963,14,lag_02__T_place_TSTAIRS,T_place_TSTAIRS,False,5.668967247009277,-0.00019892057753168046,-0.0011276742387832661
89315,14.5,-0.014005720615386963,15,lag_10__CT_place_ELECTRICALBOX,CT_place_ELECTRICALBOX,False,-11.624896049499512,8.681257895659655e-05,-0.0010091872061594037
89315,14.5,-0.014005720615386963,16,lag_12__CT_place_CONNECTOR,CT_place_CONNECTOR,False,-3.575894832611084,-0.000251975521678105,0.0009010379659132178
89315,14.5,-0.014005720615386963,17,lag_05__CT3__is_scoped,CT3__is_scoped,False,4.548114776611328,-0.00019367103232070804,-0.0008808380838993823
89315,14.5,-0.014005720615386963,18,lag_09__T_active_infernos,T_active_infernos,True,6.247930526733398,-0.00013320226571522653,-0.0008322385021922174
89315,14.5,-0.014005720615386963,19,lag_14__T_place_TSIDEUPPER,T_place_TSIDEUPPER,False,5.044445991516113,-0.00016033365682233125,-0.000808794472462529
89315,14.5,-0.014005720615386963,20,lag_14__CT_place_CONNECTOR,CT_place_CONNECTOR,False,-3.575894355773926,-0.00020988128380849957,0.0007505132981533991
89059,10.5,-0.01321101188659668,1,lag_00__CT_place_LONGDOG,CT_place_LONGDOG,False,6.523001194000244,0.0018211272545158863,0.011879215255633513
89059,10.5,-0.01321101188659668,2,lag_06__T_place_TSTAIRS,T_place_TSTAIRS,False,-11.337933540344238,0.00044994911877438426,-0.005101493205200425
89059,10.5,-0.01321101188659668,3,lag_01__CT_place_CONNECTOR,CT_place_CONNECTOR,False,-3.575894594192505,-0.0014062465634196997,0.0050285894842342915
89059,10.5,-0.01321101188659668,4,lag_07__T_place_TSTAIRS,T_place_TSTAIRS,False,-5.668967247009277,0.0006948263035155833,-0.003938947556990369
89059,10.5,-0.01321101188659668,5,lag_00__CT_burning_players,CT_burning_players,False,5.135021209716797,0.0007096118060871959,0.0036438716749231936
89059,10.5,-0.01321101188659668,6,lag_02__CT_place_ELECTRICALBOX,CT_place_ELECTRICALBOX,False,-11.624896049499512,0.0003031405503861606,-0.003523977386627186
89059,10.5,-0.01321101188659668,7,lag_00__T5__is_scoped,T5__is_scoped,False,4.76965856552124,0.0006973732961341739,0.003326232515272143
89059,10.5,-0.01321101188659668,8,lag_00__bomb_events_last_5s,bomb_events_last_5s,False,-2.0894012451171875,0.001406742143444717,-0.0029392487860722127
89059,10.5,-0.01321101188659668,9,lag_12__CT_place_ENTRANCE,CT_place_ENTRANCE,False,-8.87263011932373,0.00027652777498587966,-0.002453528665169291
89059,10.5,-0.01321101188659668,10,lag_03__bomb_events_last_5s,bomb_events_last_5s,False,-2.0894012451171875,-0.0011432892642915249,0.0023887900123398254
89059,10.5,-0.01321101188659668,11,lag_03__T_place_DUMPSTER,T_place_DUMPSTER,False,9.093055725097656,-0.000259343592915684,-0.0023582257423293562
89059,10.5,-0.01321101188659668,12,lag_15__CT_place_ENTRANCE,CT_place_ENTRANCE,False,-8.872629165649414,0.00025220736279152334,-0.002237742402895593
89059,10.5,-0.01321101188659668,13,lag_10__bomb_events_last_5s,bomb_events_last_5s,False,2.0894010066986084,-0.0009470982477068901,-0.001978868032201264
89059,10.5,-0.01321101188659668,14,lag_01__T_A_site_active_infernos,T_A_site_active_infernos,True,5.952910423278809,0.00033097376581281424,0.0019702571803389413
89059,10.5,-0.01321101188659668,15,lag_10__T_place_TSTAIRS,T_place_TSTAIRS,False,5.668967247009277,-0.00031488449894823134,-0.0017850699111284507
89059,10.5,-0.01321101188659668,16,lag_03__CT_place_ELECTRICALBOX,CT_place_ELECTRICALBOX,False,11.624896049499512,-0.00013443833449855447,-0.0015628316636135398
89059,10.5,-0.01321101188659668,17,lag_01__T_active_infernos,T_active_infernos,True,6.247930526733398,0.00023371334827970713,0.0014602247632218568
89059,10.5,-0.01321101188659668,18,lag_11__CT_place_CONNECTOR,CT_place_CONNECTOR,False,3.575894832611084,-0.000407850748160854,-0.0014584313828249623
89059,10.5,-0.01321101188659668,19,lag_08__bomb_events_last_5s,bomb_events_last_5s,False,2.0894012451171875,-0.0006307293078862131,-0.0013178466012293555
89059,10.5,-0.01321101188659668,20,lag_00__CT_place_BACKOFB,CT_place_BACKOFB,False,5.709421634674072,-0.00023020234948489815,-0.0013143222745018793
89507,17.5,-0.01183849573135376,1,lag_06__T_place_BACKOFB,T_place_BACKOFB,False,5.371258735656738,0.0007487287512049079,0.004021615845546722
89507,17.5,-0.01183849573135376,2,lag_14__CT_place_LONGDOG,CT_place_LONGDOG,False,6.523001194000244,-0.0005753655568696558,-0.0037531102144473805
89507,17.5,-0.01183849573135376,3,lag_05__T_place_TSTAIRS,T_place_TSTAIRS,False,-5.668966770172119,0.0006386117893271148,-0.003620269012735572
89507,17.5,-0.01183849573135376,4,lag_04__CT_shots_fired_sum,CT_shots_fired_sum,False,-6.9474101066589355,0.00041915892506949604,-0.0029120689523241122
89507,17.5,-0.01183849573135376,5,lag_01__T5__flash_duration,T5__flash_duration,True,-5.611483097076416,0.00048301383503712714,-0.0027104239709648953
89507,17.5,-0.01183849573135376,6,lag_06__T_place_TSTAIRS,T_place_TSTAIRS,False,5.668966770172119,0.00044994911877438426,0.0025507466026002124
89507,17.5,-0.01183849573135376,7,lag_13__CT_place_LONGDOG,CT_place_LONGDOG,False,6.523001194000244,-0.0003718114166986197,-0.0024253263150680188
89507,17.5,-0.01183849573135376,8,lag_00__T_flashed_players,T_flashed_players,False,-1.9296237230300903,0.0011920323595404625,-0.0023001739195888105
89507,17.5,-0.01183849573135376,9,lag_01__T_A_site_active_infernos,T_A_site_active_infernos,True,-5.952910423278809,0.00033097376581281424,-0.0019702571803389413
89507,17.5,-0.01183849573135376,10,lag_08__T_place_TSTAIRS,T_place_TSTAIRS,False,5.668967247009277,0.0003431770601309836,0.0019454595138074793
89507,17.5,-0.01183849573135376,11,lag_14__CT_place_BACKOFB,CT_place_BACKOFB,False,5.709421634674072,0.00028581847436726093,0.0016318581811419763
89507,17.5,-0.01183849573135376,12,lag_01__T_active_infernos,T_active_infernos,True,-6.247930526733398,0.00023371334827970713,-0.0014602247632218568
89507,17.5,-0.01183849573135376,13,lag_11__CT4__is_walking,CT4__is_walking,False,2.384641170501709,-0.0005822545499540865,-0.0013884681715324587
89507,17.5,-0.01183849573135376,14,lag_01__T_place_TSTAIRS,T_place_TSTAIRS,False,-5.668967247009277,-0.00021004248992539942,0.0011907239958673654
89507,17.5,-0.01183849573135376,15,lag_14__CT_burning_players,CT_burning_players,False,5.135021209716797,-0.00023104980937205255,-0.0011864456716265126
89507,17.5,-0.01183849573135376,16,lag_01__T_B_site_active_infernos,T_B_site_active_infernos,True,-2.8273046016693115,0.0003963064809795469,-0.0011204791373448444
89507,17.5,-0.01183849573135376,17,lag_01__T_place_TSIDEUPPER,T_place_TSIDEUPPER,False,2.5222225189208984,0.0003913661348633468,0.0009871124784953667
89507,17.5,-0.01183849573135376,18,lag_01__active_infernos_total,active_infernos_total,True,-4.310336589813232,0.00022056454326957464,-0.0009507074212702915
89507,17.5,-0.01183849573135376,19,lag_10__T5__duck_amount,T5__duck_amount,False,3.7970333099365234,-0.00024185671645682305,-0.0009183380086184301
89507,17.5,-0.01183849573135376,20,lag_11__T_utility_damage_last_5s,T_utility_damage_last_5s,True,5.996406555175781,0.00014812879089731723,0.0008882404527469356
91363,46.5,-0.011687450110912323,1,lag_01__T5__is_scoped,T5__is_scoped,False,4.76965856552124,-0.0009905442129820585,-0.004724557689977371
91363,46.5,-0.011687450110912323,2,lag_10__bomb_events_last_5s,bomb_events_last_5s,False,-4.178802490234375,-0.0009470982477068901,0.003957736516014165
91363,46.5,-0.011687450110912323,3,lag_01__CT3__is_scoped,CT3__is_scoped,False,-4.548114776611328,-0.0007493767188861966,0.003408251328414824
91363,46.5,-0.011687450110912323,4,lag_14__T1__is_walking,T1__is_walking,False,2.281590461730957,0.0011821426451206207,0.002697165383512612
91363,46.5,-0.011687450110912323,5,lag_03__T_flashed_players,T_flashed_players,False,-1.9296237230300903,-0.0011743403738364577,0.0022660350442668536
91363,46.5,-0.011687450110912323,6,lag_04__T_kills_last_3s,T_kills_last_3s,False,3.1681017875671387,-0.0006835571257397532,-0.0021655785519603676
91363,46.5,-0.011687450110912323,7,lag_01__T_place_BACKOFB,T_place_BACKOFB,False,-2.685629367828369,-0.0007260445272549987,0.0019498865047470892
91363,46.5,-0.011687450110912323,8,lag_02__kill_diff_last_3s,kill_diff_last_3s,False,-2.4069459438323975,0.0008022469701245427,-0.0019309650906930986
91363,46.5,-0.011687450110912323,9,lag_11__CT5__is_walking,CT5__is_walking,False,-2.396676540374756,-0.0007906605605967343,0.0018949576169817461
91363,46.5,-0.011687450110912323,10,lag_08__T3__has_bomb,T3__has_bomb,False,-3.15621280670166,-0.0005684243515133858,0.0017940682178876344
91363,46.5,-0.011687450110912323,11,lag_01__T_scoped_count,T_scoped_count,False,2.8811259269714355,-0.00057224091142416,-0.0016486981263779121
91363,46.5,-0.011687450110912323,12,lag_01__T4__flash_duration,T4__flash_duration,True,-2.2990400791168213,-0.0007170630851760507,0.0016485567720748995
91363,46.5,-0.011687450110912323,13,lag_07__CT3__is_walking,CT3__is_walking,False,-2.387126922607422,-0.0006638700142502785,0.0015847419841286126
91363,46.5,-0.011687450110912323,14,lag_04__T_velocity_mean,T_velocity_mean,False,2.194955348968506,-0.000624043052084744,-0.0013697466351600407
91363,46.5,-0.011687450110912323,15,lag_08__bomb_events_last_5s,bomb_events_last_5s,False,2.0894012451171875,-0.0006307293078862131,-0.0013178466012293555
91363,46.5,-0.011687450110912323,16,lag_13__T1__is_walking,T1__is_walking,False,-2.281590461730957,0.0005743312649428844,-0.0013103887359675603
91363,46.5,-0.011687450110912323,17,lag_06__T_damage_last_5s,T_damage_last_5s,False,-2.2299582958221436,-0.0005222397157922387,0.0011645727866387012
91363,46.5,-0.011687450110912323,18,lag_05__T5__is_scoped,T5__is_scoped,False,4.76965856552124,-0.00024125359777826816,-0.0011506972891059328
91363,46.5,-0.011687450110912323,19,lag_04__T5__is_scoped,T5__is_scoped,False,-4.76965856552124,-0.00022739746782463044,0.0010846082801875892
91363,46.5,-0.011687450110912323,20,lag_04__T_damage_last_5s,T_damage_last_5s,False,2.3258702754974365,-0.00044596323277801275,-0.001037252627083124
91427,47.5,-0.010981911793351173,1,lag_07__CT3__is_scoped,CT3__is_scoped,False,4.548114776611328,0.001533360336907208,0.006973898806157397
91427,47.5,-0.010981911793351173,2,lag_03__CT3__is_scoped,CT3__is_scoped,False,-4.548114776611328,-0.000869983690790832,0.003956785679496644
91427,47.5,-0.010981911793351173,3,lag_12__T_kills_last_3s,T_kills_last_3s,False,-3.1681017875671387,-0.001074817730113864,0.0034051319720825868
91427,47.5,-0.010981911793351173,4,lag_00__T5__is_scoped,T5__is_scoped,False,-4.76965856552124,0.0006973732961341739,-0.003326232515272143
91427,47.5,-0.010981911793351173,5,lag_00__bomb_events_last_5s,bomb_events_last_5s,False,-2.0894012451171875,0.001406742143444717,-0.0029392487860722127
91427,47.5,-0.010981911793351173,6,lag_00__kill_diff_last_3s,kill_diff_last_3s,False,2.4069459438323975,0.001203693449497223,0.0028972250658849674
91427,47.5,-0.010981911793351173,7,lag_04__CT_kills_last_3s,CT_kills_last_3s,False,-2.8871407508850098,-0.0009262583334930241,0.0026742381804745474
91427,47.5,-0.010981911793351173,8,lag_00__T_kills_last_3s,T_kills_last_3s,False,-3.1681017875671387,-0.0008257514564320445,0.0026160646652085284
91427,47.5,-0.010981911793351173,9,lag_03__T_flashed_players,T_flashed_players,False,-1.9296237230300903,-0.0011743403738364577,0.0022660350442668536
91427,47.5,-0.010981911793351173,10,lag_10__bomb_events_last_5s,bomb_events_last_5s,False,2.0894012451171875,-0.0009470982477068901,-0.0019788682580070827
91427,47.5,-0.010981911793351173,11,lag_09__bomb_events_last_5s,bomb_events_last_5s,False,2.0894012451171875,-0.0009250841103494167,-0.001932871892002197
91427,47.5,-0.010981911793351173,12,lag_12__kill_diff_last_3s,kill_diff_last_3s,False,2.4069459438323975,0.000720584241207689,0.001734407316564393
91427,47.5,-0.010981911793351173,13,lag_07__CT_scoped_count,CT_scoped_count,False,2.141930103302002,0.0007809099624864757,0.0016726545566182194
91427,47.5,-0.010981911793351173,14,lag_00__damage_diff_last_5s,damage_diff_last_5s,False,-1.037750244140625,0.001391412690281868,-0.0014439388590403723
91427,47.5,-0.010981911793351173,15,lag_03__T5__is_scoped,T5__is_scoped,False,4.76965856552124,-0.00029426347464323044,-0.0014035363023521263
91427,47.5,-0.010981911793351173,16,lag_00__T_B_site_active_smokes,T_B_site_active_smokes,True,1.5147855281829834,-0.0009211469441652298,-0.0013953400603514687
91427,47.5,-0.010981911793351173,17,lag_06__T_damage_last_5s,T_damage_last_5s,False,2.3258702754974365,-0.0005222397157922387,-0.0012146618316453972
91427,47.5,-0.010981911793351173,18,lag_00__T_scoped_count,T_scoped_count,False,-2.8811259269714355,0.000421250268118456,-0.0012136750692197523
91427,47.5,-0.010981911793351173,19,lag_07__T_velocity_mean,T_velocity_mean,False,-3.7879016399383545,0.0003124859358649701,-0.0011836659889205917
91427,47.5,-0.010981911793351173,20,lag_00__T_A_site_active_smokes,T_A_site_active_smokes,True,1.422539234161377,-0.0007961964001879096,-0.0011326206173653541
88995,9.5,0.010353922843933105,1,lag_07__T_place_TSTAIRS,T_place_TSTAIRS,False,11.337934494018555,0.0006948263035155833,0.007877895113980737
88995,9.5,0.010353922843933105,2,lag_05__T_place_TSTAIRS,T_place_TSTAIRS,False,-5.668967247009277,0.0006386117893271148,-0.0036202693172494027
88995,9.5,0.010353922843933105,3,lag_04__T_place_TSTAIRS,T_place_TSTAIRS,False,-11.337933540344238,0.0003168236871715635,-0.0035921259091580005
88995,9.5,0.010353922843933105,4,lag_10__CT_place_ENTRANCE,CT_place_ENTRANCE,False,-8.87263011932373,-0.00032834388548508286,0.002913273847850728
88995,9.5,0.010353922843933105,5,lag_01__T_place_DUMPSTER,T_place_DUMPSTER,False,9.093055725097656,0.0002825905103236437,0.0025696112577566765
88995,9.5,0.010353922843933105,6,lag_02__CT_place_CONNECTOR,CT_place_CONNECTOR,False,-3.575894832611084,-0.0007026143721304834,0.0025124751026196768
88995,9.5,0.010353922843933105,7,lag_12__CT_place_ENTRANCE,CT_place_ENTRANCE,False,-8.872631072998047,0.00027652777498587966,-0.002453528928886728
88995,9.5,0.010353922843933105,8,lag_13__CT_place_ENTRANCE,CT_place_ENTRANCE,False,-8.872629165649414,0.0002718393807299435,-0.002411930017836572
88995,9.5,0.010353922843933105,9,lag_15__CT_place_ENTRANCE,CT_place_ENTRANCE,False,8.872631072998047,0.00025220736279152334,0.0022377428839429614
88995,9.5,0.010353922843933105,10,lag_08__T_place_TSTAIRS,T_place_TSTAIRS,False,5.668967247009277,0.0003431770601309836,0.0019454595138074793
88995,9.5,0.010353922843933105,11,lag_09__bomb_events_last_5s,bomb_events_last_5s,False,2.0894012451171875,-0.0009250841103494167,-0.001932871892002197
88995,9.5,0.010353922843933105,12,lag_06__bomb_events_last_5s,bomb_events_last_5s,False,2.0894012451171875,0.0007767200004309416,0.0016228797360078318
88995,9.5,0.010353922843933105,13,lag_04__T_place_TSIDEUPPER,T_place_TSIDEUPPER,False,5.044445991516113,0.0003202765656169504,0.0016156178376029728
88995,9.5,0.010353922843933105,14,lag_01__CT_place_ELECTRICALBOX,CT_place_ELECTRICALBOX,False,11.624896049499512,0.00012766002328135073,0.0014840345003223898
88995,9.5,0.010353922843933105,15,lag_06__T5__has_bomb,T5__has_bomb,False,2.928872585296631,0.00047864587395451963,0.0014018927782907392
88995,9.5,0.010353922843933105,16,lag_12__CT_macro_B,CT_macro_B,False,2.4505326747894287,0.0005475091747939587,0.0013416891225795924
88995,9.5,0.010353922843933105,17,lag_12__CT_place_BOMBSITEB,CT_place_BOMBSITEB,False,2.4505326747894287,0.0005475091747939587,0.0013416891225795924
88995,9.5,0.010353922843933105,18,lag_08__bomb_events_last_5s,bomb_events_last_5s,False,2.0894010066986084,-0.0006307293078862131,-0.00131784645085177
88995,9.5,0.010353922843933105,19,lag_00__T_A_site_active_smokes,T_A_site_active_smokes,True,1.422539234161377,-0.0007961964001879096,-0.0011326206173653541
88995,9.5,0.010353922843933105,20,lag_11__bomb_events_last_5s,bomb_events_last_5s,False,2.0894012451171875,-0.0005411767051555216,-0.001130735281580364
91395,47.0,-0.010040324181318283,1,lag_02__CT3__is_scoped,CT3__is_scoped,False,-4.548114776611328,-0.0007769963704049587,0.0035338686736121616
91395,47.0,-0.010040324181318283,2,lag_15__CT5__is_walking,CT5__is_walking,False,2.396676540374756,0.0013547196285799146,0.003246824752602684
91395,47.0,-0.010040324181318283,3,lag_02__T5__is_scoped,T5__is_scoped,False,4.76965856552124,-0.000631161907222122,-0.0030104267970127163
91395,47.0,-0.010040324181318283,4,lag_14__T1__is_walking,T1__is_walking,False,-2.281590461730957,0.0011821426451206207,-0.002697165383512612
91395,47.0,-0.010040324181318283,5,lag_11__bomb_events_last_5s,bomb_events_last_5s,False,-4.178802490234375,-0.0005411767051555216,0.002261470563160728
91395,47.0,-0.010040324181318283,6,lag_02__T_place_BACKOFB,T_place_BACKOFB,False,-2.685629367828369,-0.0007645132136531174,0.0020531991386796566
91395,47.0,-0.010040324181318283,7,lag_09__bomb_events_last_5s,bomb_events_last_5s,False,2.0894012451171875,-0.0009250841103494167,-0.001932871892002197
91395,47.0,-0.010040324181318283,8,lag_00__damage_diff_last_5s,damage_diff_last_5s,False,-1.2182285785675049,0.001391412690281868,-0.001695058703882868
91395,47.0,-0.010040324181318283,9,lag_09__T3__has_bomb,T3__has_bomb,False,-3.15621280670166,-0.0005324489320628345,0.0016805221382913405
91395,47.0,-0.010040324181318283,10,lag_05__T_kills_last_3s,T_kills_last_3s,False,3.1681017875671387,-0.0005178723949939013,-0.0016406724603118539
91395,47.0,-0.010040324181318283,11,lag_06__CT3__is_scoped,CT3__is_scoped,False,4.548114776611328,0.0003111197438556701,0.0014150083043255046
91395,47.0,-0.010040324181318283,12,lag_11__CT4__is_walking,CT4__is_walking,False,-2.384641170501709,-0.0005822545499540865,0.0013884681715324587
91395,47.0,-0.010040324181318283,13,lag_06__T_velocity_mean,T_velocity_mean,False,-3.7879016399383545,0.0003659309877548367,-0.0013861105886208078
91395,47.0,-0.010040324181318283,14,lag_08__bomb_events_last_5s,bomb_events_last_5s,False,2.0894012451171875,-0.0006307293078862131,-0.0013178466012293555
91395,47.0,-0.010040324181318283,15,lag_05__T_damage_last_5s,T_damage_last_5s,False,2.3258702754974365,-0.0005546853062696755,-0.00129012606610783
91395,47.0,-0.010040324181318283,16,lag_05__T5__is_scoped,T5__is_scoped,False,-4.76965856552124,-0.00024125359777826816,0.0011506972891059328
91395,47.0,-0.010040324181318283,17,lag_11__T_kills_last_3s,T_kills_last_3s,False,-3.1681017875671387,-0.00035100275999866426,0.0011120124713927676
91395,47.0,-0.010040324181318283,18,lag_02__T_scoped_count,T_scoped_count,False,2.8811259269714355,-0.00035292826942168176,-0.0010168307873919674
91395,47.0,-0.010040324181318283,19,lag_04__T_flashed_players,T_flashed_players,False,-1.9296237230300903,-0.0004993505426682532,0.0009635586532406107
91395,47.0,-0.010040324181318283,20,lag_03__kill_diff_last_3s,kill_diff_last_3s,False,-2.4069459438323975,0.0003843429731205106,-0.0009250927601928971
90083,26.5,0.009964525699615479,1,lag_00__T5__is_scoped,T5__is_scoped,False,-4.76965856552124,0.0006973732961341739,-0.003326232515272143
90083,26.5,0.009964525699615479,2,lag_14__T4__is_walking,T4__is_walking,False,2.307980537414551,-0.0007831009570509195,-0.0018073817677042303
90083,26.5,0.009964525699615479,3,lag_14__CT_place_BACKOFB,CT_place_BACKOFB,False,5.709421634674072,0.00028581847436726093,0.0016318581811419763
90083,26.5,0.009964525699615479,4,lag_02__T2__duck_amount,T2__duck_amount,False,3.8233180046081543,0.00032444120733998716,0.0012404419094597802
90083,26.5,0.009964525699615479,5,lag_00__T_scoped_count,T_scoped_count,False,-2.8811259269714355,0.000421250268118456,-0.0012136750692197523
90083,26.5,0.009964525699615479,6,lag_04__T2__duck_amount,T2__duck_amount,False,-3.8233180046081543,0.00029647169867530465,-0.0011335055834020558
90083,26.5,0.009964525699615479,7,lag_07__CT5__duck_amount,CT5__duck_amount,False,3.7749595642089844,0.00026904058177024126,0.0010156173173139216
90083,26.5,0.009964525699615479,8,lag_00__T5__is_walking,T5__is_walking,False,2.3193888664245605,0.0004155206261202693,0.000963753913993115
90083,26.5,0.009964525699615479,9,lag_06__T4__duck_amount,T4__duck_amount,False,3.004356861114502,0.0003161067725159228,0.0009496975508529737
90083,26.5,0.009964525699615479,10,lag_00__CT1__is_walking,CT1__is_walking,False,-2.3343825340270996,-0.00034733660868369043,0.0008108165127394124
90083,26.5,0.009964525699615479,11,lag_11__T2__is_walking,T2__is_walking,False,2.2968344688415527,-0.0003516226715873927,-0.0008076190721280768
90083,26.5,0.009964525699615479,12,lag_03__CT2__duck_amount,CT2__duck_amount,False,2.95105242729187,0.0002560111752245575,0.0007555024000602747
90083,26.5,0.009964525699615479,13,lag_04__T_active_infernos,T_active_infernos,True,-2.082643508911133,-0.0003495922719594091,0.0007280760759617588
90083,26.5,0.009964525699615479,14,lag_12__CT2__is_walking,CT2__is_walking,False,-2.360051155090332,-0.0003027152270078659,0.000714423421163346
90083,26.5,0.009964525699615479,15,lag_10__T4__is_walking,T4__is_walking,False,2.307980537414551,0.00030948067433200777,0.0007142753730642049
90083,26.5,0.009964525699615479,16,lag_10__CT2__is_walking,CT2__is_walking,False,-2.360051155090332,0.0002848673611879349,-0.0006723015448191205
90083,26.5,0.009964525699615479,17,lag_00__CT_walking_count,CT_walking_count,False,-1.7948951721191406,-0.00035650277277454734,0.000639885105700122
90083,26.5,0.009964525699615479,18,lag_10__T3__smoke,T3__smoke,True,2.173264503479004,0.00028487431700341403,0.000619107241096345
90083,26.5,0.009964525699615479,19,lag_00__CT5__duck_amount,CT5__duck_amount,False,-3.7749595642089844,-0.00015178616740740836,0.0005729866443692222
90083,26.5,0.009964525699615479,20,lag_06__CT_walking_count,CT_walking_count,False,0.8974475860595703,0.0006055900012142956,0.0005434852847315819
88547,2.5,0.009096682071685791,1,lag_02__CT_place_ENTRANCE,CT_place_ENTRANCE,False,8.87263011932373,-0.0002431387547403574,-0.0021572802384841605
88547,2.5,0.009096682071685791,2,lag_04__T_velocity_mean,T_velocity_mean,False,2.891570568084717,-0.000624043052084744,-0.0018044645226260037
88547,2.5,0.009096682071685791,3,lag_00__CT_place_ENTRANCE,CT_place_ENTRANCE,False,8.872629165649414,-0.00014811591245234013,-0.0013141775647214082
88547,2.5,0.009096682071685791,4,lag_04__CT_velocity_mean,CT_velocity_mean,False,3.495476722717285,-0.0003414976818021387,-0.00119369719760129
88547,2.5,0.009096682071685791,5,lag_05__CT2__molly,CT2__molly,True,1.9538549184799194,0.000540943059604615,0.0010569242576260532
88547,2.5,0.009096682071685791,6,lag_04__T3__smoke,T3__smoke,True,-2.173264503479004,0.0004190317413304001,-0.0009106668092643544
88547,2.5,0.009096682071685791,7,lag_05__CT2__utility_total,CT2__utility_total,True,1.98095703125,0.0004529998986981809,0.0008973733344816992
88547,2.5,0.009096682071685791,8,lag_03__T_velocity_mean,T_velocity_mean,False,0.8199187517166138,-0.0010220569092780352,-0.000838003625238587
88547,2.5,0.009096682071685791,9,lag_05__CT2__has_defuser,CT2__has_defuser,False,1.5125796794891357,0.0004961052327416837,0.0007503986939332991
88547,2.5,0.009096682071685791,10,lag_05__CT2__smoke,CT2__smoke,True,1.5045274496078491,0.0004955244949087501,0.0007455302045432793
88547,2.5,0.009096682071685791,11,lag_05__T3__hp,T3__hp,False,0.688962459564209,0.0008546242024749517,0.0005888039925402433
88547,2.5,0.009096682071685791,12,lag_01__CT_place_ENTRANCE,CT_place_ENTRANCE,False,8.872631072998047,6.307112926151603e-05,0.0005596068612948035
88547,2.5,0.009096682071685791,13,lag_05__T_closest_enemy_dist,T_closest_enemy_dist,False,4.066553115844727,-0.0001343635522061959,-0.0005463965218800715
88547,2.5,0.009096682071685791,14,lag_05__CT2__has_helmet,CT2__has_helmet,False,1.108473539352417,0.00048548696213401854,0.0005381494512261484
88547,2.5,0.009096682071685791,15,lag_05__CT_smoke_inv,CT_smoke_inv,True,2.3161351680755615,0.00023231093655340374,0.0005380635300799089
88547,2.5,0.009096682071685791,16,lag_05__T3__smoke,T3__smoke,True,1.5118021965026855,0.00035490086884237826,0.000536539913056619
88547,2.5,0.009096682071685791,17,lag_02__T_velocity_mean,T_velocity_mean,False,-0.7458450794219971,-0.0007164162816479802,0.0005343355584849496
88547,2.5,0.009096682071685791,18,lag_05__T5__duck_amount,T5__duck_amount,False,-0.334852933883667,0.0014751291600987315,-0.0004939513271164098
88547,2.5,0.009096682071685791,19,lag_05__T3__armor,T3__armor,False,0.7578369975090027,0.0006221814546734095,0.0004715121255154803
88547,2.5,0.009096682071685791,20,lag_05__T3__utility_total,T3__utility_total,True,1.5729540586471558,0.00029935434577055275,0.000470870633153455
88771,6.0,0.008749514818191528,1,lag_08__CT_place_ENTRANCE,CT_place_ENTRANCE,False,8.872631072998047,0.0005096931708976626,0.004522319465801505
88771,6.0,0.008749514818191528,2,lag_04__bomb_events_last_5s,bomb_events_last_5s,False,2.0894012451171875,-0.0015195802552625537,-0.0031750128774010733
88771,6.0,0.008749514818191528,3,lag_03__CT_place_ENTRANCE,CT_place_ENTRANCE,False,-8.87263011932373,-0.00035744643537327647,0.003171490008537836
88771,6.0,0.008749514818191528,4,lag_05__CT_place_ENTRANCE,CT_place_ENTRANCE,False,-8.872631072998047,-0.00028864701744168997,0.0025610584960813476
88771,6.0,0.008749514818191528,5,lag_02__CT_place_CONNECTOR,CT_place_CONNECTOR,False,3.575894832611084,-0.0007026143721304834,-0.0025124751026196768
88771,6.0,0.008749514818191528,6,lag_04__T3__has_bomb,T3__has_bomb,False,-3.15621280670166,0.0006928390939719975,-0.0021867476213779935
88771,6.0,0.008749514818191528,7,lag_09__CT_place_ENTRANCE,CT_place_ENTRANCE,False,8.87263011932373,0.00023034543846733868,0.0020437698751941402
88771,6.0,0.008749514818191528,8,lag_11__T_velocity_mean,T_velocity_mean,False,2.891570568084717,-0.0006714737974107265,-0.0019416138698329366
88771,6.0,0.008749514818191528,9,lag_12__CT2__molly,CT2__molly,True,1.9538549184799194,0.0009768652962520719,0.0019086530637744542
88771,6.0,0.008749514818191528,10,lag_07__CT_place_ENTRANCE,CT_place_ENTRANCE,False,8.872629165649414,-0.00021486564946826547,-0.0019064232281683358
88771,6.0,0.008749514818191528,11,lag_11__CT_velocity_mean,CT_velocity_mean,False,3.495476722717285,-0.0004908438422717154,-0.0017157332251498958
88771,6.0,0.008749514818191528,12,lag_11__T3__smoke,T3__smoke,True,-2.173264503479004,0.0007826915243640542,-0.001700995707074271
88771,6.0,0.008749514818191528,13,lag_12__T3__has_bomb,T3__has_bomb,False,2.798933982849121,0.0005956401000730693,0.001667157317642165
88771,6.0,0.008749514818191528,14,lag_12__CT2__utility_total,CT2__utility_total,True,1.98095703125,0.0007954764296300709,0.0015758046264693348
88771,6.0,0.008749514818191528,15,lag_02__bomb_events_last_5s,bomb_events_last_5s,False,2.0894012451171875,-0.0007214415818452835,-0.0015073809393868487
88771,6.0,0.008749514818191528,16,lag_12__CT2__has_defuser,CT2__has_defuser,False,1.5125796794891357,0.0008800255018286407,0.0013311086914982312
88771,6.0,0.008749514818191528,17,lag_12__CT2__smoke,CT2__smoke,True,1.5045274496078491,0.0008786387625150383,0.0013219361364933471
88771,6.0,0.008749514818191528,18,lag_01__T_place_TSTAIRS,T_place_TSTAIRS,False,5.668967247009277,-0.00021004248992539942,-0.0011907239958673654
88771,6.0,0.008749514818191528,19,lag_12__CT2__has_helmet,CT2__has_helmet,False,1.108473539352417,0.0008400719380006194,0.0009311975144261908
88771,6.0,0.008749514818191528,20,lag_00__T_place_TSTAIRS,T_place_TSTAIRS,False,11.337934494018555,-8.092279313132167e-05,-0.0009174973275959397
89283,14.0,0.00868484377861023,1,lag_04__CT3__is_scoped,CT3__is_scoped,False,4.548114776611328,-0.00046657503116875887,-0.002122036793656523
89283,14.0,0.00868484377861023,2,lag_03__T5__duck_amount,T5__duck_amount,False,3.7970333099365234,0.0005301015335135162,0.0020128131803992533
89283,14.0,0.00868484377861023,3,lag_10__bomb_events_last_5s,bomb_events_last_5s,False,-2.0894012451171875,-0.0009470982477068901,0.0019788682580070827
89283,14.0,0.00868484377861023,4,lag_04__T_flashed_players,T_flashed_players,False,3.8592474460601807,-0.0004993505426682532,-0.0019271173064812214
89283,14.0,0.00868484377861023,5,lag_04__CT3__is_walking,CT3__is_walking,False,-2.387126922607422,0.0006923118489794433,-0.0016526362535389527
89283,14.0,0.00868484377861023,6,lag_03__CT_place_BACKOFB,CT_place_BACKOFB,False,-5.709421634674072,-0.0002807993732858449,0.0016032020168411237
89283,14.0,0.00868484377861023,7,lag_11__CT_place_CONNECTOR,CT_place_CONNECTOR,False,-3.575894832611084,-0.000407850748160854,0.0014584313828249623
89283,14.0,0.00868484377861023,8,lag_10__T_place_DUMPSTER,T_place_DUMPSTER,False,9.093055725097656,0.00015564014029223472,0.0014152444687393073
89283,14.0,0.00868484377861023,9,lag_05__bomb_events_last_5s,bomb_events_last_5s,False,-2.0894012451171875,-0.000661213940475136,0.0013815412305175911
89283,14.0,0.00868484377861023,10,lag_08__bomb_events_last_5s,bomb_events_last_5s,False,-2.0894010066986084,-0.0006307293078862131,0.00131784645085177
89283,14.0,0.00868484377861023,11,lag_08__T_A_site_active_infernos,T_A_site_active_infernos,True,5.952910423278809,-0.00021552914404310286,-0.0012830256880945468
89283,14.0,0.00868484377861023,12,lag_08__CT_place_CONNECTOR,CT_place_CONNECTOR,False,-3.575894594192505,-0.00034727773163467646,0.001241828563235875
89283,14.0,0.00868484377861023,13,lag_01__T_place_TSTAIRS,T_place_TSTAIRS,False,5.668967247009277,-0.00021004248992539942,-0.0011907239958673654
89283,14.0,0.00868484377861023,14,lag_05__T_place_DUMPSTER,T_place_DUMPSTER,False,-9.093055725097656,-0.00011292973067611456,0.00102687633405818
89283,14.0,0.00868484377861023,15,lag_02__T5__duck_amount,T5__duck_amount,False,-3.7970333099365234,-0.0002674577699508518,0.001015546061504724
89283,14.0,0.00868484377861023,16,lag_10__CT_place_ELECTRICALBOX,CT_place_ELECTRICALBOX,False,11.624896049499512,8.681257895659655e-05,0.0010091872061594037
89283,14.0,0.00868484377861023,17,lag_04__T2__flash_duration,T2__flash_duration,True,6.246918201446533,0.00014731277769897133,0.000920250872313351
89283,14.0,0.00868484377861023,18,lag_04__T_utility_damage_last_5s,T_utility_damage_last_5s,True,5.996406555175781,0.00014166442269925028,0.0008494774729089771
89283,14.0,0.00868484377861023,19,lag_14__T_place_TSTAIRS,T_place_TSTAIRS,False,-5.668967247009277,0.00014950173499528319,-0.0008475204390593211
89283,14.0,0.00868484377861023,20,lag_08__T_active_infernos,T_active_infernos,True,6.247930526733398,-0.00011339322372805327,-0.000708472984055214
89411,16.0,0.008004486560821533,1,lag_05__T_place_TSTAIRS,T_place_TSTAIRS,False,5.668967247009277,0.0006386117893271148,0.0036202693172494027
89411,16.0,0.008004486560821533,2,lag_08__CT3__is_scoped,CT3__is_scoped,False,4.548114776611328,0.0007028341642580926,0.0031965704479695045
89411,16.0,0.008004486560821533,3,lag_07__T5__duck_amount,T5__duck_amount,False,3.7970333099365234,-0.0007908621919341385,-0.003002930086343336
89411,16.0,0.008004486560821533,4,lag_11__CT_place_LONGDOG,CT_place_LONGDOG,False,6.523001194000244,-0.0003660282527562231,-0.0023876027297666663
89411,16.0,0.008004486560821533,5,lag_09__bomb_events_last_5s,bomb_events_last_5s,False,-2.0894012451171875,-0.0009250841103494167,0.001932871892002197
89411,16.0,0.008004486560821533,6,lag_06__T5__duck_amount,T5__duck_amount,False,-3.7970333099365234,0.0004183355194982141,-0.001588433902264319
89411,16.0,0.008004486560821533,7,lag_14__CT_place_ELECTRICALBOX,CT_place_ELECTRICALBOX,False,11.624896049499512,0.00012487333151511848,0.0014516394982179437
89411,16.0,0.008004486560821533,8,lag_01__CT_shots_fired_sum,CT_shots_fired_sum,False,-6.9474101066589355,0.00018152213306166232,-0.0012611087018148809
89411,16.0,0.008004486560821533,9,lag_11__bomb_events_last_5s,bomb_events_last_5s,False,-2.0894012451171875,-0.0005411767051555216,0.001130735281580364
89411,16.0,0.008004486560821533,10,lag_02__T_place_TSTAIRS,T_place_TSTAIRS,False,-5.668966770172119,-0.00019892057753168046,0.0011276741439305432
89411,16.0,0.008004486560821533,11,lag_02__CT5__duck_amount,CT5__duck_amount,False,3.597144365310669,0.00029041353263892233,0.0010446594025420655
89411,16.0,0.008004486560821533,12,lag_11__T5__is_scoped,T5__is_scoped,False,4.76965856552124,0.0001927924604387954,0.0009195542102998153
89411,16.0,0.008004486560821533,13,lag_12__CT_place_CONNECTOR,CT_place_CONNECTOR,False,-3.575894594192505,-0.000251975521678105,0.000901037905837572
89411,16.0,0.008004486560821533,14,lag_05__T_place_TMAIN,T_place_TMAIN,False,-3.878150701522827,0.00021987779473420233,-0.0008527192238977389
89411,16.0,0.008004486560821533,15,lag_02__T_place_TSIDEUPPER,T_place_TSIDEUPPER,False,2.522223472595215,0.0003307448059786111,0.0008342123130782031
89411,16.0,0.008004486560821533,16,lag_08__CT_scoped_count,CT_scoped_count,False,2.141930103302002,0.00038496943307109177,0.0008245776175460767
89411,16.0,0.008004486560821533,17,lag_12__T_A_site_active_infernos,T_A_site_active_infernos,True,5.952910423278809,-0.00013851602852810174,-0.0008245735100161217
89411,16.0,0.008004486560821533,18,lag_03__T_place_TSIDEUPPER,T_place_TSIDEUPPER,False,-5.044445991516113,0.00014966267917770892,-0.0007549653020575559
89411,16.0,0.008004486560821533,19,lag_12__CT2__utility_total,CT2__utility_total,True,-0.9426296949386597,0.0007954764296300709,-0.0007498397041930879
89411,16.0,0.008004486560821533,20,lag_08__CT3__is_walking,CT3__is_walking,False,-2.387126922607422,-0.00029867139528505504,0.0007129665286976783
88675,4.5,-0.007906943559646606,1,lag_04__CT_place_ENTRANCE,CT_place_ENTRANCE,False,8.872629165649414,-0.0005141369765624404,-0.004561746733386718
88675,4.5,-0.007906943559646606,2,lag_03__CT_place_ENTRANCE,CT_place_ENTRANCE,False,-8.872629165649414,-0.00035744643537327647,0.0031714896676503512
88675,4.5,-0.007906943559646606,3,lag_05__CT_place_ENTRANCE,CT_place_ENTRANCE,False,8.872631072998047,-0.00028864701744168997,-0.0025610584960813476
88675,4.5,-0.007906943559646606,4,lag_02__CT_place_ENTRANCE,CT_place_ENTRANCE,False,-8.872631072998047,-0.0002431387547403574,0.0021572804703593462
88675,4.5,-0.007906943559646606,5,lag_00__CT_place_CONNECTOR,CT_place_CONNECTOR,False,3.575894594192505,-0.00045775144826620817,-0.0016368709293389239
88675,4.5,-0.007906943559646606,6,lag_09__T3__has_bomb,T3__has_bomb,False,2.798933982849121,-0.0005324489320628345,-0.0014902894100823905
88675,4.5,-0.007906943559646606,7,lag_00__CT_place_ENTRANCE,CT_place_ENTRANCE,False,-8.87263011932373,-0.00014811591245234013,0.0013141777059757498
88675,4.5,-0.007906943559646606,8,lag_09__CT_place_CTSPAWN,CT_place_CTSPAWN,False,4.78255033493042,-0.0001941213704412803,-0.0009283952252210972
88675,4.5,-0.007906943559646606,9,lag_01__bomb_events_last_5s,bomb_events_last_5s,False,2.0894012451171875,0.00041224207961931825,0.0008613391144463023
88675,4.5,-0.007906943559646606,10,lag_09__T_velocity_mean,T_velocity_mean,False,-1.7359485626220703,-0.0004715573159046471,0.0008185992447385937
88675,4.5,-0.007906943559646606,11,lag_09__T5__molly,T5__molly,True,1.579392433166504,0.00046029160148464143,0.0007269810724349346
88675,4.5,-0.007906943559646606,12,lag_08__T_velocity_mean,T_velocity_mean,False,2.891570568084717,-0.0002311670541530475,-0.0006684358500997981
88675,4.5,-0.007906943559646606,13,lag_09__T2__flash,T2__flash,True,2.2263786792755127,-0.00025099061895161867,-0.0005588001627320482
88675,4.5,-0.007906943559646606,14,lag_02__CT_place_BOMBSITEB,CT_place_BOMBSITEB,False,2.4505326747894287,0.0001994775957427919,0.0004888263662561482
88675,4.5,-0.007906943559646606,15,lag_02__CT_macro_B,CT_macro_B,False,2.4505326747894287,0.0001994775957427919,0.0004888263662561482
88675,4.5,-0.007906943559646606,16,lag_09__T_closest_enemy_dist,T_closest_enemy_dist,False,4.066553115844727,-0.00011716029257513583,-0.0004764385528246984
88675,4.5,-0.007906943559646606,17,lag_06__CT_place_ENTRANCE,CT_place_ENTRANCE,False,8.87263011932373,-5.231694376561791e-05,-0.0004641888910057873
88675,4.5,-0.007906943559646606,18,lag_09__CT_walking_count,CT_walking_count,False,-1.0355465412139893,0.0004410576948430389,-0.0004567357703705241
88675,4.5,-0.007906943559646606,19,lag_04__T_velocity_mean,T_velocity_mean,False,-0.6799192428588867,-0.000624043052084744,0.00042429887948480793
88675,4.5,-0.007906943559646606,20,lag_08__CT_velocity_mean,CT_velocity_mean,False,3.495476722717285,-0.0001160751489805989,-0.00040573798134762445
90723,36.5,0.007790923118591309,1,lag_05__T5__duck_amount,T5__duck_amount,False,-3.120408773422241,0.0014751291600987315,-0.004603005973103064
90723,36.5,0.007790923118591309,2,lag_00__bomb_events_last_5s,bomb_events_last_5s,False,2.0894012451171875,0.001406742143444717,0.0029392487860722127
90723,36.5,0.007790923118591309,3,lag_07__CT5__is_walking,CT5__is_walking,False,2.396676540374756,0.00122153852134943,0.002927632717282247
90723,36.5,0.007790923118591309,4,lag_14__T1__is_walking,T1__is_walking,False,2.281590461730957,0.0011821426451206207,0.002697165383512612
90723,36.5,0.007790923118591309,5,lag_06__CT5__is_walking,CT5__is_walking,False,-2.396676540374756,0.0007474157609976828,-0.0017913138202894918
90723,36.5,0.007790923118591309,6,lag_14__T_place_BACKOFB,T_place_BACKOFB,False,5.37125825881958,-0.000298811006359756,-0.0016049910857360294
90723,36.5,0.007790923118591309,7,lag_08__CT5__is_walking,CT5__is_walking,False,-2.396676540374756,0.0006633211160078645,-0.0015897661574712507
90723,36.5,0.007790923118591309,8,lag_06__T5__duck_amount,T5__duck_amount,False,3.120408773422241,0.0004183355194982141,0.0013053778252763784
90723,36.5,0.007790923118591309,9,lag_02__T1__is_walking,T1__is_walking,False,2.281590461730957,0.0005318687180988491,0.0012135065941074052
90723,36.5,0.007790923118591309,10,lag_07__T5__is_walking,T5__is_walking,False,-2.3193888664245605,-0.0004835304862353951,0.0011214952263512296
90723,36.5,0.007790923118591309,11,lag_07__CT2__is_walking,CT2__is_walking,False,2.360051155090332,0.00046788144391030073,0.0011042241421458376
90723,36.5,0.007790923118591309,12,lag_07__CT_walking_count,CT_walking_count,False,1.7948951721191406,0.0005949520855210721,0.0010678766259439865
90723,36.5,0.007790923118591309,13,lag_11__CT_walking_count,CT_walking_count,False,-1.7948952913284302,-0.0005903180572204292,0.0010595591012910952
90723,36.5,0.007790923118591309,14,lag_03__CT2__duck_amount,CT2__duck_amount,False,3.573256015777588,0.0002560111752245575,0.0009147934719774403
90723,36.5,0.007790923118591309,15,lag_01__bomb_events_last_5s,bomb_events_last_5s,False,2.0894012451171875,0.00041224207961931825,0.0008613391144463023
90723,36.5,0.007790923118591309,16,lag_05__CT2__is_walking,CT2__is_walking,False,-2.360051155090332,0.000348549714544788,-0.0008225951564178324
90723,36.5,0.007790923118591309,17,lag_14__T_place_TSIDEUPPER,T_place_TSIDEUPPER,False,-5.04444694519043,-0.00016033365682233125,0.0008087946253686196
90723,36.5,0.007790923118591309,18,lag_14__CT5__is_walking,CT5__is_walking,False,2.396676540374756,0.0003250319859944284,0.0007789965357042627
90723,36.5,0.007790923118591309,19,lag_04__CT2__is_walking,CT2__is_walking,False,2.360051155090332,0.00031794121605344117,0.0007503575341977486
90723,36.5,0.007790923118591309,20,lag_12__CT2__is_walking,CT2__is_walking,False,2.360051155090332,-0.0003027152270078659,-0.000714423421163346
90019,25.5,-0.0075722336769104,1,lag_12__T4__is_walking,T4__is_walking,False,2.307980537414551,0.0010799213778227568,0.0024924375219528283
90019,25.5,-0.0075722336769104,2,lag_06__CT4__is_walking,CT4__is_walking,False,-2.384641170501709,0.000867330702021718,-0.0020682725004811386
90019,25.5,-0.0075722336769104,3,lag_14__T2__is_walking,T2__is_walking,False,-2.2968344688415527,0.0008073250064626336,-0.0018542919024011062
90019,25.5,-0.0075722336769104,4,lag_02__T2__duck_amount,T2__duck_amount,False,-3.8233180046081543,0.00032444120733998716,-0.0012404419094597802
90019,25.5,-0.0075722336769104,5,lag_10__CT4__is_walking,CT4__is_walking,False,2.384641170501709,0.00038855764432810247,0.000926570555777953
90019,25.5,-0.0075722336769104,6,lag_02__CT_place_BACKOFB,CT_place_BACKOFB,False,-5.709421634674072,-0.00014980314881540835,0.000855289338788992
90019,25.5,-0.0075722336769104,7,lag_11__T4__is_walking,T4__is_walking,False,-2.307980537414551,0.00030810022144578397,-0.0007110893146699826
90019,25.5,-0.0075722336769104,8,lag_10__CT2__is_walking,CT2__is_walking,False,-2.360051155090332,0.0002848673611879349,-0.0006723015448191205
90019,25.5,-0.0075722336769104,9,lag_12__CT_place_BOMBSITEB,CT_place_BOMBSITEB,False,-1.2252663373947144,0.0005475091747939587,-0.0006708445612897962
90019,25.5,-0.0075722336769104,10,lag_12__CT_macro_B,CT_macro_B,False,-1.2252663373947144,0.0005475091747939587,-0.0006708445612897962
90019,25.5,-0.0075722336769104,11,lag_05__T4__is_walking,T4__is_walking,False,-2.307980537414551,0.00027825700817629695,-0.0006422117592700949
90019,25.5,-0.0075722336769104,12,lag_09__T2__is_walking,T2__is_walking,False,2.2968344688415527,-0.00026042977697215974,-0.0005981640884623746
90019,25.5,-0.0075722336769104,13,lag_08__T4__is_walking,T4__is_walking,False,2.307980537414551,-0.00024846653104759753,-0.0005734559178567633
90019,25.5,-0.0075722336769104,14,lag_04__T2__is_walking,T2__is_walking,False,-2.2968344688415527,0.00023615307873114944,-0.000542404531152757
90019,25.5,-0.0075722336769104,15,lag_09__CT2__is_walking,CT2__is_walking,False,2.360051155090332,0.00022345520847011358,0.0005273657228608425
90019,25.5,-0.0075722336769104,16,lag_04__T_duck_amount_mean,T_duck_amount_mean,False,1.3515381813049316,0.00037976278690621257,0.0005132639063425148
90019,25.5,-0.0075722336769104,17,lag_04__T4__duck_amount,T4__duck_amount,False,3.004356861114502,0.00016705649613868445,0.0005018973303680049
90019,25.5,-0.0075722336769104,18,lag_00__T2__is_walking,T2__is_walking,False,-2.2968344688415527,0.00020105449948459864,-0.00046178890453191235
90019,25.5,-0.0075722336769104,19,lag_00__T_duck_amount_mean,T_duck_amount_mean,False,1.1631747484207153,-0.00039432779885828495,-0.00045867213823228004
90019,25.5,-0.0075722336769104,20,lag_02__T2__is_walking,T2__is_walking,False,2.2968344688415527,0.00018641087808646262,0.0004281549301560078
89443,16.5,-0.007521271705627441,1,lag_04__T_place_BACKOFB,T_place_BACKOFB,False,5.371258735656738,0.0014587530167773366,0.00783533988453089
89443,16.5,-0.007521271705627441,2,lag_15__CT_place_ELECTRICALBOX,CT_place_ELECTRICALBOX,False,11.624896049499512,-0.00038740751915611327,-0.0045035721389843075
89443,16.5,-0.007521271705627441,3,lag_07__T5__duck_amount,T5__duck_amount,False,-3.7970333099365234,-0.0007908621919341385,0.003002930086343336
89443,16.5,-0.007521271705627441,4,lag_06__T_place_TSTAIRS,T_place_TSTAIRS,False,5.668967247009277,0.00044994911877438426,0.0025507468171526715
89443,16.5,-0.007521271705627441,5,lag_11__CT_place_LONGDOG,CT_place_LONGDOG,False,6.523001194000244,-0.0003660282527562231,-0.0023876027297666663
89443,16.5,-0.007521271705627441,6,lag_12__CT_place_LONGDOG,CT_place_LONGDOG,False,6.523001194000244,-0.00035888157435692847,-0.002340984938034932
89443,16.5,-0.007521271705627441,7,lag_08__T5__duck_amount,T5__duck_amount,False,3.7970333099365234,-0.0005669594393111765,-0.002152763876447472
89443,16.5,-0.007521271705627441,8,lag_10__bomb_events_last_5s,bomb_events_last_5s,False,-2.0894012451171875,-0.0009470982477068901,0.0019788682580070827
89443,16.5,-0.007521271705627441,9,lag_04__T_place_TSTAIRS,T_place_TSTAIRS,False,5.668966770172119,0.0003168236871715635,0.0017960629545790002
89443,16.5,-0.007521271705627441,10,lag_09__CT4__is_walking,CT4__is_walking,False,2.384641170501709,0.0007208935567177832,0.0017190724548986347
89443,16.5,-0.007521271705627441,11,lag_04__T_place_TSIDEUPPER,T_place_TSIDEUPPER,False,-5.044445991516113,0.0003202765656169504,-0.0016156178376029728
89443,16.5,-0.007521271705627441,12,lag_04__CT_shots_fired_sum,CT_shots_fired_sum,False,3.4737050533294678,0.00041915892506949604,0.0014560344761620561
89443,16.5,-0.007521271705627441,13,lag_14__CT_place_ELECTRICALBOX,CT_place_ELECTRICALBOX,False,-11.624896049499512,0.00012487333151511848,-0.0014516394982179437
89443,16.5,-0.007521271705627441,14,lag_10__T_place_DUMPSTER,T_place_DUMPSTER,False,-9.093055725097656,0.00015564014029223472,-0.0014152444687393073
89443,16.5,-0.007521271705627441,15,lag_12__CT_burning_players,CT_burning_players,False,5.135021209716797,-0.00025167586863972247,-0.0012923609234388733
89443,16.5,-0.007521271705627441,16,lag_02__CT5__duck_amount,CT5__duck_amount,False,-3.7749595642089844,0.00029041353263892233,-0.001096299342611018
89443,16.5,-0.007521271705627441,17,lag_02__CT_shots_fired_sum,CT_shots_fired_sum,False,-6.9474101066589355,0.00015071923553477973,-0.0010471083402222373
89443,16.5,-0.007521271705627441,18,lag_09__T_flashed_players,T_flashed_players,False,3.8592474460601807,-0.0002256175794173032,-0.0008707140671525074
89443,16.5,-0.007521271705627441,19,lag_01__T1__is_walking,T1__is_walking,False,2.281590461730957,0.0003507422807160765,0.0008002502422075619
89443,16.5,-0.007521271705627441,20,lag_13__T_A_site_active_infernos,T_A_site_active_infernos,True,5.952910423278809,-0.00012259991490282118,-0.0007298263113180992
90051,26.0,0.0074738264083862305,1,lag_13__CT_place_BACKOFB,CT_place_BACKOFB,False,5.709421634674072,0.0004632167983800173,0.0026447000102153284
90051,26.0,0.0074738264083862305,2,lag_12__T4__is_walking,T4__is_walking,False,-2.307980537414551,0.0010799213778227568,-0.0024924375219528283
90051,26.0,0.0074738264083862305,3,lag_03__CT_place_BACKOFB,CT_place_BACKOFB,False,-5.709421634674072,-0.0002807993732858449,0.0016032020168411237
90051,26.0,0.0074738264083862305,4,lag_07__CT4__is_walking,CT4__is_walking,False,-2.384641170501709,0.0005986127653159201,-0.0014274766453602206
90051,26.0,0.0074738264083862305,5,lag_11__CT4__is_walking,CT4__is_walking,False,2.384641170501709,-0.0005822545499540865,-0.0013884681715324587
90051,26.0,0.0074738264083862305,6,lag_10__T2__is_walking,T2__is_walking,False,2.2968344688415527,-0.0005949884653091431,-0.0013665900156851762
90051,26.0,0.0074738264083862305,7,lag_07__CT2__is_walking,CT2__is_walking,False,2.360051155090332,0.00046788144391030073,0.0011042241421458376
90051,26.0,0.0074738264083862305,8,lag_04__T2__duck_amount,T2__duck_amount,False,2.4873275756835938,0.00029647169867530465,0.0007374222315248424
90051,26.0,0.0074738264083862305,9,lag_03__T2__is_walking,T2__is_walking,False,2.2968344688415527,0.0003062767500523478,0.0007034669965250012
90051,26.0,0.0074738264083862305,10,lag_06__CT5__duck_amount,CT5__duck_amount,False,3.7749595642089844,0.00018032596562989056,0.000680723228629776
90051,26.0,0.0074738264083862305,11,lag_10__CT2__is_walking,CT2__is_walking,False,2.360051155090332,0.0002848673611879349,0.0006723015448191205
90051,26.0,0.0074738264083862305,12,lag_15__T2__is_walking,T2__is_walking,False,-2.2968344688415527,0.0002757746260613203,-0.0006334086667695304
90051,26.0,0.0074738264083862305,13,lag_05__T_duck_amount_mean,T_duck_amount_mean,False,1.3515381813049316,0.0004684114537667483,0.0006330759643263101
90051,26.0,0.0074738264083862305,14,lag_14__CT4__is_walking,CT4__is_walking,False,-2.384641170501709,-0.00023444277758244425,0.0005590618995498717
90051,26.0,0.0074738264083862305,15,lag_06__CT_walking_count,CT_walking_count,False,-0.8974475860595703,0.0006055900012142956,-0.0005434852847315819
90051,26.0,0.0074738264083862305,16,lag_11__CT2__duck_amount,CT2__duck_amount,False,3.8097944259643555,0.00014155225653667003,0.000539284997936082
90051,26.0,0.0074738264083862305,17,lag_09__CT2__is_walking,CT2__is_walking,False,-2.360051155090332,0.00022345520847011358,-0.0005273657228608425
90051,26.0,0.0074738264083862305,18,lag_13__T4__is_walking,T4__is_walking,False,2.307980537414551,0.00022372216335497797,0.000516346398811568
90051,26.0,0.0074738264083862305,19,lag_00__T2__is_walking,T2__is_walking,False,2.2968344688415527,0.00020105449948459864,0.00046178890453191235
90051,26.0,0.0074738264083862305,20,lag_00__T_duck_amount_mean,T_duck_amount_mean,False,-1.1631747484207153,-0.00039432779885828495,0.00045867213823228004
90659,35.5,0.006983160972595215,1,lag_14__T1__is_walking,T1__is_walking,False,2.281590461730957,0.0011821426451206207,0.002697165383512612
90659,35.5,0.006983160972595215,2,lag_04__T5__duck_amount,T5__duck_amount,False,3.120408773422241,0.0007466314127668738,0.002329795210910396
90659,35.5,0.006983160972595215,3,lag_11__T5__is_walking,T5__is_walking,False,2.3193888664245605,0.0008092483039945364,0.001876961506457886
90659,35.5,0.006983160972595215,4,lag_14__T2__is_walking,T2__is_walking,False,-2.2968344688415527,0.0008073250064626336,-0.0018542919024011062
90659,35.5,0.006983160972595215,5,lag_06__CT5__is_walking,CT5__is_walking,False,-2.396676540374756,0.0007474157609976828,-0.0017913138202894918
90659,35.5,0.006983160972595215,6,lag_03__T5__duck_amount,T5__duck_amount,False,-3.120408773422241,0.0005301015335135162,-0.0016541334759801601
90659,35.5,0.006983160972595215,7,lag_13__T1__is_walking,T1__is_walking,False,-2.281590461730957,0.0005743312649428844,-0.0013103887359675603
90659,35.5,0.006983160972595215,8,lag_03__T5__is_walking,T5__is_walking,False,2.3193888664245605,0.0005058168899267912,0.001173186062945697
90659,35.5,0.006983160972595215,9,lag_07__T5__is_walking,T5__is_walking,False,-2.3193888664245605,-0.0004835304862353951,0.0011214952263512296
90659,35.5,0.006983160972595215,10,lag_05__CT5__is_walking,CT5__is_walking,False,2.396676540374756,0.00039863071287982166,0.0009553888778319336
90659,35.5,0.006983160972595215,11,lag_12__T_place_BACKOFB,T_place_BACKOFB,False,5.37125825881958,-0.00017640100850258023,-0.000947495373783587
90659,35.5,0.006983160972595215,12,lag_12__T4__duck_amount,T4__duck_amount,False,-3.6976382732391357,0.00023508725280407816,-0.0008692676235190037
90659,35.5,0.006983160972595215,13,lag_05__CT2__is_walking,CT2__is_walking,False,2.360051155090332,0.000348549714544788,0.0008225951564178324
90659,35.5,0.006983160972595215,14,lag_01__T1__is_walking,T1__is_walking,False,-2.281590461730957,0.0003507422807160765,-0.0008002502422075619
90659,35.5,0.006983160972595215,15,lag_09__CT_walking_count,CT_walking_count,False,-1.7948952913284302,0.0004410576948430389,-0.0007916523796779422
90659,35.5,0.006983160972595215,16,lag_12__CT2__is_walking,CT2__is_walking,False,-2.360051155090332,-0.0003027152270078659,0.000714423421163346
90659,35.5,0.006983160972595215,17,lag_11__T4__is_walking,T4__is_walking,False,2.307980537414551,0.00030810022144578397,0.0007110893146699826
90659,35.5,0.006983160972595215,18,lag_03__T_walking_count,T_walking_count,False,1.5941797494888306,0.0004396236618049443,0.0007008391390455684
90659,35.5,0.006983160972595215,19,lag_10__CT2__is_walking,CT2__is_walking,False,2.360051155090332,0.0002848673611879349,0.0006723015448191205
90659,35.5,0.006983160972595215,20,lag_05__T5__is_walking,T5__is_walking,False,-2.3193888664245605,0.00028558424673974514,-0.0006623809223144095
90179,28.0,0.006918013095855713,1,lag_01__T_place_BACKOFB,T_place_BACKOFB,False,2.685629367828369,-0.0007260445272549987,-0.0019498865047470892
90179,28.0,0.006918013095855713,2,lag_14__T2__is_walking,T2__is_walking,False,2.2968344688415527,0.0008073250064626336,0.0018542919024011062
90179,28.0,0.006918013095855713,3,lag_03__T5__is_scoped,T5__is_scoped,False,-4.76965856552124,-0.00029426347464323044,0.0014035363023521263
90179,28.0,0.006918013095855713,4,lag_11__CT4__is_walking,CT4__is_walking,False,-2.384641170501709,-0.0005822545499540865,0.0013884681715324587
90179,28.0,0.006918013095855713,5,lag_14__CT2__duck_amount,CT2__duck_amount,False,-3.8097944259643555,-0.00036184501368552446,0.001378555116202107
90179,28.0,0.006918013095855713,6,lag_00__T1__duck_amount,T1__duck_amount,False,3.915480136871338,-0.0003204351814929396,-0.0012546575882903671
90179,28.0,0.006918013095855713,7,lag_03__T5__is_walking,T5__is_walking,False,2.3193888664245605,0.0005058168899267912,0.001173186062945697
90179,28.0,0.006918013095855713,8,lag_04__T2__duck_amount,T2__duck_amount,False,-3.8233180046081543,0.00029647169867530465,-0.0011335055834020558
90179,28.0,0.006918013095855713,9,lag_07__T2__duck_amount,T2__duck_amount,False,-3.8233180046081543,-0.00029396728496067226,0.0011239304133559141
90179,28.0,0.006918013095855713,10,lag_02__CT5__duck_amount,CT5__duck_amount,False,3.7749595642089844,0.00029041353263892233,0.001096299342611018
90179,28.0,0.006918013095855713,11,lag_15__CT2__duck_amount,CT2__duck_amount,False,3.8097944259643555,0.00026341096963733435,0.0010035416438621825
90179,28.0,0.006918013095855713,12,lag_01__T_place_TSIDEUPPER,T_place_TSIDEUPPER,False,-2.5222225189208984,0.0003913661348633468,-0.0009871124784953667
90179,28.0,0.006918013095855713,13,lag_01__T1__is_walking,T1__is_walking,False,-2.281590461730957,0.0003507422807160765,-0.0008002502422075619
90179,28.0,0.006918013095855713,14,lag_05__T2__duck_amount,T2__duck_amount,False,3.8233180046081543,0.00019781262381002307,0.0007563005661516409
90179,28.0,0.006918013095855713,15,lag_14__CT_place_TUNNELS,CT_place_TUNNELS,False,3.060441493988037,-0.00024653811124153435,-0.0007545154654930303
90179,28.0,0.006918013095855713,16,lag_04__CT2__is_walking,CT2__is_walking,False,2.360051155090332,0.00031794121605344117,0.0007503575341977486
90179,28.0,0.006918013095855713,17,lag_10__T4__is_walking,T4__is_walking,False,-2.307980537414551,0.00030948067433200777,-0.0007142753730642049
90179,28.0,0.006918013095855713,18,lag_14__CT1__is_walking,CT1__is_walking,False,-2.3343825340270996,0.00027582611073739827,-0.0006438836553340072
90179,28.0,0.006918013095855713,19,lag_09__T2__is_walking,T2__is_walking,False,-2.2968344688415527,-0.00026042977697215974,0.0005981640884623746
90179,28.0,0.006918013095855713,20,lag_06__CT2__duck_amount,CT2__duck_amount,False,2.95105242729187,0.00020113190112169832,0.0005935507850110162
91491,48.5,-0.006694598123431206,1,lag_00__T5__duck_amount,T5__duck_amount,False,3.7970333099365234,-0.0009015231626108289,-0.0034231134781126382
91491,48.5,-0.006694598123431206,2,lag_15__CT5__is_walking,CT5__is_walking,False,-2.396676540374756,0.0013547196285799146,-0.003246824752602684
91491,48.5,-0.006694598123431206,3,lag_02__T5__is_scoped,T5__is_scoped,False,-4.76965856552124,-0.000631161907222122,0.0030104267970127163
91491,48.5,-0.006694598123431206,4,lag_02__T_kills_last_3s,T_kills_last_3s,False,-3.1681017875671387,-0.0008460946846753359,0.002680514082970986
91491,48.5,-0.006694598123431206,5,lag_05__T_place_BACKOFB,T_place_BACKOFB,False,-2.685629367828369,0.0008683480555191636,-0.002332061039398925
91491,48.5,-0.006694598123431206,6,lag_02__kill_diff_last_3s,kill_diff_last_3s,False,2.4069459438323975,0.0008022469701245427,0.0019309650906930986
91491,48.5,-0.006694598123431206,7,lag_12__T3__has_bomb,T3__has_bomb,False,-3.15621280670166,0.0005956401000730693,-0.00187996691203568
91491,48.5,-0.006694598123431206,8,lag_09__T_velocity_mean,T_velocity_mean,False,-3.7879016399383545,-0.0004715573159046471,0.0017862127302401415
91491,48.5,-0.006694598123431206,9,lag_12__kill_diff_last_3s,kill_diff_last_3s,False,2.4069459438323975,0.000720584241207689,0.001734407316564393
91491,48.5,-0.006694598123431206,10,lag_00__T_bomb_zone_count,T_bomb_zone_count,False,5.821373462677002,-0.000284221168840304,-0.0016545575698179854
91491,48.5,-0.006694598123431206,11,lag_02__bomb_events_last_5s,bomb_events_last_5s,False,-2.0894012451171875,-0.0007214415818452835,0.0015073809393868487
91491,48.5,-0.006694598123431206,12,lag_09__T5__is_scoped,T5__is_scoped,False,4.76965856552124,0.0002977944095619023,0.0014203776563312676
91491,48.5,-0.006694598123431206,13,lag_05__T_place_BOMBSITEB,T_place_BOMBSITEB,False,1.5607836246490479,-0.0007512488518841565,-0.0011725369060571894
91491,48.5,-0.006694598123431206,14,lag_05__T_macro_B,T_macro_B,False,1.5607836246490479,-0.0007512488518841565,-0.0011725369060571894
91491,48.5,-0.006694598123431206,15,lag_00__T_duck_amount_mean,T_duck_amount_mean,False,2.952670097351074,-0.00039432779885828495,-0.001164319900243127
91491,48.5,-0.006694598123431206,16,lag_05__T5__is_scoped,T5__is_scoped,False,4.76965856552124,-0.00024125359777826816,-0.0011506972891059328
91491,48.5,-0.006694598123431206,17,lag_08__T_kills_last_3s,T_kills_last_3s,False,3.1681017875671387,0.0003603239019867033,0.0011415427979872411
91491,48.5,-0.006694598123431206,18,lag_11__bomb_events_last_5s,bomb_events_last_5s,False,2.0894012451171875,-0.0005411767051555216,-0.001130735281580364
91491,48.5,-0.006694598123431206,19,lag_10__T_velocity_mean,T_velocity_mean,False,1.807494044303894,-0.000568096642382443,-0.0010268312976953048
91491,48.5,-0.006694598123431206,20,lag_02__T_scoped_count,T_scoped_count,False,-2.8811259269714355,-0.00035292826942168176,0.0010168307873919674
90211,28.5,-0.006643116474151611,1,lag_00__T5__duck_amount,T5__duck_amount,False,3.7970333099365234,-0.0009015231626108289,-0.0034231134781126382
90211,28.5,-0.006643116474151611,2,lag_02__T_place_BACKOFB,T_place_BACKOFB,False,2.685629367828369,-0.0007645132136531174,-0.0020531991386796566
90211,28.5,-0.006643116474151611,3,lag_14__T4__is_walking,T4__is_walking,False,2.307980537414551,-0.0007831009570509195,-0.0018073817677042303
90211,28.5,-0.006643116474151611,4,lag_10__T2__is_walking,T2__is_walking,False,-2.2968344688415527,-0.0005949884653091431,0.0013665900156851762
90211,28.5,-0.006643116474151611,5,lag_00__T1__duck_amount,T1__duck_amount,False,-3.915480136871338,-0.0003204351814929396,0.0012546575882903671
90211,28.5,-0.006643116474151611,6,lag_02__T1__is_walking,T1__is_walking,False,-2.281590461730957,0.0005318687180988491,-0.0012135065941074052
90211,28.5,-0.006643116474151611,7,lag_04__T5__is_walking,T5__is_walking,False,2.3193888664245605,0.0004941538791172206,0.0011461350055249897
90211,28.5,-0.006643116474151611,8,lag_07__CT2__is_walking,CT2__is_walking,False,-2.360051155090332,0.00046788144391030073,-0.0011042241421458376
90211,28.5,-0.006643116474151611,9,lag_02__CT5__duck_amount,CT5__duck_amount,False,-3.7749595642089844,0.00029041353263892233,-0.001096299342611018
90211,28.5,-0.006643116474151611,10,lag_04__T5__is_scoped,T5__is_scoped,False,-4.76965856552124,-0.00022739746782463044,0.0010846082801875892
90211,28.5,-0.006643116474151611,11,lag_15__CT2__duck_amount,CT2__duck_amount,False,-3.8097944259643555,0.00026341096963733435,-0.0010035416438621825
90211,28.5,-0.006643116474151611,12,lag_00__T5__is_walking,T5__is_walking,False,-2.3193888664245605,0.0004155206261202693,-0.000963753913993115
90211,28.5,-0.006643116474151611,13,lag_02__T_place_TSIDEUPPER,T_place_TSIDEUPPER,False,-2.5222225189208984,0.0003307448059786111,-0.0008342119976553763
90211,28.5,-0.006643116474151611,14,lag_05__CT2__is_walking,CT2__is_walking,False,2.360051155090332,0.000348549714544788,0.0008225951564178324
90211,28.5,-0.006643116474151611,15,lag_05__T2__duck_amount,T2__duck_amount,False,-3.8233180046081543,0.00019781262381002307,-0.0007563005661516409
90211,28.5,-0.006643116474151611,16,lag_04__CT2__is_walking,CT2__is_walking,False,-2.360051155090332,0.00031794121605344117,-0.0007503575341977486
90211,28.5,-0.006643116474151611,17,lag_02__CT_velocity_mean,CT_velocity_mean,False,-2.0815579891204834,-0.00035153559292666614,0.000731741721916708
90211,28.5,-0.006643116474151611,18,lag_12__CT2__is_walking,CT2__is_walking,False,2.360051155090332,-0.0003027152270078659,-0.000714423421163346
90211,28.5,-0.006643116474151611,19,lag_11__T4__is_walking,T4__is_walking,False,-2.307980537414551,0.00030810022144578397,-0.0007110893146699826
90211,28.5,-0.006643116474151611,20,lag_03__T2__is_walking,T2__is_walking,False,-2.2968344688415527,0.0003062767500523478,-0.0007034669965250012
88643,4.0,-0.0063932836055755615,1,lag_04__CT_place_ENTRANCE,CT_place_ENTRANCE,False,8.872631072998047,-0.0005141369765624404,-0.004561747714025177
88643,4.0,-0.0063932836055755615,2,lag_03__CT_place_ENTRANCE,CT_place_ENTRANCE,False,8.872629165649414,-0.00035744643537327647,-0.0031714896676503512
88643,4.0,-0.0063932836055755615,3,lag_00__bomb_events_last_5s,bomb_events_last_5s,False,2.0894012451171875,0.001406742143444717,0.0029392487860722127
88643,4.0,-0.0063932836055755615,4,lag_05__CT_place_ENTRANCE,CT_place_ENTRANCE,False,8.87263011932373,-0.00028864701744168997,-0.0025610582208061006
88643,4.0,-0.0063932836055755615,5,lag_02__CT_place_ENTRANCE,CT_place_ENTRANCE,False,-8.872629165649414,-0.0002431387547403574,0.002157280006608975
88643,4.0,-0.0063932836055755615,6,lag_08__T3__has_bomb,T3__has_bomb,False,2.798933982849121,-0.0005684243515133858,-0.0015909822341297897
88643,4.0,-0.0063932836055755615,7,lag_08__T5__molly,T5__molly,True,1.579392433166504,0.0008572957012802362,0.0013540063435881766
88643,4.0,-0.0063932836055755615,8,lag_07__T_velocity_mean,T_velocity_mean,False,2.891570568084717,0.0003124859358649701,0.0009035751350875559
88643,4.0,-0.0063932836055755615,9,lag_08__CT2__molly,CT2__molly,True,1.9538549184799194,-0.0003749283205252141,-0.0007325555431356053
88643,4.0,-0.0063932836055755615,10,lag_07__T3__smoke,T3__smoke,True,-2.173264503479004,-0.00033145310590043664,0.0007203352696212861
88643,4.0,-0.0063932836055755615,11,lag_08__CT_place_CTSPAWN,CT_place_CTSPAWN,False,4.78255033493042,-0.00014830203144811094,-0.0007092619301730246
88643,4.0,-0.0063932836055755615,12,lag_03__T_velocity_mean,T_velocity_mean,False,-0.6799192428588867,-0.0010220569092780352,0.0006949161599150155
88643,4.0,-0.0063932836055755615,13,lag_08__T_molly_inv,T_molly_inv,True,2.267718553543091,0.00030365196289494634,0.000688597190076648
88643,4.0,-0.0063932836055755615,14,lag_01__CT_place_ENTRANCE,CT_place_ENTRANCE,False,-8.872631072998047,6.307112926151603e-05,-0.0005596068612948035
88643,4.0,-0.0063932836055755615,15,lag_08__T2__flash,T2__flash,True,2.2263786792755127,-0.00024891094653867185,-0.000554170024411986
88643,4.0,-0.0063932836055755615,16,lag_08__T5__utility_total,T5__utility_total,True,2.3136963844299316,0.00023329287068918347,0.0005397688714268434
88643,4.0,-0.0063932836055755615,17,lag_08__CT2__utility_total,CT2__utility_total,True,1.98095703125,-0.0002543981245253235,-0.0005039517535152527
88643,4.0,-0.0063932836055755615,18,lag_04__T_velocity_mean,T_velocity_mean,False,0.7643201351165771,-0.000624043052084744,-0.0004769686698879727
88643,4.0,-0.0063932836055755615,19,lag_08__CT2__has_defuser,CT2__has_defuser,False,1.5125796794891357,-0.0003070637467317283,-0.00046445838361421077
88643,4.0,-0.0063932836055755615,20,lag_08__CT2__smoke,CT2__smoke,True,1.5045274496078491,-0.0003058771544601768,-0.00046020057509327597
91459,48.0,-0.006017768755555153,1,lag_01__T5__is_scoped,T5__is_scoped,False,-4.76965856552124,-0.0009905442129820585,0.004724557689977371
91459,48.0,-0.006017768755555153,2,lag_04__T_place_BACKOFB,T_place_BACKOFB,False,-2.685629367828369,0.0014587530167773366,-0.003917669942265445
91459,48.0,-0.006017768755555153,3,lag_08__CT3__is_scoped,CT3__is_scoped,False,4.548114776611328,0.0007028341642580926,0.0031965704479695045
91459,48.0,-0.006017768755555153,4,lag_00__bomb_events_last_5s,bomb_events_last_5s,False,-2.0894012451171875,0.001406742143444717,-0.0029392487860722127
91459,48.0,-0.006017768755555153,5,lag_01__T_kills_last_3s,T_kills_last_3s,False,-3.1681017875671387,-0.0007412446429952979,0.002348338478497969
91459,48.0,-0.006017768755555153,6,lag_01__kill_diff_last_3s,kill_diff_last_3s,False,2.4069459438323975,0.0009214926394633949,0.002217982970827828
91459,48.0,-0.006017768755555153,7,lag_04__CT3__is_scoped,CT3__is_scoped,False,-4.548114776611328,-0.00046657503116875887,0.002122036793656523
91459,48.0,-0.006017768755555153,8,lag_10__bomb_events_last_5s,bomb_events_last_5s,False,2.0894012451171875,-0.0009470982477068901,-0.0019788682580070827
91459,48.0,-0.006017768755555153,9,lag_13__T_kills_last_3s,T_kills_last_3s,False,-3.1681017875671387,-0.0006141294143162668,0.0019456244952929247
91459,48.0,-0.006017768755555153,10,lag_01__T_scoped_count,T_scoped_count,False,-2.8811259269714355,-0.00057224091142416,0.0016486981263779121
91459,48.0,-0.006017768755555153,11,lag_04__T_macro_B,T_macro_B,False,1.5607836246490479,-0.0008855140185914934,-0.0013820957796147754
91459,48.0,-0.006017768755555153,12,lag_04__T_place_BOMBSITEB,T_place_BOMBSITEB,False,1.5607836246490479,-0.0008855140185914934,-0.0013820957796147754
91459,48.0,-0.006017768755555153,13,lag_05__CT_kills_last_3s,CT_kills_last_3s,False,-2.8871407508850098,-0.0004508396377786994,0.00130163749034512
91459,48.0,-0.006017768755555153,14,lag_08__CT_place_CONNECTOR,CT_place_CONNECTOR,False,3.575894594192505,-0.00034727773163467646,-0.001241828563235875
91459,48.0,-0.006017768755555153,15,lag_11__bomb_events_last_5s,bomb_events_last_5s,False,2.0894012451171875,-0.0005411767051555216,-0.001130735281580364
91459,48.0,-0.006017768755555153,16,lag_04__T5__is_scoped,T5__is_scoped,False,4.76965856552124,-0.00022739746782463044,-0.0010846082801875892
91459,48.0,-0.006017768755555153,17,lag_11__T_place_BACKOFB,T_place_BACKOFB,False,-5.371258735656738,-0.0002010483294725418,0.0010798825959685843
91459,48.0,-0.006017768755555153,18,lag_13__T_place_BACKOFB,T_place_BACKOFB,False,-2.685628890991211,-0.00038829795084893703,0.0010428241951125905
91459,48.0,-0.006017768755555153,19,lag_04__T_flashed_players,T_flashed_players,False,-1.9296237230300903,-0.0004993505426682532,0.0009635586532406107
91459,48.0,-0.006017768755555153,20,lag_13__kill_diff_last_3s,kill_diff_last_3s,False,2.4069459438323975,0.00038388598477467895,0.000923992813947519
88419,0.5,-0.005476534366607666,1,lag_00__T_velocity_mean,T_velocity_mean,False,2.891570568084717,-0.0005702452035620809,-0.0016489042472115911
88419,0.5,-0.005476534366607666,2,lag_00__T3__smoke,T3__smoke,True,-2.173264503479004,0.0005001936806365848,-0.0010870531709920028
88419,0.5,-0.005476534366607666,3,lag_01__CT4__utility_total,CT4__utility_total,True,1.935933232307434,0.0004416384908836335,0.0008549826311677299
88419,0.5,-0.005476534366607666,4,lag_00__CT_velocity_mean,CT_velocity_mean,False,3.495476722717285,-0.00023856473853811622,-0.0008338974904211205
88419,0.5,-0.005476534366607666,5,lag_01__T_velocity_mean,T_velocity_mean,False,-1.7359485626220703,0.0004518402856774628,-0.0007843714944565372
88419,0.5,-0.005476534366607666,6,lag_01__T5__molly,T5__molly,True,1.579392433166504,0.0004915526951663196,0.0007763546072482863
88419,0.5,-0.005476534366607666,7,lag_01__CT2__molly,CT2__molly,True,1.9538549184799194,0.0003928603255189955,0.0007675920792909116
88419,0.5,-0.005476534366607666,8,lag_01__CT4__smoke,CT4__smoke,True,1.5279382467269897,0.00048032679478637874,0.0007339096806818941
88419,0.5,-0.005476534366607666,9,lag_01__CT2__utility_total,CT2__utility_total,True,1.98095703125,0.00036868429742753506,0.0007303477513005419
88419,0.5,-0.005476534366607666,10,lag_01__CT2__has_defuser,CT2__has_defuser,False,1.5125796794891357,0.000366856373148039,0.0005548994953148076
88419,0.5,-0.005476534366607666,11,lag_01__CT2__smoke,CT2__smoke,True,1.5045274496078491,0.00036657447344623506,0.0005515213576254042
88419,0.5,-0.005476534366607666,12,lag_01__T3__smoke,T3__smoke,True,1.5118021965026855,0.00035450776340439916,0.000535945615392025
88419,0.5,-0.005476534366607666,13,lag_01__CT_smoke_inv,CT_smoke_inv,True,2.3161351680755615,0.00022449296375270933,0.0005199560483331624
88419,0.5,-0.005476534366607666,14,lag_01__CT4__has_helmet,CT4__has_helmet,False,1.0979676246643066,0.00047224058653227985,0.0005185048750649263
88419,0.5,-0.005476534366607666,15,lag_01__T2__flash,T2__flash,True,2.2263786792755127,-0.00021758172078989446,-0.0004844193041666986
88419,0.5,-0.005476534366607666,16,lag_01__CT_utility_inv,CT_utility_inv,True,2.6078243255615234,0.00017229586956091225,0.0004493173598347222
88419,0.5,-0.005476534366607666,17,lag_01__CT_velocity_mean,CT_velocity_mean,False,-1.694637656211853,-0.0002614934928715229,0.00044313671987444847
88419,0.5,-0.005476534366607666,18,lag_01__CT4__flash,CT4__flash,True,1.0217740535736084,0.0004003691428806633,0.0004090868020469665
88419,0.5,-0.005476534366607666,19,lag_01__CT2__has_helmet,CT2__has_helmet,False,1.108473539352417,0.0003677343192975968,0.00040762376245315896
88419,0.5,-0.005476534366607666,20,lag_01__CT4__armor,CT4__armor,False,0.6839944124221802,0.000586639333050698,0.00040125802591375187
90691,36.0,-0.005407929420471191,1,lag_05__T5__duck_amount,T5__duck_amount,False,3.120408773422241,0.0014751291600987315,0.004603005973103064
90691,36.0,-0.005407929420471191,2,lag_00__bomb_events_last_5s,bomb_events_last_5s,False,2.0894012451171875,0.001406742143444717,0.0029392487860722127
90691,36.0,-0.005407929420471191,3,lag_07__CT5__is_walking,CT5__is_walking,False,-2.396676540374756,0.00122153852134943,-0.002927632717282247
90691,36.0,-0.005407929420471191,4,lag_14__T1__is_walking,T1__is_walking,False,-2.281590461730957,0.0011821426451206207,-0.002697165383512612
90691,36.0,-0.005407929420471191,5,lag_12__T4__is_walking,T4__is_walking,False,2.307980537414551,0.0010799213778227568,0.0024924375219528283
90691,36.0,-0.005407929420471191,6,lag_04__T5__duck_amount,T5__duck_amount,False,-3.120408773422241,0.0007466314127668738,-0.002329795210910396
90691,36.0,-0.005407929420471191,7,lag_13__T_place_BACKOFB,T_place_BACKOFB,False,5.37125825881958,-0.00038829795084893703,-0.0020856485753800724
90691,36.0,-0.005407929420471191,8,lag_06__CT5__is_walking,CT5__is_walking,False,2.396676540374756,0.0007474157609976828,0.0017913138202894918
90691,36.0,-0.005407929420471191,9,lag_13__T1__is_walking,T1__is_walking,False,2.281590461730957,0.0005743312649428844,0.0013103887359675603
90691,36.0,-0.005407929420471191,10,lag_02__T1__is_walking,T1__is_walking,False,-2.281590461730957,0.0005318687180988491,-0.0012135065941074052
90691,36.0,-0.005407929420471191,11,lag_03__CT5__is_walking,CT5__is_walking,False,2.396676540374756,-0.0004981851670891047,-0.001193988702725135
90691,36.0,-0.005407929420471191,12,lag_04__T5__is_walking,T5__is_walking,False,2.3193888664245605,0.0004941538791172206,0.0011461350055249897
90691,36.0,-0.005407929420471191,13,lag_07__T5__is_walking,T5__is_walking,False,2.3193888664245605,-0.0004835304862353951,-0.0011214952263512296
90691,36.0,-0.005407929420471191,14,lag_06__CT_walking_count,CT_walking_count,False,1.7948951721191406,0.0006055900012142956,0.0010869705694631637
90691,36.0,-0.005407929420471191,15,lag_05__CT5__is_walking,CT5__is_walking,False,-2.396676540374756,0.00039863071287982166,-0.0009553888778319336
90691,36.0,-0.005407929420471191,16,lag_13__T5__duck_amount,T5__duck_amount,False,-3.7970333099365234,0.00022285939485300332,-0.0008462045456891498
90691,36.0,-0.005407929420471191,17,lag_06__T4__duck_amount,T4__duck_amount,False,-2.610276699066162,0.0003161067725159228,-0.0008251261427153211
90691,36.0,-0.005407929420471191,18,lag_01__T1__is_walking,T1__is_walking,False,2.281590461730957,0.0003507422807160765,0.0008002502422075619
90691,36.0,-0.005407929420471191,19,lag_01__T4__is_walking,T4__is_walking,False,-2.307980537414551,0.00032857785117812455,-0.0007583512855446062
90691,36.0,-0.005407929420471191,20,lag_04__CT2__is_walking,CT2__is_walking,False,-2.360051155090332,0.00031794121605344117,-0.0007503575341977486
89187,12.5,-0.005085885524749756,1,lag_05__T_A_site_active_infernos,T_A_site_active_infernos,True,5.952910423278809,-0.0010160127421841025,-0.006048232843131829
89187,12.5,-0.005085885524749756,2,lag_06__CT_place_ELECTRICALBOX,CT_place_ELECTRICALBOX,False,-11.624896049499512,-0.0003199731872882694,0.0037196550408531703
89187,12.5,-0.005085885524749756,3,lag_05__T_active_infernos,T_active_infernos,True,6.247930526733398,-0.0005752261495217681,-0.003593973019372365
89187,12.5,-0.005085885524749756,4,lag_10__T_place_TSTAIRS,T_place_TSTAIRS,False,-11.337933540344238,-0.00031488449894823134,0.003570139521959642
89187,12.5,-0.005085885524749756,5,lag_00__T5__duck_amount,T5__duck_amount,False,3.7970333099365234,-0.0009015231626108289,-0.0034231134781126382
89187,12.5,-0.005085885524749756,6,lag_01__CT3__is_scoped,CT3__is_scoped,False,4.548114776611328,-0.0007493767188861966,-0.003408251328414824
89187,12.5,-0.005085885524749756,7,lag_04__bomb_events_last_5s,bomb_events_last_5s,False,-2.0894012451171875,-0.0015195802552625537,0.0031750128774010733
89187,12.5,-0.005085885524749756,8,lag_05__T_B_site_active_infernos,T_B_site_active_infernos,True,2.8273046016693115,-0.001039572642184794,-0.0029391885150185926
89187,12.5,-0.005085885524749756,9,lag_01__T5__flash_duration,T5__flash_duration,True,5.611483097076416,0.00048301383503712714,0.0027104239709648953
89187,12.5,-0.005085885524749756,10,lag_03__T_flashed_players,T_flashed_players,False,1.9296237230300903,-0.0011743403738364577,-0.0022660350442668536
89187,12.5,-0.005085885524749756,11,lag_01__T2__flash_duration,T2__flash_duration,True,6.246918201446533,-0.00028810492949560285,-0.0017997679279925516
89187,12.5,-0.005085885524749756,12,lag_05__active_infernos_total,active_infernos_total,True,4.310336589813232,-0.0003671464219223708,-0.001582524656231002
89187,12.5,-0.005085885524749756,13,lag_02__bomb_events_last_5s,bomb_events_last_5s,False,-2.0894012451171875,-0.0007214415818452835,0.0015073809393868487
89187,12.5,-0.005085885524749756,14,lag_05__bomb_events_last_5s,bomb_events_last_5s,False,-2.0894010066986084,-0.000661213940475136,0.001381541072871903
89187,12.5,-0.005085885524749756,15,lag_00__CT_place_BACKOFB,CT_place_BACKOFB,False,-5.709421634674072,-0.00023020234948489815,0.0013143222745018793
89187,12.5,-0.005085885524749756,16,lag_11__T_place_TSTAIRS,T_place_TSTAIRS,False,-5.668967247009277,-0.00022220548999030143,0.0012596756448606666
89187,12.5,-0.005085885524749756,17,lag_08__CT_place_CONNECTOR,CT_place_CONNECTOR,False,-3.575894832611084,-0.00034727773163467646,0.0012418286460333383
89187,12.5,-0.005085885524749756,18,lag_04__T5__is_scoped,T5__is_scoped,False,4.76965856552124,-0.00022739746782463044,-0.0010846082801875892
89187,12.5,-0.005085885524749756,19,lag_03__CT_place_LONGDOG,CT_place_LONGDOG,False,6.523001194000244,-0.00015094535774551332,-0.0009846167488027774
89187,12.5,-0.005085885524749756,20,lag_10__CT_place_CONNECTOR,CT_place_CONNECTOR,False,-3.575894355773926,-0.0002647607761900872,0.0009467565652084564
91683,51.5,-0.005016472190618515,1,lag_14__CT_place_LONGDOG,CT_place_LONGDOG,False,-6.523001194000244,-0.0005753655568696558,0.0037531102144473805
91683,51.5,-0.005016472190618515,2,lag_00__T5__is_scoped,T5__is_scoped,False,-4.76965856552124,0.0006973732961341739,-0.003326232515272143
91683,51.5,-0.005016472190618515,3,lag_03__CT_place_ENTRANCE,CT_place_ENTRANCE,False,8.87263011932373,-0.00035744643537327647,-0.003171490008537836
91683,51.5,-0.005016472190618515,4,lag_00__bomb_events_last_5s,bomb_events_last_5s,False,2.0894012451171875,0.001406742143444717,0.0029392487860722127
91683,51.5,-0.005016472190618515,5,lag_04__T5__duck_amount,T5__duck_amount,False,-3.7970333099365234,0.0007466314127668738,-0.0028349843445207856
91683,51.5,-0.005016472190618515,6,lag_12__kill_diff_last_3s,kill_diff_last_3s,False,-2.4069459438323975,0.000720584241207689,-0.001734407316564393
91683,51.5,-0.005016472190618515,7,lag_06__T_A_site_active_infernos,T_A_site_active_infernos,True,-2.9764554500579834,-0.0005767792463302612,0.0017167577312200422
91683,51.5,-0.005016472190618515,8,lag_00__T_bomb_zone_count,T_bomb_zone_count,False,-5.821373462677002,-0.000284221168840304,0.0016545575698179854
91683,51.5,-0.005016472190618515,9,lag_06__T_B_site_active_infernos,T_B_site_active_infernos,True,-2.8273046016693115,-0.0005819264333695173,0.0016452832828986463
91683,51.5,-0.005016472190618515,10,lag_06__T5__duck_amount,T5__duck_amount,False,3.7970333099365234,0.0004183355194982141,0.001588433902264319
91683,51.5,-0.005016472190618515,11,lag_08__bomb_events_last_5s,bomb_events_last_5s,False,-2.0894012451171875,-0.0006307293078862131,0.0013178466012293555
91683,51.5,-0.005016472190618515,12,lag_00__T_scoped_count,T_scoped_count,False,-2.8811259269714355,0.000421250268118456,-0.0012136750692197523
91683,51.5,-0.005016472190618515,13,lag_08__T_kills_last_3s,T_kills_last_3s,False,-3.1681017875671387,0.0003603239019867033,-0.0011415427979872411
91683,51.5,-0.005016472190618515,14,lag_15__T5__is_scoped,T5__is_scoped,False,4.76965856552124,-0.0002332222939003259,-0.0011123907117722015
91683,51.5,-0.005016472190618515,15,lag_04__T5__is_scoped,T5__is_scoped,False,4.76965856552124,-0.00022739746782463044,-0.0010846082801875892
91683,51.5,-0.005016472190618515,16,lag_04__T_damage_last_5s,T_damage_last_5s,False,-2.3258702754974365,-0.00044596323277801275,0.001037252627083124
91683,51.5,-0.005016472190618515,17,lag_11__T5__is_scoped,T5__is_scoped,False,4.76965856552124,0.0001927924604387954,0.0009195542102998153
91683,51.5,-0.005016472190618515,18,lag_06__T_bomb_zone_count,T_bomb_zone_count,False,5.821373462677002,-0.00015118683222681284,-0.0008801150130313684
91683,51.5,-0.005016472190618515,19,lag_08__kill_diff_last_3s,kill_diff_last_3s,False,2.4069459438323975,-0.000362605438567698,-0.0008727716895720883
91683,51.5,-0.005016472190618515,20,lag_00__CT1__is_walking,CT1__is_walking,False,2.3343825340270996,-0.00034733660868369043,-0.0008108165127394124
90787,37.5,-0.004736185073852539,1,lag_07__T5__duck_amount,T5__duck_amount,False,-3.120408773422241,-0.0007908621919341385,0.0024678133222792303
90787,37.5,-0.004736185073852539,2,lag_03__bomb_events_last_5s,bomb_events_last_5s,False,2.0894012451171875,-0.0011432892642915249,-0.0023887900123398254
90787,37.5,-0.004736185073852539,3,lag_10__CT5__is_walking,CT5__is_walking,False,-2.396676540374756,-0.0007865490624681115,0.0018851036858710812
90787,37.5,-0.004736185073852539,4,lag_11__T5__is_walking,T5__is_walking,False,-2.3193888664245605,0.0008092483039945364,-0.001876961506457886
90787,37.5,-0.004736185073852539,5,lag_06__CT5__is_walking,CT5__is_walking,False,2.396676540374756,0.0007474157609976828,0.0017913138202894918
90787,37.5,-0.004736185073852539,6,lag_08__T5__duck_amount,T5__duck_amount,False,3.120408773422241,-0.0005669594393111765,-0.00176914520860115
90787,37.5,-0.004736185073852539,7,lag_08__CT5__is_walking,CT5__is_walking,False,-2.396676540374756,0.0006633211160078645,-0.0015897661574712507
90787,37.5,-0.004736185073852539,8,lag_02__bomb_events_last_5s,bomb_events_last_5s,False,2.0894012451171875,-0.0007214415818452835,-0.0015073809393868487
90787,37.5,-0.004736185073852539,9,lag_02__T2__duck_amount,T2__duck_amount,False,-3.8233180046081543,0.00032444120733998716,-0.0012404419094597802
90787,37.5,-0.004736185073852539,10,lag_03__T_bomb_carrier_alive,T_bomb_carrier_alive,False,-2.123861789703369,-0.0005393453175202012,0.0011454949113365864
90787,37.5,-0.004736185073852539,11,lag_07__T5__is_walking,T5__is_walking,False,2.3193888664245605,-0.0004835304862353951,-0.0011214952263512296
90787,37.5,-0.004736185073852539,12,lag_07__CT2__is_walking,CT2__is_walking,False,-2.360051155090332,0.00046788144391030073,-0.0011042241421458376
90787,37.5,-0.004736185073852539,13,lag_06__CT_walking_count,CT_walking_count,False,1.7948951721191406,0.0006055900012142956,0.0010869705694631637
90787,37.5,-0.004736185073852539,14,lag_05__CT2__is_walking,CT2__is_walking,False,-2.360051155090332,0.000348549714544788,-0.0008225951564178324
90787,37.5,-0.004736185073852539,15,lag_09__CT_walking_count,CT_walking_count,False,1.7948951721191406,0.0004410576948430389,0.0007916523270997677
90787,37.5,-0.004736185073852539,16,lag_03__T5__has_bomb,T5__has_bomb,False,-2.928872585296631,0.00026597213582135737,-0.0007789984970599656
90787,37.5,-0.004736185073852539,17,lag_01__T4__is_walking,T4__is_walking,False,-2.307980537414551,0.00032857785117812455,-0.0007583512855446062
90787,37.5,-0.004736185073852539,18,lag_04__CT2__is_walking,CT2__is_walking,False,2.360051155090332,0.00031794121605344117,0.0007503575341977486
90787,37.5,-0.004736185073852539,19,lag_13__CT2__duck_amount,CT2__duck_amount,False,1.5110459327697754,-0.00048722009523771703,-0.0007362119432726549
90787,37.5,-0.004736185073852539,20,lag_11__T4__is_walking,T4__is_walking,False,-2.307980537414551,0.00030810022144578397,-0.0007110893146699826
88963,9.0,0.004675328731536865,1,lag_06__T_place_TSTAIRS,T_place_TSTAIRS,False,11.337934494018555,0.00044994911877438426,0.005101493634305343
88963,9.0,0.004675328731536865,2,lag_01__CT_place_CONNECTOR,CT_place_CONNECTOR,False,-3.575894832611084,-0.0014062465634196997,0.005028589819509599
88963,9.0,0.004675328731536865,3,lag_07__T_place_TSTAIRS,T_place_TSTAIRS,False,5.668967247009277,0.0006948263035155833,0.003938947556990369
88963,9.0,0.004675328731536865,4,lag_00__bomb_events_last_5s,bomb_events_last_5s,False,-2.0894012451171875,0.001406742143444717,-0.0029392487860722127
88963,9.0,0.004675328731536865,5,lag_11__CT_place_ENTRANCE,CT_place_ENTRANCE,False,-8.872631072998047,0.00032038611243478954,-0.0028426677765459596
88963,9.0,0.004675328731536865,6,lag_12__CT_place_ENTRANCE,CT_place_ENTRANCE,False,-8.872629165649414,0.00027652777498587966,-0.0024535284014518544
88963,9.0,0.004675328731536865,7,lag_13__CT_place_ENTRANCE,CT_place_ENTRANCE,False,8.872629165649414,0.0002718393807299435,0.002411930017836572
88963,9.0,0.004675328731536865,8,lag_15__CT_place_ENTRANCE,CT_place_ENTRANCE,False,8.87263011932373,0.00025220736279152334,0.002237742643419277
88963,9.0,0.004675328731536865,9,lag_09__CT_place_ENTRANCE,CT_place_ENTRANCE,False,-8.87263011932373,0.00023034543846733868,-0.0020437698751941402
88963,9.0,0.004675328731536865,10,lag_10__bomb_events_last_5s,bomb_events_last_5s,False,2.0894012451171875,-0.0009470982477068901,-0.0019788682580070827
88963,9.0,0.004675328731536865,11,lag_04__T_place_TSTAIRS,T_place_TSTAIRS,False,-5.668967247009277,0.0003168236871715635,-0.0017960631056523069
88963,9.0,0.004675328731536865,12,lag_05__T5__has_bomb,T5__has_bomb,False,2.928872585296631,0.00048502071877010167,0.0014205638865066178
88963,9.0,0.004675328731536865,13,lag_05__bomb_events_last_5s,bomb_events_last_5s,False,2.0894012451171875,-0.000661213940475136,-0.0013815412305175911
88963,9.0,0.004675328731536865,14,lag_08__bomb_events_last_5s,bomb_events_last_5s,False,2.0894012451171875,-0.0006307293078862131,-0.0013178466012293555
88963,9.0,0.004675328731536865,15,lag_08__CT_place_CONNECTOR,CT_place_CONNECTOR,False,3.575894832611084,-0.00034727773163467646,-0.0012418286460333383
88963,9.0,0.004675328731536865,16,lag_00__T_place_DUMPSTER,T_place_DUMPSTER,False,9.093055725097656,0.00012560730101540685,0.0011421541876122099
88963,9.0,0.004675328731536865,17,lag_14__CT_place_ENTRANCE,CT_place_ENTRANCE,False,8.872631072998047,0.0001262287696590647,0.0011199813039833306
88963,9.0,0.004675328731536865,18,lag_10__T3__has_bomb,T3__has_bomb,False,-3.15621280670166,-0.000317422382067889,0.0010018525874164186
88963,9.0,0.004675328731536865,19,lag_05__CT_place_CONNECTOR,CT_place_CONNECTOR,False,3.575894355773926,-0.0002570248325355351,-0.0009190936479575584
88963,9.0,0.004675328731536865,20,lag_03__T_velocity_mean,T_velocity_mean,False,-0.844872236251831,-0.0010220569092780352,0.0008635075065183684
88483,1.5,0.004473686218261719,1,lag_02__T_velocity_mean,T_velocity_mean,False,2.891570568084717,-0.0007164162816479802,-0.0020715682345099906
88483,1.5,0.004473686218261719,2,lag_03__T_velocity_mean,T_velocity_mean,False,-1.7359485626220703,-0.0010220569092780352,0.0017742382225791609
88483,1.5,0.004473686218261719,3,lag_00__CT_place_ENTRANCE,CT_place_ENTRANCE,False,8.87263011932373,-0.00014811591245234013,-0.0013141777059757498
88483,1.5,0.004473686218261719,4,lag_02__CT_velocity_mean,CT_velocity_mean,False,3.495476722717285,-0.00035153559292666614,-0.0012287844822817806
88483,1.5,0.004473686218261719,5,lag_03__CT2__molly,CT2__molly,True,1.9538549184799194,0.000395228125853464,0.0007722184176203913
88483,1.5,0.004473686218261719,6,lag_03__CT3__is_walking,CT3__is_walking,False,-0.5419549345970154,0.0013194408966228366,-0.0007150775048338567
88483,1.5,0.004473686218261719,7,lag_03__CT_velocity_mean,CT_velocity_mean,False,-1.694637656211853,-0.0004154558992013335,0.0007040472112819357
88483,1.5,0.004473686218261719,8,lag_03__CT2__utility_total,CT2__utility_total,True,1.98095703125,0.0003534722200129181,0.0007002132795861371
88483,1.5,0.004473686218261719,9,lag_02__T3__smoke,T3__smoke,True,-2.173264503479004,0.00032048989669419825,-0.000696509316209154
88483,1.5,0.004473686218261719,10,lag_03__T3__smoke,T3__smoke,True,1.5118021965026855,0.0004164665879216045,0.0006296151023898605
88483,1.5,0.004473686218261719,11,lag_03__CT2__has_defuser,CT2__has_defuser,False,1.5125796794891357,0.00036915886448696256,0.0005583821969262631
88483,1.5,0.004473686218261719,12,lag_03__CT2__smoke,CT2__smoke,True,1.5045274496078491,0.00036887716851197183,0.0005549858255598818
88483,1.5,0.004473686218261719,13,lag_03__T2__flash,T2__flash,True,2.2263786792755127,-0.00021986165666021407,-0.0004894953047784936
88483,1.5,0.004473686218261719,14,lag_03__T1__has_bomb,T1__has_bomb,False,-0.4082958996295929,-0.0011377384653314948,0.00046453395024571506
88483,1.5,0.004473686218261719,15,lag_00__CT_place_CTSPAWN,CT_place_CTSPAWN,False,-1.0407919883728027,0.00043959158938378096,-0.000457523404386706
88483,1.5,0.004473686218261719,16,lag_03__T_walking_count,T_walking_count,False,-0.9998118877410889,0.0004396236618049443,-0.00043954096320485136
88483,1.5,0.004473686218261719,17,lag_00__T_velocity_mean,T_velocity_mean,False,-0.7458450794219971,-0.0005702452035620809,0.0004253145791407731
88483,1.5,0.004473686218261719,18,lag_03__T_closest_enemy_dist,T_closest_enemy_dist,False,4.066553115844727,-0.00010288497287547216,-0.0004183872070203515
88483,1.5,0.004473686218261719,19,lag_03__bomb_events_last_5s,bomb_events_last_5s,False,-0.3621760606765747,-0.0011432892642915249,0.0004140720019549238
88483,1.5,0.004473686218261719,20,lag_03__CT2__has_helmet,CT2__has_helmet,False,1.108473539352417,0.0003701615787576884,0.0004103143153378133
89635,19.5,-0.004362285137176514,1,lag_05__T_A_site_active_infernos,T_A_site_active_infernos,True,-5.952910423278809,-0.0010160127421841025,0.006048232843131829
89635,19.5,-0.004362285137176514,2,lag_05__T_place_TSTAIRS,T_place_TSTAIRS,False,-5.668967247009277,0.0006386117893271148,-0.0036202693172494027
89635,19.5,-0.004362285137176514,3,lag_05__T_active_infernos,T_active_infernos,True,-6.247930526733398,-0.0005752261495217681,0.003593973019372365
89635,19.5,-0.004362285137176514,4,lag_05__T_B_site_active_infernos,T_B_site_active_infernos,True,-2.8273046016693115,-0.001039572642184794,0.0029391885150185926
89635,19.5,-0.004362285137176514,5,lag_12__T_place_TSTAIRS,T_place_TSTAIRS,False,5.668967247009277,-0.00032671517692506313,-0.0018521376370890241
89635,19.5,-0.004362285137176514,6,lag_10__T_place_TSTAIRS,T_place_TSTAIRS,False,5.668966770172119,-0.00031488449894823134,-0.001785069760979821
89635,19.5,-0.004362285137176514,7,lag_14__CT_place_BACKOFB,CT_place_BACKOFB,False,-5.709421634674072,0.00028581847436726093,-0.0016318581811419763
89635,19.5,-0.004362285137176514,8,lag_05__active_infernos_total,active_infernos_total,True,-4.310336589813232,-0.0003671464219223708,0.001582524656231002
89635,19.5,-0.004362285137176514,9,lag_10__T2__is_walking,T2__is_walking,False,-2.2968344688415527,-0.0005949884653091431,0.0013665900156851762
89635,19.5,-0.004362285137176514,10,lag_00__CT_place_BACKOFB,CT_place_BACKOFB,False,5.709421634674072,-0.00023020234948489815,-0.0013143222745018793
89635,19.5,-0.004362285137176514,11,lag_07__T1__is_walking,T1__is_walking,False,2.281590461730957,0.0005334814195521176,0.0012171861183608024
89635,19.5,-0.004362285137176514,12,lag_07__CT2__is_walking,CT2__is_walking,False,-2.360051155090332,0.00046788144391030073,-0.0011042241421458376
89635,19.5,-0.004362285137176514,13,lag_04__T_flashed_players,T_flashed_players,False,-1.9296237230300903,-0.0004993505426682532,0.0009635586532406107
89635,19.5,-0.004362285137176514,14,lag_04__T2__flash_duration,T2__flash_duration,True,-6.246918201446533,0.00014731277769897133,-0.000920250872313351
89635,19.5,-0.004362285137176514,15,lag_13__T5__duck_amount,T5__duck_amount,False,-3.7970333099365234,0.00022285939485300332,-0.0008462045456891498
89635,19.5,-0.004362285137176514,16,lag_11__T2__is_walking,T2__is_walking,False,2.2968344688415527,-0.0003516226715873927,-0.0008076190721280768
89635,19.5,-0.004362285137176514,17,lag_08__T3__is_walking,T3__is_walking,False,2.3223767280578613,0.0003473251417744905,0.000806619826326474
89635,19.5,-0.004362285137176514,18,lag_05__T_utility_damage_last_5s,T_utility_damage_last_5s,True,-5.996406555175781,0.0001236637181136757,-0.000741537929934255
89635,19.5,-0.004362285137176514,19,lag_04__T_active_infernos,T_active_infernos,True,2.082643508911133,-0.0003495922719594091,-0.0007280760759617588
89635,19.5,-0.004362285137176514,20,lag_01__CT4__is_walking,CT4__is_walking,False,-2.384641170501709,-0.0002993127563968301,0.0007137535217602298
89379,15.5,0.0043599605560302734,1,lag_07__CT3__is_scoped,CT3__is_scoped,False,4.548114776611328,0.001533360336907208,0.006973898806157397
89379,15.5,0.0043599605560302734,2,lag_05__T5__duck_amount,T5__duck_amount,False,-3.7970333099365234,0.0014751291600987315,-0.00560111455735357
89379,15.5,0.0043599605560302734,3,lag_02__T_place_BACKOFB,T_place_BACKOFB,False,5.371258735656738,-0.0007645132136531174,-0.004106398277359313
89379,15.5,0.0043599605560302734,4,lag_12__CT_place_ELECTRICALBOX,CT_place_ELECTRICALBOX,False,-11.624896049499512,0.00017087596643250436,-0.001986415347135631
89379,15.5,0.0043599605560302734,5,lag_10__bomb_events_last_5s,bomb_events_last_5s,False,-2.0894012451171875,-0.0009470982477068901,0.0019788682580070827
89379,15.5,0.0043599605560302734,6,lag_04__T_place_TSTAIRS,T_place_TSTAIRS,False,5.668967247009277,0.0003168236871715635,0.0017960631056523069
89379,15.5,0.0043599605560302734,7,lag_06__CT_place_BACKOFB,CT_place_BACKOFB,False,-5.709421634674072,0.0002982051228173077,-0.0017025787797837755
89379,15.5,0.0043599605560302734,8,lag_07__CT_scoped_count,CT_scoped_count,False,2.141930103302002,0.0007809099624864757,0.0016726545566182194
89379,15.5,0.0043599605560302734,9,lag_02__T_place_TSIDEUPPER,T_place_TSIDEUPPER,False,-5.044445991516113,0.0003307448059786111,-0.0016684243107335794
89379,15.5,0.0043599605560302734,10,lag_06__T5__duck_amount,T5__duck_amount,False,3.7970333099365234,0.0004183355194982141,0.001588433902264319
89379,15.5,0.0043599605560302734,11,lag_07__CT3__is_walking,CT3__is_walking,False,-2.387126922607422,-0.0006638700142502785,0.0015847419841286126
89379,15.5,0.0043599605560302734,12,lag_11__CT_place_CONNECTOR,CT_place_CONNECTOR,False,-3.575894594192505,-0.000407850748160854,0.0014584312855857665
89379,15.5,0.0043599605560302734,13,lag_07__CT4__is_walking,CT4__is_walking,False,2.384641170501709,0.0005986127653159201,0.0014274766453602206
89379,15.5,0.0043599605560302734,14,lag_08__bomb_events_last_5s,bomb_events_last_5s,False,-2.0894012451171875,-0.0006307293078862131,0.0013178466012293555
89379,15.5,0.0043599605560302734,15,lag_11__T_A_site_active_infernos,T_A_site_active_infernos,True,5.952910423278809,-0.00021951539383735508,-0.0013067554760445438
89379,15.5,0.0043599605560302734,16,lag_01__T_place_TSTAIRS,T_place_TSTAIRS,False,-5.668966770172119,-0.00021004248992539942,0.0011907238957113014
89379,15.5,0.0043599605560302734,17,lag_11__bomb_events_last_5s,bomb_events_last_5s,False,-2.0894010066986084,-0.0005411767051555216,0.0011307351525537829
89379,15.5,0.0043599605560302734,18,lag_02__T_place_TSTAIRS,T_place_TSTAIRS,False,5.668966770172119,-0.00019892057753168046,-0.0011276741439305432
89379,15.5,0.0043599605560302734,19,lag_10__T5__is_scoped,T5__is_scoped,False,4.76965856552124,0.00023279493325389922,0.0011103523474044058
89379,15.5,0.0043599605560302734,20,lag_01__T_place_TSIDEUPPER,T_place_TSIDEUPPER,False,2.522223472595215,0.0003913661348633468,0.0009871128517311978
90115,27.0,-0.004232227802276611,1,lag_01__T5__is_scoped,T5__is_scoped,False,-4.76965856552124,-0.0009905442129820585,0.004724557689977371
90115,27.0,-0.004232227802276611,2,lag_13__CT2__duck_amount,CT2__duck_amount,False,3.8097944259643555,-0.00048722009523771703,-0.0018562084030544768
90115,27.0,-0.004232227802276611,3,lag_14__T4__is_walking,T4__is_walking,False,-2.307980537414551,-0.0007831009570509195,0.0018073817677042303
90115,27.0,-0.004232227802276611,4,lag_09__CT4__is_walking,CT4__is_walking,False,-2.384641170501709,0.0007208935567177832,-0.0017190724548986347
90115,27.0,-0.004232227802276611,5,lag_11__T3__smoke,T3__smoke,True,2.173264503479004,0.0007826915243640542,0.001700995707074271
90115,27.0,-0.004232227802276611,6,lag_01__T_scoped_count,T_scoped_count,False,-2.8811259269714355,-0.00057224091142416,0.0016486981263779121
90115,27.0,-0.004232227802276611,7,lag_02__T2__duck_amount,T2__duck_amount,False,-3.8233180046081543,0.00032444120733998716,-0.0012404419094597802
90115,27.0,-0.004232227802276611,8,lag_05__T_active_infernos,T_active_infernos,True,-2.082643508911133,-0.0005752261495217681,0.001197991006457455
90115,27.0,-0.004232227802276611,9,lag_05__CT_place_BACKOFB,CT_place_BACKOFB,False,-5.709421634674072,0.00020903766562696546,-0.0011934841705923613
90115,27.0,-0.004232227802276611,10,lag_05__T2__duck_amount,T2__duck_amount,False,-3.8233180046081543,0.00019781262381002307,-0.0007563005661516409
90115,27.0,-0.004232227802276611,11,lag_04__CT2__is_walking,CT2__is_walking,False,-2.360051155090332,0.00031794121605344117,-0.0007503575341977486
90115,27.0,-0.004232227802276611,12,lag_12__CT2__is_walking,CT2__is_walking,False,2.360051155090332,-0.0003027152270078659,-0.000714423421163346
90115,27.0,-0.004232227802276611,13,lag_11__T4__is_walking,T4__is_walking,False,2.307980537414551,0.00030810022144578397,0.0007110893146699826
90115,27.0,-0.004232227802276611,14,lag_06__T4__duck_amount,T4__duck_amount,False,-2.231104612350464,0.0003161067725159228,-0.0007052672781554942
90115,27.0,-0.004232227802276611,15,lag_03__T2__is_walking,T2__is_walking,False,-2.2968344688415527,0.0003062767500523478,-0.0007034669965250012
90115,27.0,-0.004232227802276611,16,lag_01__T5__is_walking,T5__is_walking,False,2.3193888664245605,0.00030008290195837617,0.0006960089418066306
90115,27.0,-0.004232227802276611,17,lag_07__T4__duck_amount,T4__duck_amount,False,3.004356861114502,0.00022037944290786982,0.0006620984913488503
90115,27.0,-0.004232227802276611,18,lag_12__CT_place_TUNNELS,CT_place_TUNNELS,False,3.060441493988037,-0.00021485946490429342,-0.000657564821769166
90115,27.0,-0.004232227802276611,19,lag_03__CT2__duck_amount,CT2__duck_amount,False,-2.545534133911133,0.0002560111752245575,-0.0006516851851968153
90115,27.0,-0.004232227802276611,20,lag_08__T4__is_walking,T4__is_walking,False,-2.307980537414551,-0.00024846653104759753,0.0005734559178567633
90819,38.0,-0.004144847393035889,1,lag_04__bomb_events_last_5s,bomb_events_last_5s,False,2.0894012451171875,-0.0015195802552625537,-0.0031750128774010733
90819,38.0,-0.004144847393035889,2,lag_07__CT5__is_walking,CT5__is_walking,False,2.396676540374756,0.00122153852134943,0.002927632717282247
90819,38.0,-0.004144847393035889,3,lag_12__T4__is_walking,T4__is_walking,False,-2.307980537414551,0.0010799213778227568,-0.0024924375219528283
90819,38.0,-0.004144847393035889,4,lag_03__bomb_events_last_5s,bomb_events_last_5s,False,2.0894012451171875,-0.0011432892642915249,-0.0023887900123398254
90819,38.0,-0.004144847393035889,5,lag_11__CT5__is_walking,CT5__is_walking,False,-2.396676540374756,-0.0007906605605967343,0.0018949576169817461
90819,38.0,-0.004144847393035889,6,lag_10__CT5__is_walking,CT5__is_walking,False,2.396676540374756,-0.0007865490624681115,-0.0018851036858710812
90819,38.0,-0.004144847393035889,7,lag_11__T5__is_walking,T5__is_walking,False,2.3193888664245605,0.0008092483039945364,0.001876961506457886
90819,38.0,-0.004144847393035889,8,lag_08__T5__duck_amount,T5__duck_amount,False,-3.120408773422241,-0.0005669594393111765,0.00176914520860115
90819,38.0,-0.004144847393035889,9,lag_03__T_bomb_carrier_alive,T_bomb_carrier_alive,False,2.123861789703369,-0.0005393453175202012,-0.0011454949113365864
90819,38.0,-0.004144847393035889,10,lag_04__T2__duck_amount,T2__duck_amount,False,3.8233180046081543,0.00029647169867530465,0.0011335055834020558
90819,38.0,-0.004144847393035889,11,lag_07__CT2__is_walking,CT2__is_walking,False,2.360051155090332,0.00046788144391030073,0.0011042241421458376
90819,38.0,-0.004144847393035889,12,lag_07__CT_walking_count,CT_walking_count,False,1.7948951721191406,0.0005949520855210721,0.0010678766259439865
90819,38.0,-0.004144847393035889,13,lag_04__T5__has_bomb,T5__has_bomb,False,-2.928872585296631,0.0003059699374716729,-0.0008961469617857071
90819,38.0,-0.004144847393035889,14,lag_05__CT2__is_walking,CT2__is_walking,False,2.360051155090332,0.000348549714544788,0.0008225951564178324
90819,38.0,-0.004144847393035889,15,lag_01__T1__is_walking,T1__is_walking,False,-2.281590461730957,0.0003507422807160765,-0.0008002502422075619
90819,38.0,-0.004144847393035889,16,lag_01__T4__is_walking,T4__is_walking,False,2.307980537414551,0.00032857785117812455,0.0007583512855446062
90819,38.0,-0.004144847393035889,17,lag_04__CT2__is_walking,CT2__is_walking,False,-2.360051155090332,0.00031794121605344117,-0.0007503575341977486
90819,38.0,-0.004144847393035889,18,lag_13__CT2__duck_amount,CT2__duck_amount,False,-1.5110459327697754,-0.00048722009523771703,0.0007362119432726549
90819,38.0,-0.004144847393035889,19,lag_06__CT2__duck_amount,CT2__duck_amount,False,3.573256015777588,0.00020113190112169832,0.0007186957756478915
90819,38.0,-0.004144847393035889,20,lag_03__T2__is_walking,T2__is_walking,False,2.2968344688415527,0.0003062767500523478,0.0007034669965250012
91843,54.0,-0.004089294467121363,1,lag_08__CT_place_ENTRANCE,CT_place_ENTRANCE,False,8.87263011932373,0.0005096931708976626,0.004522318979720219
91843,54.0,-0.004089294467121363,2,lag_00__T_place_ENTRANCE,T_place_ENTRANCE,False,28.705305099487305,-0.00015671056462451816,-0.004498424569859716
91843,54.0,-0.004089294467121363,3,lag_00__kill_diff_last_3s,kill_diff_last_3s,False,-2.4069459438323975,0.001203693449497223,-0.0028972250658849674
91843,54.0,-0.004089294467121363,4,lag_02__T_kills_last_3s,T_kills_last_3s,False,3.1681017875671387,-0.0008460946846753359,-0.002680514082970986
91843,54.0,-0.004089294467121363,5,lag_00__T_kills_last_3s,T_kills_last_3s,False,3.1681017875671387,-0.0008257514564320445,-0.0026160646652085284
91843,54.0,-0.004089294467121363,6,lag_03__T_flashed_players,T_flashed_players,False,1.9296237230300903,-0.0011743403738364577,-0.0022660350442668536
91843,54.0,-0.004089294467121363,7,lag_11__T_bomb_zone_count,T_bomb_zone_count,False,5.821373462677002,0.0003602428187150508,0.002097107984987759
91843,54.0,-0.004089294467121363,8,lag_00__damage_diff_last_5s,damage_diff_last_5s,False,-1.4663864374160767,0.001391412690281868,-0.0020403486978779473
91843,54.0,-0.004089294467121363,9,lag_13__T_kills_last_3s,T_kills_last_3s,False,-3.1681017875671387,-0.0006141294143162668,0.0019456244952929247
91843,54.0,-0.004089294467121363,10,lag_02__kill_diff_last_3s,kill_diff_last_3s,False,-2.4069459438323975,0.0008022469701245427,-0.0019309650906930986
91843,54.0,-0.004089294467121363,11,lag_00__T_damage_last_5s,T_damage_last_5s,False,1.5585728883743286,-0.0011741750640794635,-0.0018300374210794418
91843,54.0,-0.004089294467121363,12,lag_03__CT_place_BACKOFB,CT_place_BACKOFB,False,5.709421634674072,-0.0002807993732858449,-0.0016032020168411237
91843,54.0,-0.004089294467121363,13,lag_09__T5__is_scoped,T5__is_scoped,False,4.76965856552124,0.0002977944095619023,0.0014203776563312676
91843,54.0,-0.004089294467121363,14,lag_05__bomb_events_last_5s,bomb_events_last_5s,False,2.0894012451171875,-0.000661213940475136,-0.0013815412305175911
91843,54.0,-0.004089294467121363,15,lag_10__T2__is_walking,T2__is_walking,False,2.2968344688415527,-0.0005949884653091431,-0.0013665900156851762
91843,54.0,-0.004089294467121363,16,lag_00__CT_place_ENTRANCE,CT_place_ENTRANCE,False,-8.87263011932373,-0.00014811591245234013,0.0013141777059757498
91843,54.0,-0.004089294467121363,17,lag_05__T_bomb_zone_count,T_bomb_zone_count,False,-5.821373462677002,-0.00022382241149898618,0.00130295384665257
91843,54.0,-0.004089294467121363,18,lag_05__T1__has_bomb,T1__has_bomb,False,-2.857499837875366,-0.00040497162262909114,0.001157206346006752
91843,54.0,-0.004089294467121363,19,lag_05__T5__is_scoped,T5__is_scoped,False,-4.76965856552124,-0.00024125359777826816,0.0011506972891059328
91843,54.0,-0.004089294467121363,20,lag_13__T5__is_scoped,T5__is_scoped,False,-4.76965856552124,0.00023412099108099937,-0.0011166771904778106
91715,52.0,0.003936197608709335,1,lag_05__T5__duck_amount,T5__duck_amount,False,-3.7970333099365234,0.0014751291600987315,-0.00560111455735357
91715,52.0,0.003936197608709335,2,lag_15__CT_place_LONGDOG,CT_place_LONGDOG,False,-6.523001194000244,-0.00077343377051875,0.005045109408573917
91715,52.0,0.003936197608709335,3,lag_01__T5__is_scoped,T5__is_scoped,False,-4.76965856552124,-0.0009905442129820585,0.004724557689977371
91715,52.0,0.003936197608709335,4,lag_04__CT_place_ENTRANCE,CT_place_ENTRANCE,False,8.87263011932373,-0.0005141369765624404,-0.0045617472237059475
91715,52.0,0.003936197608709335,5,lag_07__T5__duck_amount,T5__duck_amount,False,3.7970333099365234,-0.0007908621919341385,-0.003002930086343336
91715,52.0,0.003936197608709335,6,lag_09__bomb_events_last_5s,bomb_events_last_5s,False,-2.0894012451171875,-0.0009250841103494167,0.001932871892002197
91715,52.0,0.003936197608709335,7,lag_01__T_scoped_count,T_scoped_count,False,-2.8811259269714355,-0.00057224091142416,0.0016486981263779121
91715,52.0,0.003936197608709335,8,lag_09__T5__is_scoped,T5__is_scoped,False,-4.76965856552124,0.0002977944095619023,-0.0014203776563312676
91715,52.0,0.003936197608709335,9,lag_01__T_bomb_zone_count,T_bomb_zone_count,False,-5.821373462677002,-0.00022831223031971604,0.0013290907587877945
91715,52.0,0.003936197608709335,10,lag_08__bomb_events_last_5s,bomb_events_last_5s,False,-2.0894012451171875,-0.0006307293078862131,0.0013178466012293555
91715,52.0,0.003936197608709335,11,lag_05__T_damage_last_5s,T_damage_last_5s,False,-2.3258702754974365,-0.0005546853062696755,0.00129012606610783
91715,52.0,0.003936197608709335,12,lag_00__T1__duck_amount,T1__duck_amount,False,-3.915480136871338,-0.0003204351814929396,0.0012546575882903671
91715,52.0,0.003936197608709335,13,lag_05__T5__is_scoped,T5__is_scoped,False,4.76965856552124,-0.00024125359777826816,-0.0011506972891059328
91715,52.0,0.003936197608709335,14,lag_15__T5__is_scoped,T5__is_scoped,False,-4.76965856552124,-0.0002332222939003259,0.0011123907117722015
91715,52.0,0.003936197608709335,15,lag_07__T_duck_amount_mean,T_duck_amount_mean,False,2.952670097351074,-0.00036379630910232663,-0.0010741704834131283
91715,52.0,0.003936197608709335,16,lag_13__CT_place_TUNNELS,CT_place_TUNNELS,False,-3.060441493988037,-0.0003436715924181044,0.0010517868017413112
91715,52.0,0.003936197608709335,17,lag_13__kill_diff_last_3s,kill_diff_last_3s,False,-2.4069459438323975,0.00038388598477467895,-0.000923992813947519
91715,52.0,0.003936197608709335,18,lag_01__bomb_events_last_5s,bomb_events_last_5s,False,2.0894012451171875,0.00041224207961931825,0.0008613391144463023
91715,52.0,0.003936197608709335,19,lag_00__T_velocity_mean,T_velocity_mean,False,1.4462435245513916,-0.0005702452035620809,-0.0008247134330581496
91715,52.0,0.003936197608709335,20,lag_15__T_kills_last_3s,T_kills_last_3s,False,3.1681017875671387,-0.00025277622626163065,-0.0008008208142739476
90275,29.5,0.0038458704948425293,1,lag_04__T_place_BACKOFB,T_place_BACKOFB,False,2.685629367828369,0.0014587530167773366,0.003917669942265445
90275,29.5,0.0038458704948425293,2,lag_00__T_place_BACKOFB,T_place_BACKOFB,False,5.37125825881958,-0.0007045218953862786,-0.0037841690491127733
90275,29.5,0.0038458704948425293,3,lag_00__T5__duck_amount,T5__duck_amount,False,-3.7970333099365234,-0.0009015231626108289,0.0034231134781126382
90275,29.5,0.0038458704948425293,4,lag_00__T_place_TSIDEUPPER,T_place_TSIDEUPPER,False,-5.04444694519043,0.00027664389926940203,-0.001395515472575104
90275,29.5,0.0038458704948425293,5,lag_10__T2__is_walking,T2__is_walking,False,2.2968344688415527,-0.0005949884653091431,-0.0013665900156851762
90275,29.5,0.0038458704948425293,6,lag_00__T_duck_amount_mean,T_duck_amount_mean,False,-3.221140146255493,-0.00039432779885828495,0.0012701851036869827
90275,29.5,0.0038458704948425293,7,lag_02__T1__is_walking,T1__is_walking,False,2.281590461730957,0.0005318687180988491,0.0012135065941074052
90275,29.5,0.0038458704948425293,8,lag_07__T2__duck_amount,T2__duck_amount,False,-3.8233180046081543,-0.00029396728496067226,0.0011239304133559141
90275,29.5,0.0038458704948425293,9,lag_07__CT2__is_walking,CT2__is_walking,False,2.360051155090332,0.00046788144391030073,0.0011042241421458376
90275,29.5,0.0038458704948425293,10,lag_06__CT_walking_count,CT_walking_count,False,-1.7948951721191406,0.0006055900012142956,-0.0010869705694631637
90275,29.5,0.0038458704948425293,11,lag_02__T5__duck_amount,T5__duck_amount,False,3.7970333099365234,-0.0002674577699508518,-0.001015546061504724
90275,29.5,0.0038458704948425293,12,lag_00__T1__duck_amount,T1__duck_amount,False,-3.0120460987091064,-0.0003204351814929396,0.0009651655383049532
90275,29.5,0.0038458704948425293,13,lag_02__T5__is_walking,T5__is_walking,False,-2.3193888664245605,0.0003944423224311322,-0.0009148651310934147
90275,29.5,0.0038458704948425293,14,lag_06__T5__is_scoped,T5__is_scoped,False,-4.76965856552124,-0.00018988816009368747,0.000905701689281925
90275,29.5,0.0038458704948425293,15,lag_11__T2__duck_amount,T2__duck_amount,False,2.4873275756835938,-0.00033746787812560797,-0.0008393931591692549
90275,29.5,0.0038458704948425293,16,lag_00__CT1__is_walking,CT1__is_walking,False,-2.3343825340270996,-0.00034733660868369043,0.0008108165127394124
90275,29.5,0.0038458704948425293,17,lag_04__T_place_TSIDEUPPER,T_place_TSIDEUPPER,False,-2.5222225189208984,0.0003202765656169504,-0.000807808766081719
90275,29.5,0.0038458704948425293,18,lag_01__T1__is_walking,T1__is_walking,False,-2.281590461730957,0.0003507422807160765,-0.0008002502422075619
90275,29.5,0.0038458704948425293,19,lag_04__CT_velocity_mean,CT_velocity_mean,False,-2.0815579891204834,-0.0003414976818021387,0.0007108472278213665
90275,29.5,0.0038458704948425293,20,lag_12__T4__duck_amount,T4__duck_amount,False,3.004356861114502,0.00023508725280407816,0.0007062860009224917
89667,20.0,0.0038343071937561035,1,lag_06__T_A_site_active_infernos,T_A_site_active_infernos,True,-5.952910423278809,-0.0005767792463302612,0.0034335151874103076
89667,20.0,0.0038343071937561035,2,lag_06__T_place_TSTAIRS,T_place_TSTAIRS,False,-5.668967247009277,0.00044994911877438426,-0.0025507468171526715
89667,20.0,0.0038343071937561035,3,lag_06__T_active_infernos,T_active_infernos,True,-6.247930526733398,-0.0002894797071348876,0.001808649099077908
89667,20.0,0.0038343071937561035,4,lag_10__T_place_TSTAIRS,T_place_TSTAIRS,False,-5.668966770172119,-0.00031488449894823134,0.001785069760979821
89667,20.0,0.0038343071937561035,5,lag_06__T_B_site_active_infernos,T_B_site_active_infernos,True,-2.8273046016693115,-0.0005819264333695173,0.0016452832828986463
89667,20.0,0.0038343071937561035,6,lag_10__T2__is_walking,T2__is_walking,False,2.2968344688415527,-0.0005949884653091431,-0.0013665900156851762
89667,20.0,0.0038343071937561035,7,lag_08__T1__is_walking,T1__is_walking,False,2.281590461730957,0.0005800139624625444,0.0013233543244253188
89667,20.0,0.0038343071937561035,8,lag_11__T_place_TSTAIRS,T_place_TSTAIRS,False,5.668966770172119,-0.00022220548999030143,-0.0012596755389048322
89667,20.0,0.0038343071937561035,9,lag_05__T_active_infernos,T_active_infernos,True,2.082643508911133,-0.0005752261495217681,-0.001197991006457455
89667,20.0,0.0038343071937561035,10,lag_02__CT4__is_walking,CT4__is_walking,False,-2.384641170501709,-0.0004725769395008683,0.001126926426163466
89667,20.0,0.0038343071937561035,11,lag_07__CT2__is_walking,CT2__is_walking,False,2.360051155090332,0.00046788144391030073,0.0011042241421458376
89667,20.0,0.0038343071937561035,12,lag_11__T_place_BACKOFB,T_place_BACKOFB,False,5.371258735656738,-0.0002010483294725418,-0.0010798825959685843
89667,20.0,0.0038343071937561035,13,lag_09__T3__is_walking,T3__is_walking,False,2.3223767280578613,0.0004513848980423063,0.0010482857826102226
89667,20.0,0.0038343071937561035,14,lag_06__active_infernos_total,active_infernos_total,True,-4.310336589813232,-0.0002134671522071585,0.0009201152768817458
89667,20.0,0.0038343071937561035,15,lag_06__T_utility_damage_last_5s,T_utility_damage_last_5s,True,-5.996406555175781,0.00015283563698176295,-0.0009164646154619094
89667,20.0,0.0038343071937561035,16,lag_11__T2__is_walking,T2__is_walking,False,-2.2968344688415527,-0.0003516226715873927,0.0008076190721280768
89667,20.0,0.0038343071937561035,17,lag_01__CT_place_BACKOFB,CT_place_BACKOFB,False,5.709421634674072,-0.00013762082380708307,-0.0007857353088258287
89667,20.0,0.0038343071937561035,18,lag_01__T4__is_walking,T4__is_walking,False,2.307980537414551,0.00032857785117812455,0.0007583512855446062
89667,20.0,0.0038343071937561035,19,lag_03__T_velocity_mean,T_velocity_mean,False,0.6966950297355652,-0.0010220569092780352,-0.0007120619688009006
89667,20.0,0.0038343071937561035,20,lag_03__T2__is_walking,T2__is_walking,False,-2.2968344688415527,0.0003062767500523478,-0.0007034669965250012
90499,33.0,-0.0038231611251831055,1,lag_07__T5__duck_amount,T5__duck_amount,False,-3.7970333099365234,-0.0007908621919341385,0.003002930086343336
90499,33.0,-0.0038231611251831055,2,lag_07__CT5__is_walking,CT5__is_walking,False,2.396676540374756,0.00122153852134943,0.002927632717282247
90499,33.0,-0.0038231611251831055,3,lag_14__T2__is_walking,T2__is_walking,False,2.2968344688415527,0.0008073250064626336,0.0018542919024011062
90499,33.0,-0.0038231611251831055,4,lag_08__T1__is_walking,T1__is_walking,False,-2.281590461730957,0.0005800139624625444,-0.0013233543244253188
90499,33.0,-0.0038231611251831055,5,lag_09__T1__is_walking,T1__is_walking,False,2.281590461730957,0.0005387863493524492,0.0012292897955933912
90499,33.0,-0.0038231611251831055,6,lag_07__T1__is_walking,T1__is_walking,False,2.281590461730957,0.0005334814195521176,0.0012171861183608024
90499,33.0,-0.0038231611251831055,7,lag_07__T_duck_amount_mean,T_duck_amount_mean,False,-3.221140146255493,-0.00036379630910232663,0.001171838896309077
90499,33.0,-0.0038231611251831055,8,lag_13__T5__is_scoped,T5__is_scoped,False,-4.76965856552124,0.00023412099108099937,-0.0011166771904778106
90499,33.0,-0.0038231611251831055,9,lag_07__CT2__is_walking,CT2__is_walking,False,-2.360051155090332,0.00046788144391030073,-0.0011042241421458376
90499,33.0,-0.0038231611251831055,10,lag_11__CT_velocity_mean,CT_velocity_mean,False,-2.0815579891204834,-0.0004908438422717154,0.0010217199212912836
90499,33.0,-0.0038231611251831055,11,lag_07__T_place_BACKOFB,T_place_BACKOFB,False,5.37125825881958,0.0001854522997746244,0.000996112196781536
90499,33.0,-0.0038231611251831055,12,lag_15__T2__duck_amount,T2__duck_amount,False,3.8233180046081543,0.00025701397680677474,0.0009826461649612844
90499,33.0,-0.0038231611251831055,13,lag_00__T5__is_walking,T5__is_walking,False,-2.3193888664245605,0.0004155206261202693,-0.000963753913993115
90499,33.0,-0.0038231611251831055,14,lag_02__T5__is_walking,T5__is_walking,False,-2.3193888664245605,0.0003944423224311322,-0.0009148651310934147
90499,33.0,-0.0038231611251831055,15,lag_07__T_place_TSIDEUPPER,T_place_TSIDEUPPER,False,-5.04444694519043,0.00018040844588540494,-0.0009100608337331839
90499,33.0,-0.0038231611251831055,16,lag_11__T4__duck_amount,T4__duck_amount,False,3.6976382732391357,0.0002439157251501456,0.000901912120760056
90499,33.0,-0.0038231611251831055,17,lag_12__T4__duck_amount,T4__duck_amount,False,-3.6976382732391357,0.00023508725280407816,-0.0008692676235190037
90499,33.0,-0.0038231611251831055,18,lag_05__CT2__is_walking,CT2__is_walking,False,2.360051155090332,0.000348549714544788,0.0008225951564178324
90499,33.0,-0.0038231611251831055,19,lag_07__T4__duck_amount,T4__duck_amount,False,-3.6976382732391357,0.00022037944290786982,-0.0008148834627312584
90499,33.0,-0.0038231611251831055,20,lag_11__T2__is_walking,T2__is_walking,False,2.2968344688415527,-0.0003516226715873927,-0.0008076190721280768
90755,37.0,0.003733992576599121,1,lag_15__CT5__is_walking,CT5__is_walking,False,2.396676540374756,0.0013547196285799146,0.003246824752602684
90755,37.0,0.003733992576599121,2,lag_07__CT5__is_walking,CT5__is_walking,False,-2.396676540374756,0.00122153852134943,-0.002927632717282247
90755,37.0,0.003733992576599121,3,lag_15__T_place_BACKOFB,T_place_BACKOFB,False,5.37125825881958,-0.00051374442409724,-0.002759453980854809
90755,37.0,0.003733992576599121,4,lag_07__T5__duck_amount,T5__duck_amount,False,3.120408773422241,-0.0007908621919341385,-0.0024678133222792303
90755,37.0,0.003733992576599121,5,lag_14__T4__is_walking,T4__is_walking,False,2.307980537414551,-0.0007831009570509195,-0.0018073817677042303
90755,37.0,0.003733992576599121,6,lag_08__CT5__is_walking,CT5__is_walking,False,2.396676540374756,0.0006633211160078645,0.0015897661574712507
90755,37.0,0.003733992576599121,7,lag_02__bomb_events_last_5s,bomb_events_last_5s,False,2.0894012451171875,-0.0007214415818452835,-0.0015073809393868487
90755,37.0,0.003733992576599121,8,lag_06__T5__duck_amount,T5__duck_amount,False,-3.120408773422241,0.0004183355194982141,-0.0013053778252763784
90755,37.0,0.003733992576599121,9,lag_02__T2__duck_amount,T2__duck_amount,False,3.8233180046081543,0.00032444120733998716,0.0012404419094597802
90755,37.0,0.003733992576599121,10,lag_05__CT5__is_walking,CT5__is_walking,False,2.396676540374756,0.00039863071287982166,0.0009553888778319336
90755,37.0,0.003733992576599121,11,lag_03__CT2__duck_amount,CT2__duck_amount,False,-3.573256015777588,0.0002560111752245575,-0.0009147934719774403
90755,37.0,0.003733992576599121,12,lag_01__bomb_events_last_5s,bomb_events_last_5s,False,2.0894012451171875,0.00041224207961931825,0.0008613391144463023
90755,37.0,0.003733992576599121,13,lag_05__CT2__is_walking,CT2__is_walking,False,2.360051155090332,0.000348549714544788,0.0008225951564178324
90755,37.0,0.003733992576599121,14,lag_01__T4__is_walking,T4__is_walking,False,2.307980537414551,0.00032857785117812455,0.0007583512855446062
90755,37.0,0.003733992576599121,15,lag_04__CT2__is_walking,CT2__is_walking,False,-2.360051155090332,0.00031794121605344117,-0.0007503575341977486
90755,37.0,0.003733992576599121,16,lag_12__CT2__is_walking,CT2__is_walking,False,-2.360051155090332,-0.0003027152270078659,0.000714423421163346
90755,37.0,0.003733992576599121,17,lag_10__T4__is_walking,T4__is_walking,False,-2.307980537414551,0.00030948067433200777,-0.0007142753730642049
90755,37.0,0.003733992576599121,18,lag_02__T_walking_count,T_walking_count,False,-1.5941797494888306,0.00044584530405700207,-0.000710757555132363
90755,37.0,0.003733992576599121,19,lag_03__T2__is_walking,T2__is_walking,False,2.2968344688415527,0.0003062767500523478,0.0007034669965250012
90755,37.0,0.003733992576599121,20,lag_02__T_bomb_carrier_alive,T_bomb_carrier_alive,False,-2.123861789703369,-0.00030345324194058776,0.0006444927455192262
90403,31.5,0.0036582350730895996,1,lag_04__T_place_BACKOFB,T_place_BACKOFB,False,5.37125825881958,0.0014587530167773366,0.007835339188943247
90403,31.5,0.0036582350730895996,2,lag_04__T5__duck_amount,T5__duck_amount,False,-3.7970333099365234,0.0007466314127668738,-0.0028349843445207856
90403,31.5,0.0036582350730895996,3,lag_14__T2__is_walking,T2__is_walking,False,2.2968344688415527,0.0008073250064626336,0.0018542919024011062
90403,31.5,0.0036582350730895996,4,lag_14__CT_place_BACKOFB,CT_place_BACKOFB,False,-5.709421634674072,0.00028581847436726093,-0.0016318581811419763
90403,31.5,0.0036582350730895996,5,lag_04__T_place_TSIDEUPPER,T_place_TSIDEUPPER,False,-5.04444694519043,0.0003202765656169504,-0.0016156181430425076
90403,31.5,0.0036582350730895996,6,lag_06__T5__duck_amount,T5__duck_amount,False,3.7970333099365234,0.0004183355194982141,0.001588433902264319
90403,31.5,0.0036582350730895996,7,lag_13__CT2__duck_amount,CT2__duck_amount,False,2.95105242729187,-0.00048722009523771703,-0.001437812044676641
90403,31.5,0.0036582350730895996,8,lag_08__T1__is_walking,T1__is_walking,False,-2.281590461730957,0.0005800139624625444,-0.0013233543244253188
90403,31.5,0.0036582350730895996,9,lag_11__T2__duck_amount,T2__duck_amount,False,-3.8233180046081543,-0.00033746787812560797,0.0012902470144145473
90403,31.5,0.0036582350730895996,10,lag_04__T_duck_amount_mean,T_duck_amount_mean,False,-3.221140146255493,0.00037976278690621257,-0.0012232691589574712
90403,31.5,0.0036582350730895996,11,lag_03__T5__is_walking,T5__is_walking,False,2.3193888664245605,0.0005058168899267912,0.001173186062945697
90403,31.5,0.0036582350730895996,12,lag_00__T_A_site_active_smokes,T_A_site_active_smokes,True,-1.422539234161377,-0.0007961964001879096,0.0011326206173653541
90403,31.5,0.0036582350730895996,13,lag_10__T5__is_scoped,T5__is_scoped,False,-4.76965856552124,0.00023279493325389922,-0.0011103523474044058
90403,31.5,0.0036582350730895996,14,lag_07__CT5__duck_amount,CT5__duck_amount,False,3.341299057006836,0.00026904058177024126,0.0008989450421654777
90403,31.5,0.0036582350730895996,15,lag_05__CT2__is_walking,CT2__is_walking,False,2.360051155090332,0.000348549714544788,0.0008225951564178324
90403,31.5,0.0036582350730895996,16,lag_11__T2__is_walking,T2__is_walking,False,2.2968344688415527,-0.0003516226715873927,-0.0008076190721280768
90403,31.5,0.0036582350730895996,17,lag_04__CT2__is_walking,CT2__is_walking,False,-2.360051155090332,0.00031794121605344117,-0.0007503575341977486
90403,31.5,0.0036582350730895996,18,lag_03__T_walking_count,T_walking_count,False,1.5941797494888306,0.0004396236618049443,0.0007008391390455684
90403,31.5,0.0036582350730895996,19,lag_06__T1__is_walking,T1__is_walking,False,2.281590461730957,0.0002959349367301911,0.0006752023289365583
90403,31.5,0.0036582350730895996,20,lag_10__CT2__is_walking,CT2__is_walking,False,-2.360051155090332,0.0002848673611879349,-0.0006723015448191205
89923,24.0,-0.003547966480255127,1,lag_14__T2__is_walking,T2__is_walking,False,2.2968344688415527,0.0008073250064626336,0.0018542919024011062
89923,24.0,-0.003547966480255127,2,lag_14__T_active_infernos,T_active_infernos,True,-6.247930526733398,0.0002529331250116229,-0.0015803085929821936
89923,24.0,-0.003547966480255127,3,lag_07__CT4__is_walking,CT4__is_walking,False,2.384641170501709,0.0005986127653159201,0.0014274766453602206
89923,24.0,-0.003547966480255127,4,lag_07__CT2__is_walking,CT2__is_walking,False,-2.360051155090332,0.00046788144391030073,-0.0011042241421458376
89923,24.0,-0.003547966480255127,5,lag_02__CT5__duck_amount,CT5__duck_amount,False,3.7749595642089844,0.00029041353263892233,0.001096299342611018
89923,24.0,-0.003547966480255127,6,lag_10__CT4__is_walking,CT4__is_walking,False,-2.384641170501709,0.00038855764432810247,-0.000926570555777953
89923,24.0,-0.003547966480255127,7,lag_14__T_A_site_active_infernos,T_A_site_active_infernos,True,-5.952910423278809,0.0001476233737776056,-0.0008787887204802919
89923,24.0,-0.003547966480255127,8,lag_14__T_place_TSTAIRS,T_place_TSTAIRS,False,-5.668967247009277,0.00014950173499528319,-0.0008475204390593211
89923,24.0,-0.003547966480255127,9,lag_09__CT_place_BACKOFB,CT_place_BACKOFB,False,5.709421634674072,-0.00014586022007279098,-0.0008327774961219142
89923,24.0,-0.003547966480255127,10,lag_05__CT2__is_walking,CT2__is_walking,False,-2.360051155090332,0.000348549714544788,-0.0008225951564178324
89923,24.0,-0.003547966480255127,11,lag_11__T2__is_walking,T2__is_walking,False,-2.2968344688415527,-0.0003516226715873927,0.0008076190721280768
89923,24.0,-0.003547966480255127,12,lag_05__T3__smoke,T3__smoke,True,2.173264503479004,0.00035490086884237826,0.0007712934605089983
89923,24.0,-0.003547966480255127,13,lag_06__CT2__duck_amount,CT2__duck_amount,False,-3.8097944259643555,0.00020113190112169832,-0.0007662711957770602
89923,24.0,-0.003547966480255127,14,lag_14__active_infernos_total,active_infernos_total,True,-4.310336589813232,0.00015738329966552556,-0.0006783749951738555
89923,24.0,-0.003547966480255127,15,lag_05__T4__is_walking,T4__is_walking,False,2.307980537414551,0.00027825700817629695,0.0006422117592700949
89923,24.0,-0.003547966480255127,16,lag_08__T4__is_walking,T4__is_walking,False,-2.307980537414551,-0.00024846653104759753,0.0005734559178567633
89923,24.0,-0.003547966480255127,17,lag_01__T_duck_amount_mean,T_duck_amount_mean,False,1.3515381813049316,-0.0003801117418333888,-0.000513735532250148
89923,24.0,-0.003547966480255127,18,lag_13__T2__flash_duration,T2__flash_duration,True,-6.246918201446533,8.136314136208966e-05,-0.0005082688887017052
89923,24.0,-0.003547966480255127,19,lag_15__CT_walking_count,CT_walking_count,False,0.8974475860595703,0.0005515348166227341,0.0004949735898058805
89923,24.0,-0.003547966480255127,20,lag_11__T_velocity_mean,T_velocity_mean,False,0.6966950297355652,-0.0006714737974107265,-0.000467812457253719
88835,7.0,-0.003542602062225342,1,lag_01__CT_place_CONNECTOR,CT_place_CONNECTOR,False,3.575894355773926,-0.0014062465634196997,-0.005028589148958984
88835,7.0,-0.003542602062225342,2,lag_08__CT_place_ENTRANCE,CT_place_ENTRANCE,False,-8.872629165649414,0.0005096931708976626,-0.004522318493638933
88835,7.0,-0.003542602062225342,3,lag_04__bomb_events_last_5s,bomb_events_last_5s,False,2.0894012451171875,-0.0015195802552625537,-0.0031750128774010733
88835,7.0,-0.003542602062225342,4,lag_10__CT_place_ENTRANCE,CT_place_ENTRANCE,False,8.872631072998047,-0.00032834388548508286,-0.0029132741609838586
88835,7.0,-0.003542602062225342,5,lag_11__CT_place_ENTRANCE,CT_place_ENTRANCE,False,8.87263011932373,0.00032038611243478954,0.002842667471001953
88835,7.0,-0.003542602062225342,6,lag_05__CT_place_ENTRANCE,CT_place_ENTRANCE,False,-8.87263011932373,-0.00028864701744168997,0.0025610582208061006
88835,7.0,-0.003542602062225342,7,lag_03__bomb_events_last_5s,bomb_events_last_5s,False,2.0894010066986084,-0.0011432892642915249,-0.0023887897397584235
88835,7.0,-0.003542602062225342,8,lag_02__T_place_TSTAIRS,T_place_TSTAIRS,False,11.337934494018555,-0.00019892057753168046,-0.0022553484775665322
88835,7.0,-0.003542602062225342,9,lag_09__CT_place_ENTRANCE,CT_place_ENTRANCE,False,8.872629165649414,0.00023034543846733868,0.0020437696555196116
88835,7.0,-0.003542602062225342,10,lag_07__CT_place_ENTRANCE,CT_place_ENTRANCE,False,-8.872631072998047,-0.00021486564946826547,0.0019064236379920385
88835,7.0,-0.003542602062225342,11,lag_06__bomb_events_last_5s,bomb_events_last_5s,False,2.0894012451171875,0.0007767200004309416,0.0016228797360078318
88835,7.0,-0.003542602062225342,12,lag_03__T_bomb_carrier_alive,T_bomb_carrier_alive,False,-2.123861789703369,-0.0005393453175202012,0.0011454949113365864
88835,7.0,-0.003542602062225342,13,lag_00__T_A_site_active_smokes,T_A_site_active_smokes,True,1.422539234161377,-0.0007961964001879096,-0.0011326206173653541
88835,7.0,-0.003542602062225342,14,lag_13__CT_velocity_mean,CT_velocity_mean,False,3.495476722717285,-0.0003132976999040693,-0.0010951248172955397
88835,7.0,-0.003542602062225342,15,lag_05__CT_place_CONNECTOR,CT_place_CONNECTOR,False,3.575894594192505,-0.0002570248325355351,-0.0009190937092370538
88835,7.0,-0.003542602062225342,16,lag_00__CT4__utility_total,CT4__utility_total,True,-0.9301649332046509,0.0009466719347983599,-0.000880561036998434
88835,7.0,-0.003542602062225342,17,lag_01__bomb_events_last_5s,bomb_events_last_5s,False,2.0894012451171875,0.00041224207961931825,0.0008613391144463023
88835,7.0,-0.003542602062225342,18,lag_14__CT_place_CTSPAWN,CT_place_CTSPAWN,False,4.78255033493042,0.0001614751381566748,0.0007722629760741409
88835,7.0,-0.003542602062225342,19,lag_14__T1__is_walking,T1__is_walking,False,-0.5917836427688599,0.0011821426451206207,-0.0006995726808018965
88835,7.0,-0.003542602062225342,20,lag_00__T_place_TSIDEUPPER,T_place_TSIDEUPPER,False,2.5222232341766357,0.00027664389926940203,0.0006977576703305066
91555,49.5,0.003525635227560997,1,lag_07__CT3__is_scoped,CT3__is_scoped,False,-4.548114776611328,0.001533360336907208,-0.006973898806157397
91555,49.5,0.003525635227560997,2,lag_00__T5__duck_amount,T5__duck_amount,False,-3.7970333099365234,-0.0009015231626108289,0.0034231134781126382
91555,49.5,0.003525635227560997,3,lag_00__T5__is_scoped,T5__is_scoped,False,4.76965856552124,0.0006973732961341739,0.003326232515272143
91555,49.5,0.003525635227560997,4,lag_04__bomb_events_last_5s,bomb_events_last_5s,False,-2.0894012451171875,-0.0015195802552625537,0.0031750128774010733
91555,49.5,0.003525635227560997,5,lag_00__damage_diff_last_5s,damage_diff_last_5s,False,2.1882996559143066,0.001391412690281868,0.0030448279113786114
91555,49.5,0.003525635227560997,6,lag_00__T_damage_last_5s,T_damage_last_5s,False,-2.3258702754974365,-0.0011741750640794635,0.002730978879772722
91555,49.5,0.003525635227560997,7,lag_11__T_velocity_mean,T_velocity_mean,False,-3.7879016399383545,-0.0006714737974107265,0.0025434766983877255
91555,49.5,0.003525635227560997,8,lag_03__bomb_events_last_5s,bomb_events_last_5s,False,-2.0894012451171875,-0.0011432892642915249,0.0023887900123398254
91555,49.5,0.003525635227560997,9,lag_04__T_kills_last_3s,T_kills_last_3s,False,-3.1681017875671387,-0.0006835571257397532,0.0021655785519603676
91555,49.5,0.003525635227560997,10,lag_12__T_damage_last_5s,T_damage_last_5s,False,-2.2299582958221436,-0.0008603064343333244,0.001918447470190765
91555,49.5,0.003525635227560997,11,lag_02__T_bomb_zone_count,T_bomb_zone_count,False,5.821373462677002,-0.00029475855990312994,-0.00171589965851697
91555,49.5,0.003525635227560997,12,lag_07__CT_scoped_count,CT_scoped_count,False,-2.141930103302002,0.0007809099624864757,-0.0016726545566182194
91555,49.5,0.003525635227560997,13,lag_14__T_place_BACKOFB,T_place_BACKOFB,False,-5.371258735656738,-0.000298811006359756,0.0016049912282202206
91555,49.5,0.003525635227560997,14,lag_11__CT_place_CONNECTOR,CT_place_CONNECTOR,False,3.575894594192505,-0.000407850748160854,-0.0014584312855857665
91555,49.5,0.003525635227560997,15,lag_12__damage_diff_last_5s,damage_diff_last_5s,False,2.098060131072998,0.0006579258479177952,0.0013803679907187227
91555,49.5,0.003525635227560997,16,lag_10__T_velocity_mean,T_velocity_mean,False,2.194955348968506,-0.000568096642382443,-0.0012469467639283915
91555,49.5,0.003525635227560997,17,lag_00__T_scoped_count,T_scoped_count,False,2.8811259269714355,0.000421250268118456,0.0012136750692197523
91555,49.5,0.003525635227560997,18,lag_10__T5__is_scoped,T5__is_scoped,False,-4.76965856552124,0.00023279493325389922,-0.0011103523474044058
91555,49.5,0.003525635227560997,19,lag_04__T5__is_scoped,T5__is_scoped,False,-4.76965856552124,-0.00022739746782463044,0.0010846082801875892
91555,49.5,0.003525635227560997,20,lag_07__T_macro_B,T_macro_B,False,1.5607836246490479,-0.0006942768231965601,-0.0010836158966185533
91587,50.0,0.0033393632620573044,1,lag_01__T5__is_scoped,T5__is_scoped,False,4.76965856552124,-0.0009905442129820585,-0.004724557689977371
91587,50.0,0.0033393632620573044,2,lag_01__T5__duck_amount,T5__duck_amount,False,-3.7970333099365234,-0.0011103699216619134,0.004216111578901893
91587,50.0,0.0033393632620573044,3,lag_08__CT3__is_scoped,CT3__is_scoped,False,-4.548114776611328,0.0007028341642580926,-0.0031965704479695045
91587,50.0,0.0033393632620573044,4,lag_04__bomb_events_last_5s,bomb_events_last_5s,False,-2.0894012451171875,-0.0015195802552625537,0.0031750128774010733
91587,50.0,0.0033393632620573044,5,lag_15__T_place_BACKOFB,T_place_BACKOFB,False,-5.371258735656738,-0.00051374442409724,0.0027594542258272403
91587,50.0,0.0033393632620573044,6,lag_11__CT_place_LONGDOG,CT_place_LONGDOG,False,-6.523001194000244,-0.0003660282527562231,0.0023876027297666663
91587,50.0,0.0033393632620573044,7,lag_03__T5__duck_amount,T5__duck_amount,False,3.7970333099365234,0.0005301015335135162,0.0020128131803992533
91587,50.0,0.0033393632620573044,8,lag_01__damage_diff_last_5s,damage_diff_last_5s,False,2.1882996559143066,0.0008315295563079417,0.0018196358419512448
91587,50.0,0.0033393632620573044,9,lag_01__T_scoped_count,T_scoped_count,False,2.8811259269714355,-0.00057224091142416,-0.0016486981263779121
91587,50.0,0.0033393632620573044,10,lag_05__T_kills_last_3s,T_kills_last_3s,False,-3.1681017875671387,-0.0005178723949939013,0.0016406724603118539
91587,50.0,0.0033393632620573044,11,lag_11__T_velocity_mean,T_velocity_mean,False,2.194955348968506,-0.0006714737974107265,-0.001473855003318869
91587,50.0,0.0033393632620573044,12,lag_05__bomb_events_last_5s,bomb_events_last_5s,False,-2.0894012451171875,-0.000661213940475136,0.0013815412305175911
91587,50.0,0.0033393632620573044,13,lag_00__CT_place_ENTRANCE,CT_place_ENTRANCE,False,8.87263011932373,-0.00014811591245234013,-0.0013141777059757498
91587,50.0,0.0033393632620573044,14,lag_05__T5__is_scoped,T5__is_scoped,False,-4.76965856552124,-0.00024125359777826816,0.0011506972891059328
91587,50.0,0.0033393632620573044,15,lag_03__T_velocity_mean,T_velocity_mean,False,-1.1184420585632324,-0.0010220569092780352,0.0011431114335817005
91587,50.0,0.0033393632620573044,16,lag_13__T_damage_last_5s,T_damage_last_5s,False,-2.2299582958221436,-0.0005053476197645068,0.0011269041169678362
91587,50.0,0.0033393632620573044,17,lag_11__T_kills_last_3s,T_kills_last_3s,False,3.1681017875671387,-0.00035100275999866426,-0.0011120124713927676
91587,50.0,0.0033393632620573044,18,lag_01__T_damage_last_5s,T_damage_last_5s,False,-2.3258702754974365,-0.00043517633457668126,0.0010121637011918302
91587,50.0,0.0033393632620573044,19,lag_15__T3__has_bomb,T3__has_bomb,False,-3.15621280670166,-0.0003072596446145326,0.0009697768253149885
91587,50.0,0.0033393632620573044,20,lag_11__T5__is_scoped,T5__is_scoped,False,-4.76965856552124,0.0001927924604387954,-0.0009195542102998153
89091,11.0,-0.0032156705856323242,1,lag_00__CT_place_LONGDOG,CT_place_LONGDOG,False,6.523001194000244,0.0018211272545158863,0.011879215255633513
89091,11.0,-0.0032156705856323242,2,lag_07__T_place_TSTAIRS,T_place_TSTAIRS,False,-11.337933540344238,0.0006948263035155833,-0.007877894451342737
89091,11.0,-0.0032156705856323242,3,lag_01__CT_place_LONGDOG,CT_place_LONGDOG,False,6.523001194000244,0.0008419861551374197,0.0054922766952930635
89091,11.0,-0.0032156705856323242,4,lag_01__T5__is_scoped,T5__is_scoped,False,4.76965856552124,-0.0009905442129820585,-0.004724557689977371
89091,11.0,-0.0032156705856323242,5,lag_10__T_place_TSTAIRS,T_place_TSTAIRS,False,11.337934494018555,-0.00031488449894823134,-0.0035701398222569014
89091,11.0,-0.0032156705856323242,6,lag_04__bomb_events_last_5s,bomb_events_last_5s,False,-2.0894012451171875,-0.0015195802552625537,0.0031750128774010733
89091,11.0,-0.0032156705856323242,7,lag_02__CT_place_CONNECTOR,CT_place_CONNECTOR,False,-3.575894594192505,-0.0007026143721304834,0.0025124749351033565
89091,11.0,-0.0032156705856323242,8,lag_13__CT_place_ENTRANCE,CT_place_ENTRANCE,False,-8.87263011932373,0.0002718393807299435,-0.0024119302770828077
89091,11.0,-0.0032156705856323242,9,lag_00__T_flashed_players,T_flashed_players,False,1.9296237230300903,0.0011920323595404625,0.0023001739195888105
89091,11.0,-0.0032156705856323242,10,lag_15__CT_place_ENTRANCE,CT_place_ENTRANCE,False,-8.872631072998047,0.00025220736279152334,-0.0022377428839429614
89091,11.0,-0.0032156705856323242,11,lag_08__T_place_TSTAIRS,T_place_TSTAIRS,False,-5.668967247009277,0.0003431770601309836,-0.0019454595138074793
89091,11.0,-0.0032156705856323242,12,lag_09__bomb_events_last_5s,bomb_events_last_5s,False,2.0894012451171875,-0.0009250841103494167,-0.001932871892002197
89091,11.0,-0.0032156705856323242,13,lag_01__T_scoped_count,T_scoped_count,False,2.8811259269714355,-0.00057224091142416,-0.0016486981263779121
89091,11.0,-0.0032156705856323242,14,lag_03__CT_place_ELECTRICALBOX,CT_place_ELECTRICALBOX,False,-11.624896049499512,-0.00013443833449855447,0.0015628316636135398
89091,11.0,-0.0032156705856323242,15,lag_01__CT_burning_players,CT_burning_players,False,5.135021209716797,0.0003009232459589839,0.0015452472504962067
89091,11.0,-0.0032156705856323242,16,lag_09__T5__has_bomb,T5__has_bomb,False,2.928872585296631,0.0005205596098676324,0.001524652770354018
89091,11.0,-0.0032156705856323242,17,lag_02__bomb_events_last_5s,bomb_events_last_5s,False,-2.0894010066986084,-0.0007214415818452835,0.0015073807673817718
89091,11.0,-0.0032156705856323242,18,lag_04__T_place_DUMPSTER,T_place_DUMPSTER,False,9.093055725097656,-0.00015119952149689198,-0.0013748656745793397
89091,11.0,-0.0032156705856323242,19,lag_11__T_place_TSTAIRS,T_place_TSTAIRS,False,5.668967247009277,-0.00022220548999030143,-0.0012596756448606666
89091,11.0,-0.0032156705856323242,20,lag_11__bomb_events_last_5s,bomb_events_last_5s,False,2.0894010066986084,-0.0005411767051555216,-0.0011307351525537829
89603,19.0,0.003108799457550049,1,lag_13__CT_place_BACKOFB,CT_place_BACKOFB,False,-5.709421634674072,0.0004632167983800173,-0.0026447000102153284
89603,19.0,0.003108799457550049,2,lag_04__T_A_site_active_infernos,T_A_site_active_infernos,True,-5.952910423278809,-0.0004110811569262296,0.0024471293038796638
89603,19.0,0.003108799457550049,3,lag_03__T_flashed_players,T_flashed_players,False,-1.9296237230300903,-0.0011743403738364577,0.0022660350442668536
89603,19.0,0.003108799457550049,4,lag_04__T_active_infernos,T_active_infernos,True,-6.247930526733398,-0.0003495922719594091,0.0021842282278852765
89603,19.0,0.003108799457550049,5,lag_08__T_place_TSTAIRS,T_place_TSTAIRS,False,-5.668966770172119,0.0003431770601309836,-0.0019454593501679052
89603,19.0,0.003108799457550049,6,lag_04__T_place_TSTAIRS,T_place_TSTAIRS,False,-5.668967247009277,0.0003168236871715635,-0.0017960631056523069
89603,19.0,0.003108799457550049,7,lag_10__T2__is_walking,T2__is_walking,False,2.2968344688415527,-0.0005949884653091431,-0.0013665900156851762
89603,19.0,0.003108799457550049,8,lag_11__T_place_TSTAIRS,T_place_TSTAIRS,False,5.668967247009277,-0.00022220548999030143,-0.0012596756448606666
89603,19.0,0.003108799457550049,9,lag_07__CT2__is_walking,CT2__is_walking,False,2.360051155090332,0.00046788144391030073,0.0011042241421458376
89603,19.0,0.003108799457550049,10,lag_02__CT5__duck_amount,CT5__duck_amount,False,-3.7749595642089844,0.00029041353263892233,-0.001096299342611018
89603,19.0,0.003108799457550049,11,lag_04__T_B_site_active_infernos,T_B_site_active_infernos,True,-2.8273046016693115,-0.00037203769898042083,0.001051863898321806
89603,19.0,0.003108799457550049,12,lag_07__CT5__duck_amount,CT5__duck_amount,False,-3.7749595642089844,0.00026904058177024126,-0.0010156173173139216
89603,19.0,0.003108799457550049,13,lag_04__T_flashed_players,T_flashed_players,False,-1.9296237230300903,-0.0004993505426682532,0.0009635586532406107
89603,19.0,0.003108799457550049,14,lag_04__active_infernos_total,active_infernos_total,True,-4.310336589813232,-0.00021217457833699882,0.00091454384843416
89603,19.0,0.003108799457550049,15,lag_04__T_utility_damage_last_5s,T_utility_damage_last_5s,True,-5.996406555175781,0.00014166442269925028,-0.0008494774729089771
89603,19.0,0.003108799457550049,16,lag_13__T5__duck_amount,T5__duck_amount,False,3.7970333099365234,0.00022285939485300332,0.0008462045456891498
89603,19.0,0.003108799457550049,17,lag_05__CT2__is_walking,CT2__is_walking,False,2.360051155090332,0.000348549714544788,0.0008225951564178324
89603,19.0,0.003108799457550049,18,lag_04__T_place_TSIDEUPPER,T_place_TSIDEUPPER,False,2.5222225189208984,0.0003202765656169504,0.000807808766081719
89603,19.0,0.003108799457550049,19,lag_07__T3__is_walking,T3__is_walking,False,2.3223767280578613,0.00034739202237688005,0.000806775148281022
89603,19.0,0.003108799457550049,20,lag_03__T_flash_duration_sum,T_flash_duration_sum,True,-2.556974172592163,-0.00028971731080673635,0.0007407996810856812
89251,13.5,-0.0030865073204040527,1,lag_03__T_flashed_players,T_flashed_players,False,3.8592474460601807,-0.0011743403738364577,-0.004532070088533707
89251,13.5,-0.0030865073204040527,2,lag_01__T5__duck_amount,T5__duck_amount,False,-3.7970333099365234,-0.0011103699216619134,0.004216111578901893
89251,13.5,-0.0030865073204040527,3,lag_03__CT3__is_scoped,CT3__is_scoped,False,4.548114776611328,-0.000869983690790832,-0.003956785679496644
89251,13.5,-0.0030865073204040527,4,lag_12__T_place_TSTAIRS,T_place_TSTAIRS,False,-11.337933540344238,-0.00032671517692506313,0.0037042749625981752
89251,13.5,-0.0030865073204040527,5,lag_04__bomb_events_last_5s,bomb_events_last_5s,False,-2.0894012451171875,-0.0015195802552625537,0.0031750128774010733
89251,13.5,-0.0030865073204040527,6,lag_03__CT3__is_walking,CT3__is_walking,False,-2.387126922607422,0.0013194408966228366,-0.0031496728871176494
89251,13.5,-0.0030865073204040527,7,lag_09__bomb_events_last_5s,bomb_events_last_5s,False,-2.0894012451171875,-0.0009250841103494167,0.001932871892002197
89251,13.5,-0.0030865073204040527,8,lag_06__CT_place_BACKOFB,CT_place_BACKOFB,False,5.709421634674072,0.0002982051228173077,0.0017025787797837755
89251,13.5,-0.0030865073204040527,9,lag_04__CT3__is_walking,CT3__is_walking,False,2.387126922607422,0.0006923118489794433,0.0016526362535389527
89251,13.5,-0.0030865073204040527,10,lag_06__bomb_events_last_5s,bomb_events_last_5s,False,-2.0894012451171875,0.0007767200004309416,-0.0016228797360078318
89251,13.5,-0.0030865073204040527,11,lag_07__T_A_site_active_infernos,T_A_site_active_infernos,True,5.952910423278809,-0.00024910413776524365,-0.0014828946181845992
89251,13.5,-0.0030865073204040527,12,lag_03__T_flash_duration_sum,T_flash_duration_sum,True,4.836296081542969,-0.00028971731080673635,-0.0014011586950097854
89251,13.5,-0.0030865073204040527,13,lag_03__T5__flash_duration,T5__flash_duration,True,5.611483097076416,-0.0002487350138835609,-0.0013957723260586696
89251,13.5,-0.0030865073204040527,14,lag_04__T_place_DUMPSTER,T_place_DUMPSTER,False,-9.093055725097656,-0.00015119952149689198,0.0013748656745793397
89251,13.5,-0.0030865073204040527,15,lag_02__T5__duck_amount,T5__duck_amount,False,3.7970333099365234,-0.0002674577699508518,-0.001015546061504724
89251,13.5,-0.0030865073204040527,16,lag_04__T_flashed_players,T_flashed_players,False,-1.9296237230300903,-0.0004993505426682532,0.0009635586532406107
89251,13.5,-0.0030865073204040527,17,lag_10__CT_place_CONNECTOR,CT_place_CONNECTOR,False,-3.575894832611084,-0.0002647607761900872,0.0009467566914562325
89251,13.5,-0.0030865073204040527,18,lag_06__T5__is_scoped,T5__is_scoped,False,4.76965856552124,-0.00018988816009368747,-0.000905701689281925
89251,13.5,-0.0030865073204040527,19,lag_12__CT_place_CONNECTOR,CT_place_CONNECTOR,False,-3.575894355773926,-0.000251975521678105,0.0009010378457619261
89251,13.5,-0.0030865073204040527,20,lag_02__CT_place_BACKOFB,CT_place_BACKOFB,False,-5.709421634674072,-0.00014980314881540835,0.000855289338788992
90563,34.0,0.002984464168548584,1,lag_01__T5__duck_amount,T5__duck_amount,False,3.120408773422241,-0.0011103699216619134,-0.0034648080452980012
90563,34.0,0.002984464168548584,2,lag_00__T5__duck_amount,T5__duck_amount,False,-3.120408773422241,-0.0009015231626108289,0.0028131207860541962
90563,34.0,0.002984464168548584,3,lag_11__T5__is_walking,T5__is_walking,False,-2.3193888664245605,0.0008092483039945364,-0.001876961506457886
90563,34.0,0.002984464168548584,4,lag_14__T2__is_walking,T2__is_walking,False,-2.2968344688415527,0.0008073250064626336,-0.0018542919024011062
90563,34.0,0.002984464168548584,5,lag_10__T1__is_walking,T1__is_walking,False,-2.281590461730957,-0.0007302900194190443,0.0016662227426038068
90563,34.0,0.002984464168548584,6,lag_13__T1__is_walking,T1__is_walking,False,-2.281590461730957,0.0005743312649428844,-0.0013103887359675603
90563,34.0,0.002984464168548584,7,lag_09__T1__is_walking,T1__is_walking,False,2.281590461730957,0.0005387863493524492,0.0012292897955933912
90563,34.0,0.002984464168548584,8,lag_03__CT5__is_walking,CT5__is_walking,False,-2.396676540374756,-0.0004981851670891047,0.001193988702725135
90563,34.0,0.002984464168548584,9,lag_03__T5__is_walking,T5__is_walking,False,2.3193888664245605,0.0005058168899267912,0.001173186062945697
90563,34.0,0.002984464168548584,10,lag_04__T5__is_walking,T5__is_walking,False,-2.3193888664245605,0.0004941538791172206,-0.0011461350055249897
90563,34.0,0.002984464168548584,11,lag_15__T5__is_scoped,T5__is_scoped,False,-4.76965856552124,-0.0002332222939003259,0.0011123907117722015
90563,34.0,0.002984464168548584,12,lag_07__CT2__is_walking,CT2__is_walking,False,2.360051155090332,0.00046788144391030073,0.0011042241421458376
90563,34.0,0.002984464168548584,13,lag_06__CT_walking_count,CT_walking_count,False,-1.7948952913284302,0.0006055900012142956,-0.0010869706416551175
90563,34.0,0.002984464168548584,14,lag_13__T_place_BACKOFB,T_place_BACKOFB,False,2.685629367828369,-0.00038829795084893703,-0.001042824380267482
90563,34.0,0.002984464168548584,15,lag_15__CT_walking_count,CT_walking_count,False,-1.7948951721191406,0.0005515348166227341,-0.000989947179611761
90563,34.0,0.002984464168548584,16,lag_00__T5__is_walking,T5__is_walking,False,2.3193888664245605,0.0004155206261202693,0.000963753913993115
90563,34.0,0.002984464168548584,17,lag_02__T5__is_walking,T5__is_walking,False,-2.3193888664245605,0.0003944423224311322,-0.0009148651310934147
90563,34.0,0.002984464168548584,18,lag_11__T2__is_walking,T2__is_walking,False,-2.2968344688415527,-0.0003516226715873927,0.0008076190721280768
90563,34.0,0.002984464168548584,19,lag_11__CT4__duck_amount,CT4__duck_amount,False,-3.6725916862487793,-0.00021736850612796843,0.0007983057684578937
90563,34.0,0.002984464168548584,20,lag_10__CT2__is_walking,CT2__is_walking,False,2.360051155090332,0.0002848673611879349,0.0006723015448191205
89859,23.0,0.0029711127281188965,1,lag_14__T1__is_walking,T1__is_walking,False,2.281590461730957,0.0011821426451206207,0.002697165383512612
89859,23.0,0.0029711127281188965,2,lag_14__T2__is_walking,T2__is_walking,False,-2.2968344688415527,0.0008073250064626336,-0.0018542919024011062
89859,23.0,0.0029711127281188965,3,lag_12__T_place_TSTAIRS,T_place_TSTAIRS,False,-5.668967247009277,-0.00032671517692506313,0.0018521376370890241
89859,23.0,0.0029711127281188965,4,lag_03__T3__smoke,T3__smoke,True,2.173264503479004,0.0004164665879216045,0.0009050920524150408
89859,23.0,0.0029711127281188965,5,lag_11__T4__duck_amount,T4__duck_amount,False,-3.6976382732391357,0.0002439157251501456,-0.000901912120760056
89859,23.0,0.0029711127281188965,6,lag_12__T_damage_last_5s,T_damage_last_5s,False,-1.007077932357788,-0.0008603064343333244,0.0008663956250825056
89859,23.0,0.0029711127281188965,7,lag_12__T_A_site_active_infernos,T_A_site_active_infernos,True,-5.952910423278809,-0.00013851602852810174,0.0008245735100161217
89859,23.0,0.0029711127281188965,8,lag_05__CT2__is_walking,CT2__is_walking,False,-2.360051155090332,0.000348549714544788,-0.0008225951564178324
89859,23.0,0.0029711127281188965,9,lag_00__CT1__is_walking,CT1__is_walking,False,-2.3343825340270996,-0.00034733660868369043,0.0008108165127394124
89859,23.0,0.0029711127281188965,10,lag_12__T_utility_damage_last_5s,T_utility_damage_last_5s,True,-5.996406555175781,0.00013389346713665873,-0.0008028796640334734
89859,23.0,0.0029711127281188965,11,lag_04__CT2__is_walking,CT2__is_walking,False,2.360051155090332,0.00031794121605344117,0.0007503575341977486
89859,23.0,0.0029711127281188965,12,lag_01__CT4__is_walking,CT4__is_walking,False,-2.384641170501709,-0.0002993127563968301,0.0007137535217602298
89859,23.0,0.0029711127281188965,13,lag_11__T2__flash_duration,T2__flash_duration,True,-6.246918201446533,0.0001037121401168406,-0.0006478812558068647
89859,23.0,0.0029711127281188965,14,lag_12__damage_diff_last_5s,damage_diff_last_5s,False,0.9475110769271851,0.0006579258479177952,0.0006233920286988215
89859,23.0,0.0029711127281188965,15,lag_12__T5__flash_duration,T5__flash_duration,True,-5.611483097076416,0.00010718173143686727,-0.0006014484742733646
89859,23.0,0.0029711127281188965,16,lag_09__T2__is_walking,T2__is_walking,False,-2.2968344688415527,-0.00026042977697215974,0.0005981640884623746
89859,23.0,0.0029711127281188965,17,lag_05__CT4__is_walking,CT4__is_walking,False,2.384641170501709,-0.00024838076205924153,-0.0005922989911670562
89859,23.0,0.0029711127281188965,18,lag_00__CT5__duck_amount,CT5__duck_amount,False,3.7749595642089844,-0.00015178616740740836,-0.0005729866443692222
89859,23.0,0.0029711127281188965,19,lag_04__T2__is_walking,T2__is_walking,False,2.2968344688415527,0.00023615307873114944,0.000542404531152757
89859,23.0,0.0029711127281188965,20,lag_11__CT_walking_count,CT_walking_count,False,0.8974476456642151,-0.0005903180572204292,-0.0005297795506455476
90243,29.0,-0.002458512783050537,1,lag_01__T5__duck_amount,T5__duck_amount,False,3.7970333099365234,-0.0011103699216619134,-0.004216111578901893
90243,29.0,-0.002458512783050537,2,lag_12__T4__is_walking,T4__is_walking,False,-2.307980537414551,0.0010799213778227568,-0.0024924375219528283
90243,29.0,-0.002458512783050537,3,lag_05__T5__is_scoped,T5__is_scoped,False,-4.76965856552124,-0.00024125359777826816,0.0011506972891059328
90243,29.0,-0.002458512783050537,4,lag_00__T_A_site_active_smokes,T_A_site_active_smokes,True,-1.422539234161377,-0.0007961964001879096,0.0011326206173653541
90243,29.0,-0.002458512783050537,5,lag_07__T2__duck_amount,T2__duck_amount,False,3.8233180046081543,-0.00029396728496067226,-0.0011239304133559141
90243,29.0,-0.002458512783050537,6,lag_02__CT5__duck_amount,CT5__duck_amount,False,3.341299057006836,0.00029041353263892233,0.0009703584627484552
90243,29.0,-0.002458512783050537,7,lag_00__T1__duck_amount,T1__duck_amount,False,3.0120460987091064,-0.0003204351814929396,-0.0009651655383049532
90243,29.0,-0.002458512783050537,8,lag_09__T2__duck_amount,T2__duck_amount,False,-3.8233180046081543,0.0002308204275323078,-0.0008824998964156242
90243,29.0,-0.002458512783050537,9,lag_03__CT_velocity_mean,CT_velocity_mean,False,-2.0815579891204834,-0.0004154558992013335,0.00086479554610977
90243,29.0,-0.002458512783050537,10,lag_09__CT_place_BACKOFB,CT_place_BACKOFB,False,-5.709421634674072,-0.00014586022007279098,0.0008327774961219142
90243,29.0,-0.002458512783050537,11,lag_05__CT2__is_walking,CT2__is_walking,False,-2.360051155090332,0.000348549714544788,-0.0008225951564178324
90243,29.0,-0.002458512783050537,12,lag_11__T2__is_walking,T2__is_walking,False,-2.2968344688415527,-0.0003516226715873927,0.0008076190721280768
90243,29.0,-0.002458512783050537,13,lag_01__T1__is_walking,T1__is_walking,False,2.281590461730957,0.0003507422807160765,0.0008002502422075619
90243,29.0,-0.002458512783050537,14,lag_11__T4__duck_amount,T4__duck_amount,False,3.004356861114502,0.0002439157251501456,0.000732809882388559
90243,29.0,-0.002458512783050537,15,lag_03__T2__is_walking,T2__is_walking,False,2.2968344688415527,0.0003062767500523478,0.0007034669965250012
90243,29.0,-0.002458512783050537,16,lag_01__T5__is_walking,T5__is_walking,False,-2.3193888664245605,0.00030008290195837617,-0.0006960089418066306
90243,29.0,-0.002458512783050537,17,lag_01__T1__duck_amount,T1__duck_amount,False,-3.915480136871338,-0.00017753288557287306,0.0006951264871020366
90243,29.0,-0.002458512783050537,18,lag_05__T5__is_walking,T5__is_walking,False,2.3193888664245605,0.00028558424673974514,0.0006623809223144095
90243,29.0,-0.002458512783050537,19,lag_00__T1__is_walking,T1__is_walking,False,-2.281590461730957,0.0002846682909876108,-0.0006494964574745854
90243,29.0,-0.002458512783050537,20,lag_15__CT1__is_walking,CT1__is_walking,False,2.3343825340270996,0.00027596927247941494,0.0006442178496041118
91619,50.5,0.002436036244034767,1,lag_12__T_kills_last_3s,T_kills_last_3s,False,3.1681017875671387,-0.001074817730113864,-0.0034051319720825868
91619,50.5,0.002436036244034767,2,lag_02__T5__is_scoped,T5__is_scoped,False,4.76965856552124,-0.000631161907222122,-0.0030104267970127163
91619,50.5,0.002436036244034767,3,lag_04__T5__duck_amount,T5__duck_amount,False,3.7970333099365234,0.0007466314127668738,0.0028349843445207856
91619,50.5,0.002436036244034767,4,lag_12__CT_place_LONGDOG,CT_place_LONGDOG,False,-6.523001194000244,-0.00035888157435692847,0.002340984938034932
91619,50.5,0.002436036244034767,5,lag_12__T_damage_last_5s,T_damage_last_5s,False,2.3258702754974365,-0.0008603064343333244,-0.0020009611634350666
91619,50.5,0.002436036244034767,6,lag_12__kill_diff_last_3s,kill_diff_last_3s,False,-2.4069459438323975,0.000720584241207689,-0.001734407316564393
91619,50.5,0.002436036244034767,7,lag_06__bomb_events_last_5s,bomb_events_last_5s,False,-2.0894012451171875,0.0007767200004309416,-0.0016228797360078318
91619,50.5,0.002436036244034767,8,lag_12__damage_diff_last_5s,damage_diff_last_5s,False,-2.1882994174957275,0.0006579258479177952,-0.0014397387497538938
91619,50.5,0.002436036244034767,9,lag_09__T5__is_scoped,T5__is_scoped,False,4.76965856552124,0.0002977944095619023,0.0014203776563312676
91619,50.5,0.002436036244034767,10,lag_05__bomb_events_last_5s,bomb_events_last_5s,False,-2.0894012451171875,-0.000661213940475136,0.0013815412305175911
91619,50.5,0.002436036244034767,11,lag_04__T_A_site_active_infernos,T_A_site_active_infernos,True,-2.9764554500579834,-0.0004110811569262296,0.0012235647499492172
91619,50.5,0.002436036244034767,12,lag_04__T_duck_amount_mean,T_duck_amount_mean,False,2.952670097351074,0.00037976278690621257,0.001121314224984682
91619,50.5,0.002436036244034767,13,lag_13__T5__is_scoped,T5__is_scoped,False,4.76965856552124,0.00023412099108099937,0.0011166771904778106
91619,50.5,0.002436036244034767,14,lag_04__T_B_site_active_infernos,T_B_site_active_infernos,True,-2.8273046016693115,-0.00037203769898042083,0.001051863898321806
91619,50.5,0.002436036244034767,15,lag_02__T_scoped_count,T_scoped_count,False,2.8811259269714355,-0.00035292826942168176,-0.0010168307873919674
91619,50.5,0.002436036244034767,16,lag_02__T5__duck_amount,T5__duck_amount,False,-3.7970333099365234,-0.0002674577699508518,0.001015546061504724
91619,50.5,0.002436036244034767,17,lag_06__T5__is_scoped,T5__is_scoped,False,-4.76965856552124,-0.00018988816009368747,0.000905701689281925
91619,50.5,0.002436036244034767,18,lag_06__T_kills_last_3s,T_kills_last_3s,False,-3.1681017875671387,0.0002668734232429415,-0.0008454821692301245
91619,50.5,0.002436036244034767,19,lag_06__kill_diff_last_3s,kill_diff_last_3s,False,2.4069459438323975,-0.0003434529644437134,-0.0008266727196650087
91619,50.5,0.002436036244034767,20,lag_02__T_damage_last_5s,T_damage_last_5s,False,-2.3258702754974365,0.00034513010177761316,-0.0008027278449039554
90467,32.5,0.0023845434188842773,1,lag_06__T_place_BACKOFB,T_place_BACKOFB,False,5.37125825881958,0.0007487287512049079,0.004021615488525032
90467,32.5,0.0023845434188842773,2,lag_08__T5__duck_amount,T5__duck_amount,False,3.7970333099365234,-0.0005669594393111765,-0.002152763876447472
90467,32.5,0.0023845434188842773,3,lag_14__T2__is_walking,T2__is_walking,False,-2.2968344688415527,0.0008073250064626336,-0.0018542919024011062
90467,32.5,0.0023845434188842773,4,lag_06__CT5__is_walking,CT5__is_walking,False,2.396676540374756,0.0007474157609976828,0.0017913138202894918
90467,32.5,0.0023845434188842773,5,lag_10__T1__is_walking,T1__is_walking,False,-2.281590461730957,-0.0007302900194190443,0.0016662227426038068
90467,32.5,0.0023845434188842773,6,lag_06__T5__duck_amount,T5__duck_amount,False,-3.7970333099365234,0.0004183355194982141,-0.001588433902264319
90467,32.5,0.0023845434188842773,7,lag_10__T2__is_walking,T2__is_walking,False,2.2968344688415527,-0.0005949884653091431,-0.0013665900156851762
90467,32.5,0.0023845434188842773,8,lag_08__T1__is_walking,T1__is_walking,False,2.281590461730957,0.0005800139624625444,0.0013233543244253188
90467,32.5,0.0023845434188842773,9,lag_07__T1__is_walking,T1__is_walking,False,-2.281590461730957,0.0005334814195521176,-0.0012171861183608024
90467,32.5,0.0023845434188842773,10,lag_06__T4__duck_amount,T4__duck_amount,False,-3.6976382732391357,0.0003161067725159228,-0.001168848500484973
90467,32.5,0.0023845434188842773,11,lag_07__CT2__is_walking,CT2__is_walking,False,2.360051155090332,0.00046788144391030073,0.0011042241421458376
90467,32.5,0.0023845434188842773,12,lag_07__CT5__duck_amount,CT5__duck_amount,False,-3.7749595642089844,0.00026904058177024126,-0.0010156173173139216
90467,32.5,0.0023845434188842773,13,lag_00__T5__is_walking,T5__is_walking,False,2.3193888664245605,0.0004155206261202693,0.000963753913993115
90467,32.5,0.0023845434188842773,14,lag_14__CT2__duck_amount,CT2__duck_amount,False,-2.545534133911133,-0.00036184501368552446,0.0009210888335220435
90467,32.5,0.0023845434188842773,15,lag_11__T4__duck_amount,T4__duck_amount,False,-3.6976382732391357,0.0002439157251501456,-0.000901912120760056
90467,32.5,0.0023845434188842773,16,lag_11__T2__is_walking,T2__is_walking,False,-2.2968344688415527,-0.0003516226715873927,0.0008076190721280768
90467,32.5,0.0023845434188842773,17,lag_15__CT2__duck_amount,CT2__duck_amount,False,2.95105242729187,0.00026341096963733435,0.0007773395813235606
90467,32.5,0.0023845434188842773,18,lag_01__T4__is_walking,T4__is_walking,False,-2.307980537414551,0.00032857785117812455,-0.0007583512855446062
90467,32.5,0.0023845434188842773,19,lag_04__CT2__is_walking,CT2__is_walking,False,2.360051155090332,0.00031794121605344117,0.0007503575341977486
90467,32.5,0.0023845434188842773,20,lag_12__CT2__is_walking,CT2__is_walking,False,-2.360051155090332,-0.0003027152270078659,0.000714423421163346
90147,27.5,-0.002193272113800049,1,lag_02__T5__is_scoped,T5__is_scoped,False,-4.76965856552124,-0.000631161907222122,0.0030104267970127163
90147,27.5,-0.002193272113800049,2,lag_12__T4__is_walking,T4__is_walking,False,2.307980537414551,0.0010799213778227568,0.0024924375219528283
90147,27.5,-0.002193272113800049,3,lag_00__T_place_BACKOFB,T_place_BACKOFB,False,2.685629367828369,-0.0007045218953862786,-0.001892084692527496
90147,27.5,-0.002193272113800049,4,lag_13__CT2__duck_amount,CT2__duck_amount,False,-3.8097944259643555,-0.00048722009523771703,0.0018562084030544768
90147,27.5,-0.002193272113800049,5,lag_06__CT_place_BACKOFB,CT_place_BACKOFB,False,-5.709421634674072,0.0002982051228173077,-0.0017025787797837755
90147,27.5,-0.002193272113800049,6,lag_14__CT2__duck_amount,CT2__duck_amount,False,3.8097944259643555,-0.00036184501368552446,-0.001378555116202107
90147,27.5,-0.002193272113800049,7,lag_04__T2__duck_amount,T2__duck_amount,False,3.8233180046081543,0.00029647169867530465,0.0011335055834020558
90147,27.5,-0.002193272113800049,8,lag_02__CT5__duck_amount,CT5__duck_amount,False,-3.7749595642089844,0.00029041353263892233,-0.001096299342611018
90147,27.5,-0.002193272113800049,9,lag_13__CT_place_TUNNELS,CT_place_TUNNELS,False,3.060441493988037,-0.0003436715924181044,-0.0010517868017413112
90147,27.5,-0.002193272113800049,10,lag_02__T_scoped_count,T_scoped_count,False,-2.8811259269714355,-0.00035292826942168176,0.0010168307873919674
90147,27.5,-0.002193272113800049,11,lag_10__CT4__is_walking,CT4__is_walking,False,-2.384641170501709,0.00038855764432810247,-0.000926570555777953
90147,27.5,-0.002193272113800049,12,lag_02__T5__is_walking,T5__is_walking,False,2.3193888664245605,0.0003944423224311322,0.0009148651310934147
90147,27.5,-0.002193272113800049,13,lag_05__CT2__is_walking,CT2__is_walking,False,-2.360051155090332,0.000348549714544788,-0.0008225951564178324
90147,27.5,-0.002193272113800049,14,lag_06__T4__duck_amount,T4__duck_amount,False,2.5967953205108643,0.0003161067725159228,0.0008208645876511406
90147,27.5,-0.002193272113800049,15,lag_00__CT1__is_walking,CT1__is_walking,False,2.3343825340270996,-0.00034733660868369043,-0.0008108165127394124
90147,27.5,-0.002193272113800049,16,lag_12__T3__smoke,T3__smoke,True,2.173264503479004,0.0003608835395425558,0.000784295386377698
90147,27.5,-0.002193272113800049,17,lag_07__T2__duck_amount,T2__duck_amount,False,2.4873275756835938,-0.00029396728496067226,-0.0007311929342315171
90147,27.5,-0.002193272113800049,18,lag_12__CT2__is_walking,CT2__is_walking,False,-2.360051155090332,-0.0003027152270078659,0.000714423421163346
90147,27.5,-0.002193272113800049,19,lag_03__T2__is_walking,T2__is_walking,False,2.2968344688415527,0.0003062767500523478,0.0007034669965250012
90147,27.5,-0.002193272113800049,20,lag_00__T_place_TSIDEUPPER,T_place_TSIDEUPPER,False,-2.5222225189208984,0.00027664389926940203,-0.0006977574724593705
91811,53.5,-0.0020615761168301105,1,lag_12__T_kills_last_3s,T_kills_last_3s,False,-3.1681017875671387,-0.001074817730113864,0.0034051319720825868
91811,53.5,-0.0020615761168301105,2,lag_04__bomb_events_last_5s,bomb_events_last_5s,False,2.0894012451171875,-0.0015195802552625537,-0.0031750128774010733
91811,53.5,-0.0020615761168301105,3,lag_01__T_kills_last_3s,T_kills_last_3s,False,3.1681017875671387,-0.0007412446429952979,-0.002348338478497969
91811,53.5,-0.0020615761168301105,4,lag_01__kill_diff_last_3s,kill_diff_last_3s,False,-2.4069459438323975,0.0009214926394633949,-0.002217982970827828
91811,53.5,-0.0020615761168301105,5,lag_08__T5__duck_amount,T5__duck_amount,False,-3.7970333099365234,-0.0005669594393111765,0.002152763876447472
91811,53.5,-0.0020615761168301105,6,lag_04__T1__has_bomb,T1__has_bomb,False,-2.857499837875366,-0.0006780379917472601,0.0019374934514911346
91811,53.5,-0.0020615761168301105,7,lag_07__CT_place_ENTRANCE,CT_place_ENTRANCE,False,8.87263011932373,-0.00021486564946826547,-0.0019064234330801871
91811,53.5,-0.0020615761168301105,8,lag_12__kill_diff_last_3s,kill_diff_last_3s,False,2.4069459438323975,0.000720584241207689,0.001734407316564393
91811,53.5,-0.0020615761168301105,9,lag_03__T_velocity_mean,T_velocity_mean,False,1.4462435245513916,-0.0010220569092780352,-0.0014781431867663675
91811,53.5,-0.0020615761168301105,10,lag_10__T_bomb_zone_count,T_bomb_zone_count,False,5.821373462677002,0.0002497516106814146,0.001453897398681625
91811,53.5,-0.0020615761168301105,11,lag_15__T_place_BACKOFB,T_place_BACKOFB,False,-2.685629367828369,-0.00051374442409724,0.0013797271129136202
91811,53.5,-0.0020615761168301105,12,lag_00__T1__duck_amount,T1__duck_amount,False,-3.915480136871338,-0.0003204351814929396,0.0012546575882903671
91811,53.5,-0.0020615761168301105,13,lag_11__bomb_events_last_5s,bomb_events_last_5s,False,-2.0894012451171875,-0.0005411767051555216,0.001130735281580364
91811,53.5,-0.0020615761168301105,14,lag_15__T5__is_scoped,T5__is_scoped,False,4.76965856552124,-0.0002332222939003259,-0.0011123907117722015
91811,53.5,-0.0020615761168301105,15,lag_04__T5__is_scoped,T5__is_scoped,False,-4.76965856552124,-0.00022739746782463044,0.0010846082801875892
91811,53.5,-0.0020615761168301105,16,lag_01__T_damage_last_5s,T_damage_last_5s,False,2.3258702754974365,-0.00043517633457668126,-0.0010121637011918302
91811,53.5,-0.0020615761168301105,17,lag_08__damage_diff_last_5s,damage_diff_last_5s,False,2.1882996559143066,-0.00046028612996451557,-0.0010072439798234772
91811,53.5,-0.0020615761168301105,18,lag_10__T5__duck_amount,T5__duck_amount,False,3.7970333099365234,-0.00024185671645682305,-0.0009183380086184301
91811,53.5,-0.0020615761168301105,19,lag_02__CT_place_BACKOFB,CT_place_BACKOFB,False,5.709421634674072,-0.00014980314881540835,-0.000855289338788992
91811,53.5,-0.0020615761168301105,20,lag_02__T_flashed_players,T_flashed_players,False,1.9296237230300903,-0.00041283367318101227,-0.0007966136494357325
88515,2.0,0.002001047134399414,1,lag_03__T_velocity_mean,T_velocity_mean,False,2.891570568084717,-0.0010220569092780352,-0.002955349677775998
88515,2.0,0.002001047134399414,2,lag_04__T3__has_bomb,T3__has_bomb,False,2.798933982849121,0.0006928390939719975,0.0019392108847646194
88515,2.0,0.002001047134399414,3,lag_03__CT_velocity_mean,CT_velocity_mean,False,3.495476722717285,-0.0004154558992013335,-0.00145221642497384
88515,2.0,0.002001047134399414,4,lag_00__CT_place_ENTRANCE,CT_place_ENTRANCE,False,8.872631072998047,-0.00014811591245234013,-0.0013141778472300913
88515,2.0,0.002001047134399414,5,lag_04__T_velocity_mean,T_velocity_mean,False,-1.7359485626220703,-0.000624043052084744,0.001083306639280801
88515,2.0,0.002001047134399414,6,lag_04__T5__flash,T5__flash,True,2.107362747192383,0.0004430822446011007,0.0009337350162147429
88515,2.0,0.002001047134399414,7,lag_04__CT2__molly,CT2__molly,True,1.9538549184799194,0.00046969231334514916,0.0009177106366016312
88515,2.0,0.002001047134399414,8,lag_03__T3__smoke,T3__smoke,True,-2.173264503479004,0.0004164665879216045,-0.0009050920524150408
88515,2.0,0.002001047134399414,9,lag_04__CT2__utility_total,CT2__utility_total,True,1.98095703125,0.00041888633859343827,0.0008297958377312398
88515,2.0,0.002001047134399414,10,lag_04__T_closest_enemy_dist,T_closest_enemy_dist,False,4.066553115844727,-0.00020034446788486093,-0.000814711420119435
88515,2.0,0.002001047134399414,11,lag_04__T3__armor,T3__armor,False,0.7578369975090027,0.0009629462147131562,0.0007297562681208777
88515,2.0,0.002001047134399414,12,lag_04__T3__has_helmet,T3__has_helmet,False,0.7360554933547974,0.0009019256685860455,0.0006638673429604572
88515,2.0,0.002001047134399414,13,lag_04__CT2__has_defuser,CT2__has_defuser,False,1.5125796794891357,0.00043599423952400684,0.0006594760270783318
88515,2.0,0.002001047134399414,14,lag_04__CT2__smoke,CT2__smoke,True,1.5045274496078491,0.0004356016288511455,0.0006553746077004388
88515,2.0,0.002001047134399414,15,lag_04__T3__smoke,T3__smoke,True,1.5118021965026855,0.0004190317413304001,0.000633493106947644
88515,2.0,0.002001047134399414,16,lag_04__T_macro_OTHER,T_macro_OTHER,False,1.179738998413086,0.0005012371693737805,0.0005913290361644341
88515,2.0,0.002001047134399414,17,lag_02__T_velocity_mean,T_velocity_mean,False,0.8199187517166138,-0.0007164162816479802,-0.0005874031433582699
88515,2.0,0.002001047134399414,18,lag_04__CT_velocity_mean,CT_velocity_mean,False,-1.694637656211853,-0.0003414976818021387,0.0005787148310909575
88515,2.0,0.002001047134399414,19,lag_04__T3__alive,T3__alive,False,0.52897709608078,0.0010753048118203878,0.0005688116167584384
88515,2.0,0.002001047134399414,20,lag_01__CT_place_ENTRANCE,CT_place_ENTRANCE,False,8.87263011932373,6.307112926151603e-05,0.0005596068011454874
89763,21.5,0.0018066763877868652,1,lag_14__T2__is_walking,T2__is_walking,False,-2.2968344688415527,0.0008073250064626336,-0.0018542919024011062
89763,21.5,0.0018066763877868652,2,lag_14__T_place_BACKOFB,T_place_BACKOFB,False,5.371258735656738,-0.000298811006359756,-0.0016049912282202206
89763,21.5,0.0018066763877868652,3,lag_09__T_A_site_active_infernos,T_A_site_active_infernos,True,-5.952910423278809,-0.00020994922670070082,0.0012498089399859275
89763,21.5,0.0018066763877868652,4,lag_02__CT4__is_walking,CT4__is_walking,False,2.384641170501709,-0.0004725769395008683,-0.001126926426163466
89763,21.5,0.0018066763877868652,5,lag_00__T3__smoke,T3__smoke,True,2.173264503479004,0.0005001936806365848,0.0010870531709920028
89763,21.5,0.0018066763877868652,6,lag_07__CT5__duck_amount,CT5__duck_amount,False,-3.7749595642089844,0.00026904058177024126,-0.0010156173173139216
89763,21.5,0.0018066763877868652,7,lag_14__T_place_TSTAIRS,T_place_TSTAIRS,False,5.668966770172119,0.00014950173499528319,0.0008475203677713386
89763,21.5,0.0018066763877868652,8,lag_09__T_active_infernos,T_active_infernos,True,-6.247930526733398,-0.00013320226571522653,0.0008322385021922174
89763,21.5,0.0018066763877868652,9,lag_00__CT1__is_walking,CT1__is_walking,False,2.3343825340270996,-0.00034733660868369043,-0.0008108165127394124
89763,21.5,0.0018066763877868652,10,lag_14__T_place_TSIDEUPPER,T_place_TSIDEUPPER,False,-5.044445991516113,-0.00016033365682233125,0.000808794472462529
89763,21.5,0.0018066763877868652,11,lag_11__T2__is_walking,T2__is_walking,False,-2.2968344688415527,-0.0003516226715873927,0.0008076190721280768
89763,21.5,0.0018066763877868652,12,lag_12__CT2__is_walking,CT2__is_walking,False,2.360051155090332,-0.0003027152270078659,-0.000714423421163346
89763,21.5,0.0018066763877868652,13,lag_01__CT_place_BOMBSITEA,CT_place_BOMBSITEA,False,-1.300473928451538,0.0005340472562238574,-0.000694514533280205
89763,21.5,0.0018066763877868652,14,lag_01__CT_macro_A,CT_macro_A,False,-1.300473928451538,0.0005340472562238574,-0.000694514533280205
89763,21.5,0.0018066763877868652,15,lag_10__CT2__is_walking,CT2__is_walking,False,2.360051155090332,0.0002848673611879349,0.0006723015448191205
89763,21.5,0.0018066763877868652,16,lag_15__T2__is_walking,T2__is_walking,False,2.2968344688415527,0.0002757746260613203,0.0006334086667695304
89763,21.5,0.0018066763877868652,17,lag_09__T2__is_walking,T2__is_walking,False,2.2968344688415527,-0.00026042977697215974,-0.0005981640884623746
89763,21.5,0.0018066763877868652,18,lag_09__T_B_site_active_infernos,T_B_site_active_infernos,True,-2.8273046016693115,-0.00021155555441509932,0.0005981319925065127
89763,21.5,0.0018066763877868652,19,lag_05__CT4__is_walking,CT4__is_walking,False,-2.384641170501709,-0.00024838076205924153,0.0005922989911670562
89763,21.5,0.0018066763877868652,20,lag_11__T1__is_walking,T1__is_walking,False,2.281590461730957,-0.00025788924540393054,-0.000588397642496602
90627,35.0,-0.0017619729042053223,1,lag_11__CT5__is_walking,CT5__is_walking,False,2.396676540374756,-0.0007906605605967343,-0.0018949576169817461
90627,35.0,-0.0017619729042053223,2,lag_03__T5__duck_amount,T5__duck_amount,False,3.120408773422241,0.0005301015335135162,0.0016541334759801601
90627,35.0,-0.0017619729042053223,3,lag_15__T_place_BACKOFB,T_place_BACKOFB,False,2.685629367828369,-0.00051374442409724,-0.0013797271129136202
90627,35.0,-0.0017619729042053223,4,lag_13__T1__is_walking,T1__is_walking,False,2.281590461730957,0.0005743312649428844,0.0013103887359675603
90627,35.0,-0.0017619729042053223,5,lag_03__CT5__is_walking,CT5__is_walking,False,-2.396676540374756,-0.0004981851670891047,0.001193988702725135
90627,35.0,-0.0017619729042053223,6,lag_04__T5__is_walking,T5__is_walking,False,-2.3193888664245605,0.0004941538791172206,-0.0011461350055249897
90627,35.0,-0.0017619729042053223,7,lag_11__T_duck_amount_mean,T_duck_amount_mean,False,-3.221140146255493,0.0003515611751936376,-0.001132427815280987
90627,35.0,-0.0017619729042053223,8,lag_11__T_place_BACKOFB,T_place_BACKOFB,False,5.37125825881958,-0.0002010483294725418,-0.0010798825001012702
90627,35.0,-0.0017619729042053223,9,lag_05__CT5__is_walking,CT5__is_walking,False,-2.396676540374756,0.00039863071287982166,-0.0009553888778319336
90627,35.0,-0.0017619729042053223,10,lag_02__T5__is_walking,T5__is_walking,False,2.3193888664245605,0.0003944423224311322,0.0009148651310934147
90627,35.0,-0.0017619729042053223,11,lag_11__T4__duck_amount,T4__duck_amount,False,-3.6976382732391357,0.0002439157251501456,-0.000901912120760056
90627,35.0,-0.0017619729042053223,12,lag_13__T5__duck_amount,T5__duck_amount,False,3.7970333099365234,0.00022285939485300332,0.0008462045456891498
90627,35.0,-0.0017619729042053223,13,lag_02__T5__duck_amount,T5__duck_amount,False,-3.120408773422241,-0.0002674577699508518,0.0008345775718745854
90627,35.0,-0.0017619729042053223,14,lag_06__T4__duck_amount,T4__duck_amount,False,2.635185480117798,0.0003161067725159228,0.0008329999771008595
90627,35.0,-0.0017619729042053223,15,lag_04__CT2__is_walking,CT2__is_walking,False,2.360051155090332,0.00031794121605344117,0.0007503575341977486
90627,35.0,-0.0017619729042053223,16,lag_12__CT2__is_walking,CT2__is_walking,False,2.360051155090332,-0.0003027152270078659,-0.000714423421163346
90627,35.0,-0.0017619729042053223,17,lag_10__T4__is_walking,T4__is_walking,False,2.307980537414551,0.00030948067433200777,0.0007142753730642049
90627,35.0,-0.0017619729042053223,18,lag_02__T_walking_count,T_walking_count,False,1.5941797494888306,0.00044584530405700207,0.000710757555132363
90627,35.0,-0.0017619729042053223,19,lag_05__T5__is_walking,T5__is_walking,False,2.3193888664245605,0.00028558424673974514,0.0006623809223144095
90627,35.0,-0.0017619729042053223,20,lag_00__T1__is_walking,T1__is_walking,False,-2.281590461730957,0.0002846682909876108,-0.0006494964574745854
89827,22.5,0.0017360448837280273,1,lag_06__CT_place_BACKOFB,CT_place_BACKOFB,False,5.709421634674072,0.0002982051228173077,0.0017025787797837755
89827,22.5,0.0017360448837280273,2,lag_10__T2__flash_duration,T2__flash_duration,True,-6.246918201446533,0.0002660822938196361,-0.0016621943243445292
89827,22.5,0.0017360448837280273,3,lag_07__CT4__is_walking,CT4__is_walking,False,-2.384641170501709,0.0005986127653159201,-0.0014274766453602206
89827,22.5,0.0017360448837280273,4,lag_13__T1__is_walking,T1__is_walking,False,2.281590461730957,0.0005743312649428844,0.0013103887359675603
89827,22.5,0.0017360448837280273,5,lag_11__T_A_site_active_infernos,T_A_site_active_infernos,True,-5.952910423278809,-0.00021951539383735508,0.0013067554760445438
89827,22.5,0.0017360448837280273,6,lag_11__T_place_TSTAIRS,T_place_TSTAIRS,False,-5.668967247009277,-0.00022220548999030143,0.0012596756448606666
89827,22.5,0.0017360448837280273,7,lag_03__CT2__duck_amount,CT2__duck_amount,False,-3.8097944259643555,0.0002560111752245575,-0.0009753499483551031
89827,22.5,0.0017360448837280273,8,lag_11__T_utility_damage_last_5s,T_utility_damage_last_5s,True,-5.996406555175781,0.00014812879089731723,-0.0008882404527469356
89827,22.5,0.0017360448837280273,9,lag_11__T2__is_walking,T2__is_walking,False,2.2968344688415527,-0.0003516226715873927,-0.0008076190721280768
89827,22.5,0.0017360448837280273,10,lag_04__CT2__is_walking,CT2__is_walking,False,-2.360051155090332,0.00031794121605344117,-0.0007503575341977486
89827,22.5,0.0017360448837280273,11,lag_12__CT2__is_walking,CT2__is_walking,False,2.360051155090332,-0.0003027152270078659,-0.000714423421163346
89827,22.5,0.0017360448837280273,12,lag_11__T_B_site_active_infernos,T_B_site_active_infernos,True,-2.8273046016693115,-0.0002518711262382567,0.0007121163942410552
89827,22.5,0.0017360448837280273,13,lag_11__T5__flash_duration,T5__flash_duration,True,-5.611483097076416,0.00012539132148958743,-0.0007036312810588946
89827,22.5,0.0017360448837280273,14,lag_03__T2__is_walking,T2__is_walking,False,2.2968344688415527,0.0003062767500523478,0.0007034669965250012
89827,22.5,0.0017360448837280273,15,lag_02__T3__smoke,T3__smoke,True,2.173264503479004,0.00032048989669419825,0.000696509316209154
89827,22.5,0.0017360448837280273,16,lag_05__T4__is_walking,T4__is_walking,False,-2.307980537414551,0.00027825700817629695,-0.0006422117592700949
89827,22.5,0.0017360448837280273,17,lag_15__T2__is_walking,T2__is_walking,False,2.2968344688415527,0.0002757746260613203,0.0006334086667695304
89827,22.5,0.0017360448837280273,18,lag_11__T_active_infernos,T_active_infernos,True,-6.247930526733398,-9.0686502517201e-05,0.0005666029674399053
89827,22.5,0.0017360448837280273,19,lag_09__CT5__duck_amount,CT5__duck_amount,False,-3.7749595642089844,-0.00014714145800098777,0.0005554530541724834
89827,22.5,0.0017360448837280273,20,lag_07__CT_walking_count,CT_walking_count,False,-0.8974476456642151,0.0005949520855210721,-0.000533938348433901
90339,30.5,0.0016649365425109863,1,lag_02__T_place_BACKOFB,T_place_BACKOFB,False,5.37125825881958,-0.0007645132136531174,-0.004106397912811005
90339,30.5,0.0016649365425109863,2,lag_04__T5__duck_amount,T5__duck_amount,False,3.7970333099365234,0.0007466314127668738,0.0028349843445207856
90339,30.5,0.0016649365425109863,3,lag_06__T_place_BACKOFB,T_place_BACKOFB,False,2.685629367828369,0.0007487287512049079,0.002010807922773361
90339,30.5,0.0016649365425109863,4,lag_14__T2__is_walking,T2__is_walking,False,-2.2968344688415527,0.0008073250064626336,-0.0018542919024011062
90339,30.5,0.0016649365425109863,5,lag_02__T_place_TSIDEUPPER,T_place_TSIDEUPPER,False,-5.04444694519043,0.0003307448059786111,-0.0016684246261564062
90339,30.5,0.0016649365425109863,6,lag_10__T2__is_walking,T2__is_walking,False,-2.2968344688415527,-0.0005949884653091431,0.0013665900156851762
90339,30.5,0.0016649365425109863,7,lag_02__T1__is_walking,T1__is_walking,False,2.281590461730957,0.0005318687180988491,0.0012135065941074052
90339,30.5,0.0016649365425109863,8,lag_06__T4__duck_amount,T4__duck_amount,False,3.6976382732391357,0.0003161067725159228,0.001168848500484973
90339,30.5,0.0016649365425109863,9,lag_04__T5__is_walking,T5__is_walking,False,-2.3193888664245605,0.0004941538791172206,-0.0011461350055249897
90339,30.5,0.0016649365425109863,10,lag_07__CT5__duck_amount,CT5__duck_amount,False,3.7749595642089844,0.00026904058177024126,0.0010156173173139216
90339,30.5,0.0016649365425109863,11,lag_02__T5__duck_amount,T5__duck_amount,False,-3.7970333099365234,-0.0002674577699508518,0.001015546061504724
90339,30.5,0.0016649365425109863,12,lag_09__T2__duck_amount,T2__duck_amount,False,-3.8233180046081543,0.0002308204275323078,-0.0008824998964156242
90339,30.5,0.0016649365425109863,13,lag_07__T4__duck_amount,T4__duck_amount,False,-3.6976382732391357,0.00022037944290786982,-0.0008148834627312584
90339,30.5,0.0016649365425109863,14,lag_01__T4__is_walking,T4__is_walking,False,2.307980537414551,0.00032857785117812455,0.0007583512855446062
90339,30.5,0.0016649365425109863,15,lag_06__CT_velocity_mean,CT_velocity_mean,False,-2.0815579891204834,-0.0003419847635086626,0.0007118611166389358
90339,30.5,0.0016649365425109863,16,lag_01__T5__is_walking,T5__is_walking,False,2.3193888664245605,0.00030008290195837617,0.0006960089418066306
90339,30.5,0.0016649365425109863,17,lag_06__CT5__duck_amount,CT5__duck_amount,False,-3.7749595642089844,0.00018032596562989056,-0.000680723228629776
90339,30.5,0.0016649365425109863,18,lag_06__T1__is_walking,T1__is_walking,False,-2.281590461730957,0.0002959349367301911,-0.0006752023289365583
90339,30.5,0.0016649365425109863,19,lag_12__CT_macro_B,CT_macro_B,False,1.2252663373947144,0.0005475091747939587,0.0006708445612897962
90339,30.5,0.0016649365425109863,20,lag_12__CT_place_BOMBSITEB,CT_place_BOMBSITEB,False,1.2252663373947144,0.0005475091747939587,0.0006708445612897962
89731,21.0,-0.0016293525695800781,1,lag_13__T_place_BACKOFB,T_place_BACKOFB,False,5.371258735656738,-0.00038829795084893703,-0.002085648760534964
89731,21.0,-0.0016293525695800781,2,lag_08__T_place_TSTAIRS,T_place_TSTAIRS,False,-5.668967247009277,0.0003431770601309836,-0.0019454595138074793
89731,21.0,-0.0016293525695800781,3,lag_14__T2__is_walking,T2__is_walking,False,2.2968344688415527,0.0008073250064626336,0.0018542919024011062
89731,21.0,-0.0016293525695800781,4,lag_12__T_place_TSTAIRS,T_place_TSTAIRS,False,-5.668966770172119,-0.00032671517692506313,0.0018521374812990876
89731,21.0,-0.0016293525695800781,5,lag_10__T1__is_walking,T1__is_walking,False,2.281590461730957,-0.0007302900194190443,-0.0016662227426038068
89731,21.0,-0.0016293525695800781,6,lag_03__CT_place_BACKOFB,CT_place_BACKOFB,False,5.709421634674072,-0.0002807993732858449,-0.0016032020168411237
89731,21.0,-0.0016293525695800781,7,lag_10__T2__is_walking,T2__is_walking,False,-2.2968344688415527,-0.0005949884653091431,0.0013665900156851762
89731,21.0,-0.0016293525695800781,8,lag_08__T_A_site_active_infernos,T_A_site_active_infernos,True,-5.952910423278809,-0.00021552914404310286,0.0012830256880945468
89731,21.0,-0.0016293525695800781,9,lag_04__CT_shots_fired_sum,CT_shots_fired_sum,False,-2.778964042663574,0.00041915892506949604,-0.0011648275809296449
89731,21.0,-0.0016293525695800781,10,lag_12__T4__duck_amount,T4__duck_amount,False,3.6976382732391357,0.00023508725280407816,0.0008692676235190037
89731,21.0,-0.0016293525695800781,11,lag_11__T3__is_walking,T3__is_walking,False,2.3223767280578613,0.00035524345003068447,0.0008250091211462474
89731,21.0,-0.0016293525695800781,12,lag_07__T4__duck_amount,T4__duck_amount,False,-3.6976382732391357,0.00022037944290786982,-0.0008148834627312584
89731,21.0,-0.0016293525695800781,13,lag_00__CT1__is_walking,CT1__is_walking,False,-2.3343825340270996,-0.00034733660868369043,0.0008108165127394124
89731,21.0,-0.0016293525695800781,14,lag_01__CT4__is_walking,CT4__is_walking,False,2.384641170501709,-0.0002993127563968301,-0.0007137535217602298
89731,21.0,-0.0016293525695800781,15,lag_08__T_active_infernos,T_active_infernos,True,-6.247930526733398,-0.00011339322372805327,0.000708472984055214
89731,21.0,-0.0016293525695800781,16,lag_08__T_B_site_active_infernos,T_B_site_active_infernos,True,-2.8273046016693115,-0.00024604456848464906,0.0006956429406923884
89731,21.0,-0.0016293525695800781,17,lag_06__CT5__duck_amount,CT5__duck_amount,False,-3.7749595642089844,0.00018032596562989056,-0.000680723228629776
89731,21.0,-0.0016293525695800781,18,lag_10__CT2__is_walking,CT2__is_walking,False,-2.360051155090332,0.0002848673611879349,-0.0006723015448191205
89731,21.0,-0.0016293525695800781,19,lag_08__T_utility_damage_last_5s,T_utility_damage_last_5s,True,-5.996406555175781,9.29890011320822e-05,-0.0005575998559476658
89731,21.0,-0.0016293525695800781,20,lag_11__CT_velocity_mean,CT_velocity_mean,False,-1.1120586395263672,-0.0004908438422717154,0.0005458471354565786
91747,52.5,0.0016266889870166779,1,lag_00__CT_place_LONGDOG,CT_place_LONGDOG,False,-6.523001194000244,0.0018211272545158863,-0.011879215255633513
91747,52.5,0.0016266889870166779,2,lag_02__T5__is_scoped,T5__is_scoped,False,-4.76965856552124,-0.000631161907222122,0.0030104267970127163
91747,52.5,0.0016266889870166779,3,lag_05__CT_place_ENTRANCE,CT_place_ENTRANCE,False,8.87263011932373,-0.00028864701744168997,-0.0025610582208061006
91747,52.5,0.0016266889870166779,4,lag_00__T_flashed_players,T_flashed_players,False,1.9296237230300903,0.0011920323595404625,0.0023001739195888105
91747,52.5,0.0016266889870166779,5,lag_08__T5__duck_amount,T5__duck_amount,False,3.7970333099365234,-0.0005669594393111765,-0.002152763876447472
91747,52.5,0.0016266889870166779,6,lag_10__bomb_events_last_5s,bomb_events_last_5s,False,-2.0894012451171875,-0.0009470982477068901,0.0019788682580070827
91747,52.5,0.0016266889870166779,7,lag_09__bomb_events_last_5s,bomb_events_last_5s,False,-2.0894012451171875,-0.0009250841103494167,0.001932871892002197
91747,52.5,0.0016266889870166779,8,lag_02__T_bomb_zone_count,T_bomb_zone_count,False,-5.821373462677002,-0.00029475855990312994,0.00171589965851697
91747,52.5,0.0016266889870166779,9,lag_06__T5__duck_amount,T5__duck_amount,False,-3.7970333099365234,0.0004183355194982141,-0.001588433902264319
91747,52.5,0.0016266889870166779,10,lag_02__bomb_events_last_5s,bomb_events_last_5s,False,2.0894012451171875,-0.0007214415818452835,-0.0015073809393868487
91747,52.5,0.0016266889870166779,11,lag_00__CT_place_BACKOFB,CT_place_BACKOFB,False,5.709421634674072,-0.00023020234948489815,-0.0013143222745018793
91747,52.5,0.0016266889870166779,12,lag_06__T_damage_last_5s,T_damage_last_5s,False,-2.3258702754974365,-0.0005222397157922387,0.0012146618316453972
91747,52.5,0.0016266889870166779,13,lag_13__T5__is_scoped,T5__is_scoped,False,4.76965856552124,0.00023412099108099937,0.0011166771904778106
91747,52.5,0.0016266889870166779,14,lag_10__T5__is_scoped,T5__is_scoped,False,-4.76965856552124,0.00023279493325389922,-0.0011103523474044058
91747,52.5,0.0016266889870166779,15,lag_02__T1__has_bomb,T1__has_bomb,False,-2.857499837875366,-0.00038226431934162974,0.0010923202305442442
91747,52.5,0.0016266889870166779,16,lag_13__T_place_BACKOFB,T_place_BACKOFB,False,-2.685629367828369,-0.00038829795084893703,0.001042824380267482
91747,52.5,0.0016266889870166779,17,lag_02__T_scoped_count,T_scoped_count,False,-2.8811259269714355,-0.00035292826942168176,0.0010168307873919674
91747,52.5,0.0016266889870166779,18,lag_06__T5__is_scoped,T5__is_scoped,False,4.76965856552124,-0.00018988816009368747,-0.000905701689281925
91747,52.5,0.0016266889870166779,19,lag_14__CT_place_TUNNELS,CT_place_TUNNELS,False,-3.060441493988037,-0.00024653811124153435,0.0007545154654930303
91747,52.5,0.0016266889870166779,20,lag_08__T_B_site_active_infernos,T_B_site_active_infernos,True,-2.8273046016693115,-0.00024604456848464906,0.0006956429406923884
89987,25.0,-0.0012574195861816406,1,lag_09__CT4__is_walking,CT4__is_walking,False,2.384641170501709,0.0007208935567177832,0.0017190724548986347
89987,25.0,-0.0012574195861816406,2,lag_07__CT2__is_walking,CT2__is_walking,False,-2.360051155090332,0.00046788144391030073,-0.0011042241421458376
89987,25.0,-0.0012574195861816406,3,lag_05__CT2__is_walking,CT2__is_walking,False,2.360051155090332,0.000348549714544788,0.0008225951564178324
89987,25.0,-0.0012574195861816406,4,lag_02__T2__duck_amount,T2__duck_amount,False,2.4873275756835938,0.00032444120733998716,0.0008069915617048284
89987,25.0,-0.0012574195861816406,5,lag_01__CT_place_BACKOFB,CT_place_BACKOFB,False,-5.709421634674072,-0.00013762082380708307,0.0007857353088258287
89987,25.0,-0.0012574195861816406,6,lag_07__T3__smoke,T3__smoke,True,2.173264503479004,-0.00033145310590043664,-0.0007203352696212861
89987,25.0,-0.0012574195861816406,7,lag_10__T4__is_walking,T4__is_walking,False,-2.307980537414551,0.00030948067433200777,-0.0007142753730642049
89987,25.0,-0.0012574195861816406,8,lag_11__T4__is_walking,T4__is_walking,False,2.307980537414551,0.00030810022144578397,0.0007110893146699826
89987,25.0,-0.0012574195861816406,9,lag_03__T2__is_walking,T2__is_walking,False,-2.2968344688415527,0.0003062767500523478,-0.0007034669965250012
89987,25.0,-0.0012574195861816406,10,lag_15__CT1__is_walking,CT1__is_walking,False,2.3343825340270996,0.00027596927247941494,0.0006442178496041118
89987,25.0,-0.0012574195861816406,11,lag_05__CT4__is_walking,CT4__is_walking,False,-2.384641170501709,-0.00024838076205924153,0.0005922989911670562
89987,25.0,-0.0012574195861816406,12,lag_09__CT2__is_walking,CT2__is_walking,False,-2.360051155090332,0.00022345520847011358,-0.0005273657228608425
89987,25.0,-0.0012574195861816406,13,lag_15__CT_walking_count,CT_walking_count,False,0.8974476456642151,0.0005515348166227341,0.0004949736226799173
89987,25.0,-0.0012574195861816406,14,lag_12__CT4__is_walking,CT4__is_walking,False,-2.384641170501709,-0.0002053583593806252,0.0004897059984857247
89987,25.0,-0.0012574195861816406,15,lag_01__T_active_infernos,T_active_infernos,True,-2.082643508911133,0.00023371334827970713,-0.00048674158774061893
89987,25.0,-0.0012574195861816406,16,lag_07__T4__is_walking,T4__is_walking,False,2.307980537414551,-0.0001978991786018014,-0.00045674745258328375
89987,25.0,-0.0012574195861816406,17,lag_08__CT2__duck_amount,CT2__duck_amount,False,-3.8097944259643555,0.00010555086191743612,-0.0004021270853887815
89987,25.0,-0.0012574195861816406,18,lag_08__CT_place_TUNNELS,CT_place_TUNNELS,False,3.060441493988037,-0.00012763679842464626,-0.00039062495405857434
89987,25.0,-0.0012574195861816406,19,lag_09__CT2__duck_amount,CT2__duck_amount,False,3.8097944259643555,9.821010462474078e-05,0.0003741603091727136
89987,25.0,-0.0012574195861816406,20,lag_04__CT5__duck_amount,CT5__duck_amount,False,3.7749595642089844,9.353505447506905e-05,0.00035309104847947026
89891,23.5,-0.0010646581649780273,1,lag_06__CT4__is_walking,CT4__is_walking,False,2.384641170501709,0.000867330702021718,0.0020682725004811386
89891,23.5,-0.0010646581649780273,2,lag_09__CT4__is_walking,CT4__is_walking,False,-2.384641170501709,0.0007208935567177832,-0.0017190724548986347
89891,23.5,-0.0010646581649780273,3,lag_10__T2__is_walking,T2__is_walking,False,-2.2968344688415527,-0.0005949884653091431,0.0013665900156851762
89891,23.5,-0.0010646581649780273,4,lag_02__CT4__is_walking,CT4__is_walking,False,-2.384641170501709,-0.0004725769395008683,0.001126926426163466
89891,23.5,-0.0010646581649780273,5,lag_04__T3__smoke,T3__smoke,True,2.173264503479004,0.0004190317413304001,0.0009106668092643544
89891,23.5,-0.0010646581649780273,6,lag_12__T4__duck_amount,T4__duck_amount,False,-3.6976382732391357,0.00023508725280407816,-0.0008692676235190037
89891,23.5,-0.0010646581649780273,7,lag_05__CT2__is_walking,CT2__is_walking,False,2.360051155090332,0.000348549714544788,0.0008225951564178324
89891,23.5,-0.0010646581649780273,8,lag_00__CT1__is_walking,CT1__is_walking,False,2.3343825340270996,-0.00034733660868369043,-0.0008108165127394124
89891,23.5,-0.0010646581649780273,9,lag_12__T2__flash_duration,T2__flash_duration,True,-6.246918201446533,0.0001259423152077943,-0.0007867513412038868
89891,23.5,-0.0010646581649780273,10,lag_06__CT2__duck_amount,CT2__duck_amount,False,3.8097944259643555,0.00020113190112169832,0.0007662711957770602
89891,23.5,-0.0010646581649780273,11,lag_01__T4__is_walking,T4__is_walking,False,-2.307980537414551,0.00032857785117812455,-0.0007583512855446062
89891,23.5,-0.0010646581649780273,12,lag_04__CT2__is_walking,CT2__is_walking,False,-2.360051155090332,0.00031794121605344117,-0.0007503575341977486
89891,23.5,-0.0010646581649780273,13,lag_13__T_A_site_active_infernos,T_A_site_active_infernos,True,-5.952910423278809,-0.00012259991490282118,0.0007298263113180992
89891,23.5,-0.0010646581649780273,14,lag_13__T_utility_damage_last_5s,T_utility_damage_last_5s,True,-5.996406555175781,0.0001152942786575295,-0.0006913513683162731
89891,23.5,-0.0010646581649780273,15,lag_15__T2__is_walking,T2__is_walking,False,-2.2968344688415527,0.0002757746260613203,-0.0006334086667695304
89891,23.5,-0.0010646581649780273,16,lag_08__T4__is_walking,T4__is_walking,False,2.307980537414551,-0.00024846653104759753,-0.0005734559178567633
89891,23.5,-0.0010646581649780273,17,lag_00__T_duck_amount_mean,T_duck_amount_mean,False,1.3515381813049316,-0.00039432779885828495,-0.0005329490761069033
89891,23.5,-0.0010646581649780273,18,lag_15__T1__is_walking,T1__is_walking,False,2.281590461730957,0.0002286147209815681,0.0005216051668028299
89891,23.5,-0.0010646581649780273,19,lag_13__T_damage_last_5s,T_damage_last_5s,False,-1.007077932357788,-0.0005053476197645068,0.0005089244360343692
89891,23.5,-0.0010646581649780273,20,lag_15__CT_walking_count,CT_walking_count,False,-0.8974475860595703,0.0005515348166227341,-0.0004949735898058805
89571,18.5,0.0010638833045959473,1,lag_15__CT_place_LONGDOG,CT_place_LONGDOG,False,6.523001194000244,-0.00077343377051875,-0.005045109408573917
89571,18.5,0.0010638833045959473,2,lag_07__T_place_TSTAIRS,T_place_TSTAIRS,False,-5.668966770172119,0.0006948263035155833,-0.003938947225671369
89571,18.5,0.0010638833045959473,3,lag_03__T_flashed_players,T_flashed_players,False,-1.9296237230300903,-0.0011743403738364577,0.0022660350442668536
89571,18.5,0.0010638833045959473,4,lag_08__T_place_TSTAIRS,T_place_TSTAIRS,False,5.668966770172119,0.0003431770601309836,0.0019454593501679052
89571,18.5,0.0010638833045959473,5,lag_10__T_place_TSTAIRS,T_place_TSTAIRS,False,5.668967247009277,-0.00031488449894823134,-0.0017850699111284507
89571,18.5,0.0010638833045959473,6,lag_03__T5__flash_duration,T5__flash_duration,True,-5.611483097076416,-0.0002487350138835609,0.0013957723260586696
89571,18.5,0.0010638833045959473,7,lag_07__CT5__duck_amount,CT5__duck_amount,False,3.597144365310669,0.00026904058177024126,0.0009677778127547276
89571,18.5,0.0010638833045959473,8,lag_06__T3__is_walking,T3__is_walking,False,2.3223767280578613,0.0003640642680693418,0.0008454943836816581
89571,18.5,0.0010638833045959473,9,lag_05__CT2__is_walking,CT2__is_walking,False,-2.360051155090332,0.000348549714544788,-0.0008225951564178324
89571,18.5,0.0010638833045959473,10,lag_07__T4__duck_amount,T4__duck_amount,False,3.6976382732391357,0.00022037944290786982,0.0008148834627312584
89571,18.5,0.0010638833045959473,11,lag_02__T_flashed_players,T_flashed_players,False,-1.9296237230300903,-0.00041283367318101227,0.0007966136494357325
89571,18.5,0.0010638833045959473,12,lag_04__CT2__is_walking,CT2__is_walking,False,2.360051155090332,0.00031794121605344117,0.0007503575341977486
89571,18.5,0.0010638833045959473,13,lag_14__T_place_DUMPSTER,T_place_DUMPSTER,False,-9.093055725097656,7.791432290105149e-05,-0.0007084792799225137
89571,18.5,0.0010638833045959473,14,lag_03__T2__is_walking,T2__is_walking,False,2.2968344688415527,0.0003062767500523478,0.0007034669965250012
89571,18.5,0.0010638833045959473,15,lag_13__T_utility_damage_last_5s,T_utility_damage_last_5s,True,5.996406555175781,0.0001152942786575295,0.0006913513683162731
89571,18.5,0.0010638833045959473,16,lag_06__CT5__duck_amount,CT5__duck_amount,False,-3.7749595642089844,0.00018032596562989056,-0.000680723228629776
89571,18.5,0.0010638833045959473,17,lag_12__CT_macro_B,CT_macro_B,False,1.2252663373947144,0.0005475091747939587,0.0006708445612897962
89571,18.5,0.0010638833045959473,18,lag_12__CT_place_BOMBSITEB,CT_place_BOMBSITEB,False,1.2252663373947144,0.0005475091747939587,0.0006708445612897962
89571,18.5,0.0010638833045959473,19,lag_03__T_flash_duration_sum,T_flash_duration_sum,True,-2.2793219089508057,-0.00028971731080673635,0.0006603590139241042
89571,18.5,0.0010638833045959473,20,lag_09__T2__is_walking,T2__is_walking,False,2.2968344688415527,-0.00026042977697215974,-0.0005981640884623746
88579,3.0,-0.000990450382232666,1,lag_03__CT_place_ENTRANCE,CT_place_ENTRANCE,False,8.87263011932373,-0.00035744643537327647,-0.003171490008537836
88579,3.0,-0.000990450382232666,2,lag_02__CT_place_ENTRANCE,CT_place_ENTRANCE,False,8.872631072998047,-0.0002431387547403574,-0.0021572804703593462
88579,3.0,-0.000990450382232666,3,lag_00__CT_place_ENTRANCE,CT_place_ENTRANCE,False,-8.872629165649414,-0.00014811591245234013,0.0013141775647214082
88579,3.0,-0.000990450382232666,4,lag_05__T3__smoke,T3__smoke,True,-2.173264503479004,0.00035490086884237826,-0.0007712934605089983
88579,3.0,-0.000990450382232666,5,lag_03__T_velocity_mean,T_velocity_mean,False,-0.7458450794219971,-0.0010220569092780352,0.000762296116674277
88579,3.0,-0.000990450382232666,6,lag_06__CT2__molly,CT2__molly,True,1.9538549184799194,0.00038690108340233564,0.000755948584770863
88579,3.0,-0.000990450382232666,7,lag_06__CT2__utility_total,CT2__utility_total,True,1.98095703125,0.0003332798951305449,0.0006602131516331156
88579,3.0,-0.000990450382232666,8,lag_06__T_velocity_mean,T_velocity_mean,False,-1.7359485626220703,0.0003659309877548367,-0.0006352373722118831
88579,3.0,-0.000990450382232666,9,lag_06__CT_walking_count,CT_walking_count,False,-1.0355465412139893,0.0006055900012142956,-0.0006271166311512394
88579,3.0,-0.000990450382232666,10,lag_06__T3__utility_total,T3__utility_total,True,1.5729540586471558,0.0003782471758313477,0.0005949654303957427
88579,3.0,-0.000990450382232666,11,lag_05__CT_velocity_mean,CT_velocity_mean,False,3.495476722717285,-0.00017008018039632589,-0.0005945113115709139
88579,3.0,-0.000990450382232666,12,lag_06__T_closest_enemy_dist,T_closest_enemy_dist,False,4.066553115844727,-0.00014401166117750108,-0.0005856310694793421
88579,3.0,-0.000990450382232666,13,lag_06__CT_velocity_mean,CT_velocity_mean,False,-1.694637656211853,-0.0003419847635086626,0.0005795402580924848
88579,3.0,-0.000990450382232666,14,lag_06__T3__has_bomb,T3__has_bomb,False,2.798933982849121,-0.00020366862008813769,-0.0005700550220046757
88579,3.0,-0.000990450382232666,15,lag_01__CT_place_ENTRANCE,CT_place_ENTRANCE,False,8.872629165649414,6.307112926151603e-05,0.0005596067409961714
88579,3.0,-0.000990450382232666,16,lag_06__CT2__has_defuser,CT2__has_defuser,False,1.5125796794891357,0.0003628726117312908,0.0005488737387479015
88579,3.0,-0.000990450382232666,17,lag_02__T_velocity_mean,T_velocity_mean,False,0.7643201351165771,-0.0007164162816479802,-0.0005475713891889
88579,3.0,-0.000990450382232666,18,lag_06__CT2__smoke,CT2__smoke,True,1.5045274496078491,0.00036262869252823293,0.0005455848219241312
88579,3.0,-0.000990450382232666,19,lag_06__CT_place_CTSPAWN,CT_place_CTSPAWN,False,4.78255033493042,-0.00010830389510374516,-0.0005179688298026855
88579,3.0,-0.000990450382232666,20,lag_06__T2__flash,T2__flash,True,2.2263786792755127,-0.0002310484560439363,-0.0005144013564157453
88707,5.0,0.0008961260318756104,1,lag_01__CT_place_CONNECTOR,CT_place_CONNECTOR,False,3.575894594192505,-0.0014062465634196997,-0.0050285894842342915
88707,5.0,0.0008961260318756104,2,lag_04__CT_place_ENTRANCE,CT_place_ENTRANCE,False,-8.872629165649414,-0.0005141369765624404,0.004561746733386718
88707,5.0,0.0008961260318756104,3,lag_03__CT_place_ENTRANCE,CT_place_ENTRANCE,False,-8.872631072998047,-0.00035744643537327647,0.003171490349425321
88707,5.0,0.0008961260318756104,4,lag_00__bomb_events_last_5s,bomb_events_last_5s,False,2.0894012451171875,0.001406742143444717,0.0029392487860722127
88707,5.0,0.0008961260318756104,5,lag_05__CT_place_ENTRANCE,CT_place_ENTRANCE,False,8.872629165649414,-0.00028864701744168997,-0.0025610579455308535
88707,5.0,0.0008961260318756104,6,lag_07__CT_place_ENTRANCE,CT_place_ENTRANCE,False,8.87263011932373,-0.00021486564946826547,-0.0019064234330801871
88707,5.0,0.0008961260318756104,7,lag_00__CT_place_CONNECTOR,CT_place_CONNECTOR,False,3.575894832611084,-0.00045775144826620817,-0.0016368710384753737
88707,5.0,0.0008961260318756104,8,lag_02__bomb_events_last_5s,bomb_events_last_5s,False,2.0894012451171875,-0.0007214415818452835,-0.0015073809393868487
88707,5.0,0.0008961260318756104,9,lag_09__T_velocity_mean,T_velocity_mean,False,2.891570568084717,-0.0004715573159046471,-0.0013635412558349047
88707,5.0,0.0008961260318756104,10,lag_10__T_velocity_mean,T_velocity_mean,False,-1.7359485626220703,-0.000568096642382443,0.0009861865497742262
88707,5.0,0.0008961260318756104,11,lag_10__T3__has_bomb,T3__has_bomb,False,2.798933982849121,-0.000317422382067889,-0.0008884442920867319
88707,5.0,0.0008961260318756104,12,lag_09__CT_velocity_mean,CT_velocity_mean,False,3.495476722717285,-0.00018467864720150828,-0.0006455399124757899
88707,5.0,0.0008961260318756104,13,lag_02__T_bomb_carrier_alive,T_bomb_carrier_alive,False,-2.123861789703369,-0.00030345324194058776,0.0006444927455192262
88707,5.0,0.0008961260318756104,14,lag_01__CT_place_ENTRANCE,CT_place_ENTRANCE,False,-8.87263011932373,6.307112926151603e-05,-0.0005596068011454874
88707,5.0,0.0008961260318756104,15,lag_03__CT_macro_B,CT_macro_B,False,2.4505326747894287,0.00020517554366961122,0.0005027893738300676
88707,5.0,0.0008961260318756104,16,lag_03__CT_place_BOMBSITEB,CT_place_BOMBSITEB,False,2.4505326747894287,0.00020517554366961122,0.0005027893738300676
88707,5.0,0.0008961260318756104,17,lag_00__T1__smoke,T1__smoke,True,2.1584019660949707,0.00023234311083797365,0.000501489827241304
88707,5.0,0.0008961260318756104,18,lag_10__T2__flash,T2__flash,True,2.2263786792755127,-0.00022364048345480114,-0.0004979084041866373
88707,5.0,0.0008961260318756104,19,lag_10__CT_velocity_mean,CT_velocity_mean,False,-1.694637656211853,-0.00027774207410402596,0.00047067217749106535
88707,5.0,0.0008961260318756104,20,lag_06__CT_place_ENTRANCE,CT_place_ENTRANCE,False,8.872631072998047,-5.231694376561791e-05,-0.0004641889408991129
89219,13.0,-0.0008838772773742676,1,lag_01__T5__duck_amount,T5__duck_amount,False,3.7970333099365234,-0.0011103699216619134,-0.004216111578901893
89219,13.0,-0.0008838772773742676,2,lag_02__CT3__is_scoped,CT3__is_scoped,False,4.548114776611328,-0.0007769963704049587,-0.0035338686736121616
89219,13.0,-0.0008838772773742676,3,lag_06__T_A_site_active_infernos,T_A_site_active_infernos,True,5.952910423278809,-0.0005767792463302612,-0.0034335151874103076
89219,13.0,-0.0008838772773742676,4,lag_00__T5__duck_amount,T5__duck_amount,False,-3.7970333099365234,-0.0009015231626108289,0.0034231134781126382
89219,13.0,-0.0008838772773742676,5,lag_03__CT3__is_walking,CT3__is_walking,False,2.387126922607422,0.0013194408966228366,0.0031496728871176494
89219,13.0,-0.0008838772773742676,6,lag_11__T_place_TSTAIRS,T_place_TSTAIRS,False,-11.337933540344238,-0.00022220548999030143,0.0025193510778096645
89219,13.0,-0.0008838772773742676,7,lag_03__bomb_events_last_5s,bomb_events_last_5s,False,-2.0894012451171875,-0.0011432892642915249,0.0023887900123398254
89219,13.0,-0.0008838772773742676,8,lag_03__T_place_DUMPSTER,T_place_DUMPSTER,False,-9.093055725097656,-0.000259343592915684,0.0023582257423293562
89219,13.0,-0.0008838772773742676,9,lag_03__T_flashed_players,T_flashed_players,False,-1.9296237230300903,-0.0011743403738364577,0.0022660350442668536
89219,13.0,-0.0008838772773742676,10,lag_12__T_place_TSTAIRS,T_place_TSTAIRS,False,-5.668967247009277,-0.00032671517692506313,0.0018521376370890241
89219,13.0,-0.0008838772773742676,11,lag_06__T_active_infernos,T_active_infernos,True,6.247930526733398,-0.0002894797071348876,-0.001808649099077908
89219,13.0,-0.0008838772773742676,12,lag_14__T_place_TSTAIRS,T_place_TSTAIRS,False,11.337934494018555,0.00014950173499528319,0.0016950408781186421
89219,13.0,-0.0008838772773742676,13,lag_06__T_B_site_active_infernos,T_B_site_active_infernos,True,2.8273046016693115,-0.0005819264333695173,-0.0016452832828986463
89219,13.0,-0.0008838772773742676,14,lag_06__bomb_events_last_5s,bomb_events_last_5s,False,-2.0894010066986084,0.0007767200004309416,-0.0016228795508233529
89219,13.0,-0.0008838772773742676,15,lag_02__T_flashed_players,T_flashed_players,False,3.8592474460601807,-0.00041283367318101227,-0.001593227298871465
89219,13.0,-0.0008838772773742676,16,lag_11__CT_place_CONNECTOR,CT_place_CONNECTOR,False,-3.575894355773926,-0.000407850748160854,0.0014584311883465706
89219,13.0,-0.0008838772773742676,17,lag_05__bomb_events_last_5s,bomb_events_last_5s,False,-2.0894012451171875,-0.000661213940475136,0.0013815412305175911
89219,13.0,-0.0008838772773742676,18,lag_08__bomb_events_last_5s,bomb_events_last_5s,False,-2.0894012451171875,-0.0006307293078862131,0.0013178466012293555
89219,13.0,-0.0008838772773742676,19,lag_13__T5__has_bomb,T5__has_bomb,False,2.928872585296631,-0.00042826036224141717,-0.0012543200343380911
89219,13.0,-0.0008838772773742676,20,lag_05__CT_place_BACKOFB,CT_place_BACKOFB,False,5.709421634674072,0.00020903766562696546,0.0011934841705923613
90595,34.5,-0.0008040070533752441,1,lag_01__T5__duck_amount,T5__duck_amount,False,-3.120408773422241,-0.0011103699216619134,0.0034648080452980012
90595,34.5,-0.0008040070533752441,2,lag_14__T1__is_walking,T1__is_walking,False,-2.281590461730957,0.0011821426451206207,-0.002697165383512612
90595,34.5,-0.0008040070533752441,3,lag_10__CT5__is_walking,CT5__is_walking,False,2.396676540374756,-0.0007865490624681115,-0.0018851036858710812
90595,34.5,-0.0008040070533752441,4,lag_14__T2__is_walking,T2__is_walking,False,2.2968344688415527,0.0008073250064626336,0.0018542919024011062
90595,34.5,-0.0008040070533752441,5,lag_10__T1__is_walking,T1__is_walking,False,2.281590461730957,-0.0007302900194190443,-0.0016662227426038068
90595,34.5,-0.0008040070533752441,6,lag_03__CT5__is_walking,CT5__is_walking,False,2.396676540374756,-0.0004981851670891047,-0.001193988702725135
90595,34.5,-0.0008040070533752441,7,lag_03__T5__is_walking,T5__is_walking,False,-2.3193888664245605,0.0005058168899267912,-0.001173186062945697
90595,34.5,-0.0008040070533752441,8,lag_04__T5__is_walking,T5__is_walking,False,2.3193888664245605,0.0004941538791172206,0.0011461350055249897
90595,34.5,-0.0008040070533752441,9,lag_07__CT2__is_walking,CT2__is_walking,False,-2.360051155090332,0.00046788144391030073,-0.0011042241421458376
90595,34.5,-0.0008040070533752441,10,lag_07__CT_walking_count,CT_walking_count,False,-1.7948952913284302,0.0005949520855210721,-0.001067876696867802
90595,34.5,-0.0008040070533752441,11,lag_10__T5__duck_amount,T5__duck_amount,False,-3.7970333099365234,-0.00024185671645682305,0.0009183380086184301
90595,34.5,-0.0008040070533752441,12,lag_02__T5__duck_amount,T5__duck_amount,False,3.120408773422241,-0.0002674577699508518,-0.0008345775718745854
90595,34.5,-0.0008040070533752441,13,lag_14__T_place_BACKOFB,T_place_BACKOFB,False,2.685629367828369,-0.000298811006359756,-0.0008024956141101103
90595,34.5,-0.0008040070533752441,14,lag_01__T4__is_walking,T4__is_walking,False,2.307980537414551,0.00032857785117812455,0.0007583512855446062
90595,34.5,-0.0008040070533752441,15,lag_03__T_velocity_mean,T_velocity_mean,False,-0.6845934987068176,-0.0010220569092780352,0.0006996935154001266
90595,34.5,-0.0008040070533752441,16,lag_01__T5__is_walking,T5__is_walking,False,2.3193888664245605,0.00030008290195837617,0.0006960089418066306
90595,34.5,-0.0008040070533752441,17,lag_10__CT2__is_walking,CT2__is_walking,False,-2.360051155090332,0.0002848673611879349,-0.0006723015448191205
90595,34.5,-0.0008040070533752441,18,lag_10__T_place_BACKOFB,T_place_BACKOFB,False,5.37125825881958,-0.00012337934458628297,-0.0006627023235768192
90595,34.5,-0.0008040070533752441,19,lag_05__T5__is_walking,T5__is_walking,False,-2.3193888664245605,0.00028558424673974514,-0.0006623809223144095
90595,34.5,-0.0008040070533752441,20,lag_14__CT1__is_walking,CT1__is_walking,False,2.3343825340270996,0.00027582611073739827,0.0006438836553340072
91875,54.5,-0.0007043455261737108,1,lag_01__T_place_ENTRANCE,T_place_ENTRANCE,False,28.705305099487305,-0.00019202752446290106,-0.005512208677206837
91875,54.5,-0.0007043455261737108,2,lag_01__T_kills_last_3s,T_kills_last_3s,False,3.1681017875671387,-0.0007412446429952979,-0.002348338478497969
91875,54.5,-0.0007043455261737108,3,lag_03__T_flashed_players,T_flashed_players,False,-1.9296237230300903,-0.0011743403738364577,0.0022660350442668536
91875,54.5,-0.0007043455261737108,4,lag_01__kill_diff_last_3s,kill_diff_last_3s,False,-2.4069459438323975,0.0009214926394633949,-0.002217982970827828
91875,54.5,-0.0007043455261737108,5,lag_03__T_kills_last_3s,T_kills_last_3s,False,3.1681017875671387,-0.0006478170398622751,-0.002052350322004126
91875,54.5,-0.0007043455261737108,6,lag_09__CT_place_ENTRANCE,CT_place_ENTRANCE,False,8.87263011932373,0.00023034543846733868,0.0020437698751941402
91875,54.5,-0.0007043455261737108,7,lag_12__T_bomb_zone_count,T_bomb_zone_count,False,5.821373462677002,0.00032938519143499434,0.0019174742124184602
91875,54.5,-0.0007043455261737108,8,lag_00__T_place_BACKOFB,T_place_BACKOFB,False,2.685629367828369,-0.0007045218953862786,-0.001892084692527496
91875,54.5,-0.0007043455261737108,9,lag_06__bomb_events_last_5s,bomb_events_last_5s,False,2.0894012451171875,0.0007767200004309416,0.0016228797360078318
91875,54.5,-0.0007043455261737108,10,lag_03__CT_place_BACKOFB,CT_place_BACKOFB,False,-5.709421634674072,-0.0002807993732858449,0.0016032020168411237
91875,54.5,-0.0007043455261737108,11,lag_01__damage_diff_last_5s,damage_diff_last_5s,False,-1.4663864374160767,0.0008315295563079417,-0.0012193436636805735
91875,54.5,-0.0007043455261737108,12,lag_10__T5__is_scoped,T5__is_scoped,False,4.76965856552124,0.00023279493325389922,0.0011103523474044058
91875,54.5,-0.0007043455261737108,13,lag_04__T_flashed_players,T_flashed_players,False,1.9296237230300903,-0.0004993505426682532,-0.0009635586532406107
91875,54.5,-0.0007043455261737108,14,lag_06__T1__has_bomb,T1__has_bomb,False,-2.857499837875366,-0.00033249473199248314,0.0009501036427629339
91875,54.5,-0.0007043455261737108,15,lag_03__kill_diff_last_3s,kill_diff_last_3s,False,-2.4069459438323975,0.0003843429731205106,-0.0009250927601928971
91875,54.5,-0.0007043455261737108,16,lag_10__T5__duck_amount,T5__duck_amount,False,-3.7970333099365234,-0.00024185671645682305,0.0009183380086184301
91875,54.5,-0.0007043455261737108,17,lag_06__T5__is_scoped,T5__is_scoped,False,-4.76965856552124,-0.00018988816009368747,0.000905701689281925
91875,54.5,-0.0007043455261737108,18,lag_06__T_bomb_zone_count,T_bomb_zone_count,False,-5.821373462677002,-0.00015118683222681284,0.0008801150130313684
91875,54.5,-0.0007043455261737108,19,lag_11__T2__is_walking,T2__is_walking,False,2.2968344688415527,-0.0003516226715873927,-0.0008076190721280768
91875,54.5,-0.0007043455261737108,20,lag_00__CT_velocity_mean,CT_velocity_mean,False,3.335768699645996,-0.00023856473853811622,-0.000795796787654679
89699,20.5,-0.0006878972053527832,1,lag_07__T_place_TSTAIRS,T_place_TSTAIRS,False,-5.668967247009277,0.0006948263035155833,-0.003938947556990369
89699,20.5,-0.0006878972053527832,2,lag_12__T_place_TSTAIRS,T_place_TSTAIRS,False,5.668966770172119,-0.00032671517692506313,-0.0018521374812990876
89699,20.5,-0.0006878972053527832,3,lag_07__T_A_site_active_infernos,T_A_site_active_infernos,True,-5.952910423278809,-0.00024910413776524365,0.0014828946181845992
89699,20.5,-0.0006878972053527832,4,lag_11__T_place_TSTAIRS,T_place_TSTAIRS,False,-5.668966770172119,-0.00022220548999030143,0.0012596755389048322
89699,20.5,-0.0006878972053527832,5,lag_09__T1__is_walking,T1__is_walking,False,2.281590461730957,0.0005387863493524492,0.0012292897955933912
89699,20.5,-0.0006878972053527832,6,lag_06__T4__duck_amount,T4__duck_amount,False,-3.6976382732391357,0.0003161067725159228,-0.001168848500484973
89699,20.5,-0.0006878972053527832,7,lag_04__CT_shots_fired_sum,CT_shots_fired_sum,False,2.778964042663574,0.00041915892506949604,0.0011648275809296449
89699,20.5,-0.0006878972053527832,8,lag_10__T3__is_walking,T3__is_walking,False,2.3223767280578613,0.0004861282941419631,0.001128973037165762
89699,20.5,-0.0006878972053527832,9,lag_12__T_place_BACKOFB,T_place_BACKOFB,False,5.371258735656738,-0.00017640100850258023,-0.0009474954578981426
89699,20.5,-0.0006878972053527832,10,lag_11__T4__duck_amount,T4__duck_amount,False,3.6976382732391357,0.0002439157251501456,0.000901912120760056
89699,20.5,-0.0006878972053527832,11,lag_02__CT_place_BACKOFB,CT_place_BACKOFB,False,5.709421634674072,-0.00014980314881540835,-0.000855289338788992
89699,20.5,-0.0006878972053527832,12,lag_14__T_place_TSTAIRS,T_place_TSTAIRS,False,5.668967247009277,0.00014950173499528319,0.0008475204390593211
89699,20.5,-0.0006878972053527832,13,lag_06__T2__flash_duration,T2__flash_duration,True,-6.246918201446533,0.0001344985794275999,-0.0008402016238949761
89699,20.5,-0.0006878972053527832,14,lag_11__T2__is_walking,T2__is_walking,False,2.2968344688415527,-0.0003516226715873927,-0.0008076190721280768
89699,20.5,-0.0006878972053527832,15,lag_07__T_B_site_active_infernos,T_B_site_active_infernos,True,-2.8273046016693115,-0.0002733202709350735,0.0007727596597442363
89699,20.5,-0.0006878972053527832,16,lag_01__T4__is_walking,T4__is_walking,False,-2.307980537414551,0.00032857785117812455,-0.0007583512855446062
89699,20.5,-0.0006878972053527832,17,lag_10__CT2__is_walking,CT2__is_walking,False,2.360051155090332,0.0002848673611879349,0.0006723015448191205
89699,20.5,-0.0006878972053527832,18,lag_07__T_active_infernos,T_active_infernos,True,-6.247930526733398,-0.00010324729373678565,0.0006450819183406731
89699,20.5,-0.0006878972053527832,19,lag_06__T_active_infernos,T_active_infernos,True,2.082643508911133,-0.0002894797071348876,-0.0006028830330259694
89699,20.5,-0.0006878972053527832,20,lag_12__T_place_TSIDEUPPER,T_place_TSIDEUPPER,False,-5.044445991516113,-0.00011866342538269237,0.0005985912405112939
89539,18.0,0.0005934238433837891,1,lag_15__CT_place_LONGDOG,CT_place_LONGDOG,False,6.523001194000244,-0.00077343377051875,-0.005045109408573917
89539,18.0,0.0005934238433837891,2,lag_07__T_place_TSTAIRS,T_place_TSTAIRS,False,5.668966770172119,0.0006948263035155833,0.003938947225671369
89539,18.0,0.0005934238433837891,3,lag_14__CT_place_LONGDOG,CT_place_LONGDOG,False,6.523001194000244,-0.0005753655568696558,-0.0037531102144473805
89539,18.0,0.0005934238433837891,4,lag_06__T_place_TSTAIRS,T_place_TSTAIRS,False,-5.668966770172119,0.00044994911877438426,-0.0025507466026002124
89539,18.0,0.0005934238433837891,5,lag_01__T2__flash_duration,T2__flash_duration,True,-6.246918201446533,-0.00028810492949560285,0.0017997679279925516
89539,18.0,0.0005934238433837891,6,lag_15__CT_burning_players,CT_burning_players,False,5.135021209716797,-0.0002492879284545779,-0.001280098799940621
89539,18.0,0.0005934238433837891,7,lag_06__T4__duck_amount,T4__duck_amount,False,3.6976382732391357,0.0003161067725159228,0.001168848500484973
89539,18.0,0.0005934238433837891,8,lag_02__T_place_TSTAIRS,T_place_TSTAIRS,False,-5.668967247009277,-0.00019892057753168046,0.0011276742387832661
89539,18.0,0.0005934238433837891,9,lag_15__T5__is_scoped,T5__is_scoped,False,4.76965856552124,-0.0002332222939003259,-0.0011123907117722015
89539,18.0,0.0005934238433837891,10,lag_02__T_A_site_active_infernos,T_A_site_active_infernos,True,-5.952910423278809,0.0001801501784939319,-0.001072417875312065
89539,18.0,0.0005934238433837891,11,lag_05__CT_shots_fired_sum,CT_shots_fired_sum,False,-6.9474101066589355,-0.00014751499111298472,0.001024847140142053
89539,18.0,0.0005934238433837891,12,lag_07__T_place_BACKOFB,T_place_BACKOFB,False,5.371258735656738,0.0001854522997746244,0.0009961122852120835
89539,18.0,0.0005934238433837891,13,lag_05__T3__is_walking,T3__is_walking,False,2.3223767280578613,0.00039608535007573664,0.0009198593993405418
89539,18.0,0.0005934238433837891,14,lag_10__T5__duck_amount,T5__duck_amount,False,-3.7970333099365234,-0.00024185671645682305,0.0009183380086184301
89539,18.0,0.0005934238433837891,15,lag_07__T_place_TSIDEUPPER,T_place_TSIDEUPPER,False,-5.044445991516113,0.00018040844588540494,-0.0009100606616822826
89539,18.0,0.0005934238433837891,16,lag_12__T_damage_last_5s,T_damage_last_5s,False,1.007077932357788,-0.0008603064343333244,-0.0008663956250825056
89539,18.0,0.0005934238433837891,17,lag_02__T_place_TSIDEUPPER,T_place_TSIDEUPPER,False,2.5222225189208984,0.0003307448059786111,0.0008342119976553763
89539,18.0,0.0005934238433837891,18,lag_05__CT2__is_walking,CT2__is_walking,False,2.360051155090332,0.000348549714544788,0.0008225951564178324
89539,18.0,0.0005934238433837891,19,lag_12__T_utility_damage_last_5s,T_utility_damage_last_5s,True,5.996406555175781,0.00013389346713665873,0.0008028796640334734
89539,18.0,0.0005934238433837891,20,lag_02__T5__flash_duration,T5__flash_duration,True,-5.611483097076416,0.0001421022170688957,-0.000797404189139192
90531,33.5,-0.00047838687896728516,1,lag_00__T5__duck_amount,T5__duck_amount,False,3.120408773422241,-0.0009015231626108289,-0.0028131207860541962
90531,33.5,-0.00047838687896728516,2,lag_08__T5__duck_amount,T5__duck_amount,False,-3.7970333099365234,-0.0005669594393111765,0.002152763876447472
90531,33.5,-0.00047838687896728516,3,lag_10__T1__is_walking,T1__is_walking,False,2.281590461730957,-0.0007302900194190443,-0.0016662227426038068
90531,33.5,-0.00047838687896728516,4,lag_08__CT5__is_walking,CT5__is_walking,False,2.396676540374756,0.0006633211160078645,0.0015897661574712507
90531,33.5,-0.00047838687896728516,5,lag_10__T2__is_walking,T2__is_walking,False,-2.2968344688415527,-0.0005949884653091431,0.0013665900156851762
90531,33.5,-0.00047838687896728516,6,lag_08__T1__is_walking,T1__is_walking,False,2.281590461730957,0.0005800139624625444,0.0013233543244253188
90531,33.5,-0.00047838687896728516,7,lag_09__T1__is_walking,T1__is_walking,False,-2.281590461730957,0.0005387863493524492,-0.0012292897955933912
90531,33.5,-0.00047838687896728516,8,lag_03__T5__is_walking,T5__is_walking,False,-2.3193888664245605,0.0005058168899267912,-0.001173186062945697
90531,33.5,-0.00047838687896728516,9,lag_07__T5__is_walking,T5__is_walking,False,2.3193888664245605,-0.0004835304862353951,-0.0011214952263512296
90531,33.5,-0.00047838687896728516,10,lag_15__T2__duck_amount,T2__duck_amount,False,-3.8233180046081543,0.00025701397680677474,-0.0009826461649612844
90531,33.5,-0.00047838687896728516,11,lag_12__CT_velocity_mean,CT_velocity_mean,False,-2.0815579891204834,-0.0004530009173322469,0.0009429476785518462
90531,33.5,-0.00047838687896728516,12,lag_10__T5__duck_amount,T5__duck_amount,False,3.7970333099365234,-0.00024185671645682305,-0.0009183380086184301
90531,33.5,-0.00047838687896728516,13,lag_02__T5__is_walking,T5__is_walking,False,2.3193888664245605,0.0003944423224311322,0.0009148651310934147
90531,33.5,-0.00047838687896728516,14,lag_12__T4__duck_amount,T4__duck_amount,False,3.6976382732391357,0.00023508725280407816,0.0008692676235190037
90531,33.5,-0.00047838687896728516,15,lag_05__CT2__is_walking,CT2__is_walking,False,-2.360051155090332,0.000348549714544788,-0.0008225951564178324
90531,33.5,-0.00047838687896728516,16,lag_03__T_walking_count,T_walking_count,False,-1.5941797494888306,0.0004396236618049443,-0.0007008391390455684
90531,33.5,-0.00047838687896728516,17,lag_01__T5__is_walking,T5__is_walking,False,-2.3193888664245605,0.00030008290195837617,-0.0006960089418066306
90531,33.5,-0.00047838687896728516,18,lag_14__CT1__is_walking,CT1__is_walking,False,-2.3343825340270996,0.00027582611073739827,-0.0006438836553340072
90531,33.5,-0.00047838687896728516,19,lag_15__T2__is_walking,T2__is_walking,False,2.2968344688415527,0.0002757746260613203,0.0006334086667695304
90531,33.5,-0.00047838687896728516,20,lag_05__CT_walking_count,CT_walking_count,False,-1.7948952913284302,0.0003218226775061339,-0.0005776380084984677
91203,44.0,-0.00044292211532592773,1,lag_11__T3__duck_amount,T3__duck_amount,False,3.7704498767852783,0.0010586217977106571,0.003991480426740357
91203,44.0,-0.00044292211532592773,2,lag_00__T5__is_scoped,T5__is_scoped,False,4.76965856552124,0.0006973732961341739,0.003326232515272143
91203,44.0,-0.00044292211532592773,3,lag_00__CT3__is_scoped,CT3__is_scoped,False,4.548114776611328,0.000639118195977062,0.0029067829111244503
91203,44.0,-0.00044292211532592773,4,lag_04__T5__duck_amount,T5__duck_amount,False,-3.7970333099365234,0.0007466314127668738,-0.0028349843445207856
91203,44.0,-0.00044292211532592773,5,lag_05__bomb_events_last_5s,bomb_events_last_5s,False,-4.178802490234375,-0.000661213940475136,0.0027630824610351823
91203,44.0,-0.00044292211532592773,6,lag_03__bomb_events_last_5s,bomb_events_last_5s,False,2.0894012451171875,-0.0011432892642915249,-0.0023887900123398254
91203,44.0,-0.00044292211532592773,7,lag_05__T_place_BACKOFB,T_place_BACKOFB,False,-2.685628890991211,0.0008683480555191636,-0.002332060625338306
91203,44.0,-0.00044292211532592773,8,lag_00__T_flashed_players,T_flashed_players,False,1.9296236038208008,0.0011920323595404625,0.0023001737774874798
91203,44.0,-0.00044292211532592773,9,lag_00__T_velocity_mean,T_velocity_mean,False,-3.7879016399383545,-0.0005702452035620809,0.002160032741739787
91203,44.0,-0.00044292211532592773,10,lag_14__T4__is_walking,T4__is_walking,False,-2.307980537414551,-0.0007831009570509195,0.0018073817677042303
91203,44.0,-0.00044292211532592773,11,lag_06__CT5__is_walking,CT5__is_walking,False,-2.396676540374756,0.0007474157609976828,-0.0017913138202894918
91203,44.0,-0.00044292211532592773,12,lag_01__damage_diff_last_5s,damage_diff_last_5s,False,2.098060131072998,0.0008315295563079417,0.001744599009898512
91203,44.0,-0.00044292211532592773,13,lag_05__T_kills_last_3s,T_kills_last_3s,False,-3.1681017875671387,-0.0005178723949939013,0.0016406724603118539
91203,44.0,-0.00044292211532592773,14,lag_00__CT_place_CONNECTOR,CT_place_CONNECTOR,False,3.575894594192505,-0.00045775144826620817,-0.0016368709293389239
91203,44.0,-0.00044292211532592773,15,lag_02__T_flashed_players,T_flashed_players,False,3.8592474460601807,-0.00041283367318101227,-0.001593227298871465
91203,44.0,-0.00044292211532592773,16,lag_10__T3__duck_amount,T3__duck_amount,False,-3.7704498767852783,0.0004213540523778647,-0.0015886943348710977
91203,44.0,-0.00044292211532592773,17,lag_06__T5__duck_amount,T5__duck_amount,False,3.7970333099365234,0.0004183355194982141,0.001588433902264319
91203,44.0,-0.00044292211532592773,18,lag_02__bomb_events_last_5s,bomb_events_last_5s,False,2.0894012451171875,-0.0007214415818452835,-0.0015073809393868487
91203,44.0,-0.00044292211532592773,19,lag_07__CT4__is_walking,CT4__is_walking,False,2.384641170501709,0.0005986127653159201,0.0014274766453602206
91203,44.0,-0.00044292211532592773,20,lag_06__CT3__is_scoped,CT3__is_scoped,False,-4.548114776611328,0.0003111197438556701,-0.0014150083043255046
90307,30.0,0.000422060489654541,1,lag_01__T5__duck_amount,T5__duck_amount,False,-3.7970333099365234,-0.0011103699216619134,0.004216111578901893
90307,30.0,0.000422060489654541,2,lag_01__T_place_BACKOFB,T_place_BACKOFB,False,5.37125825881958,-0.0007260445272549987,-0.0038997726632891694
90307,30.0,0.000422060489654541,3,lag_05__T_place_BACKOFB,T_place_BACKOFB,False,2.685629367828369,0.0008683480555191636,0.002332061039398925
90307,30.0,0.000422060489654541,4,lag_03__T5__duck_amount,T5__duck_amount,False,3.7970333099365234,0.0005301015335135162,0.0020128131803992533
90307,30.0,0.000422060489654541,5,lag_01__T_place_TSIDEUPPER,T_place_TSIDEUPPER,False,-5.04444694519043,0.0003913661348633468,-0.0019742257034623956
90307,30.0,0.000422060489654541,6,lag_14__T4__is_walking,T4__is_walking,False,-2.307980537414551,-0.0007831009570509195,0.0018073817677042303
90307,30.0,0.000422060489654541,7,lag_11__T2__duck_amount,T2__duck_amount,False,-3.8233180046081543,-0.00033746787812560797,0.0012902470144145473
90307,30.0,0.000422060489654541,8,lag_01__T_duck_amount_mean,T_duck_amount_mean,False,-3.221140146255493,-0.0003801117418333888,0.0012243931916826323
90307,30.0,0.000422060489654541,9,lag_02__T1__is_walking,T1__is_walking,False,-2.281590461730957,0.0005318687180988491,-0.0012135065941074052
90307,30.0,0.000422060489654541,10,lag_03__T5__is_walking,T5__is_walking,False,-2.3193888664245605,0.0005058168899267912,-0.001173186062945697
90307,30.0,0.000422060489654541,11,lag_06__T4__duck_amount,T4__duck_amount,False,-3.6976382732391357,0.0003161067725159228,-0.001168848500484973
90307,30.0,0.000422060489654541,12,lag_07__T5__is_walking,T5__is_walking,False,2.3193888664245605,-0.0004835304862353951,-0.0011214952263512296
90307,30.0,0.000422060489654541,13,lag_07__CT2__is_walking,CT2__is_walking,False,-2.360051155090332,0.00046788144391030073,-0.0011042241421458376
90307,30.0,0.000422060489654541,14,lag_02__CT5__duck_amount,CT5__duck_amount,False,-3.7749595642089844,0.00029041353263892233,-0.001096299342611018
90307,30.0,0.000422060489654541,15,lag_07__CT_walking_count,CT_walking_count,False,-1.7948951721191406,0.0005949520855210721,-0.0010678766259439865
90307,30.0,0.000422060489654541,16,lag_07__CT5__duck_amount,CT5__duck_amount,False,-3.7749595642089844,0.00026904058177024126,-0.0010156173173139216
90307,30.0,0.000422060489654541,17,lag_00__T5__is_walking,T5__is_walking,False,2.3193888664245605,0.0004155206261202693,0.000963753913993115
90307,30.0,0.000422060489654541,18,lag_09__T2__duck_amount,T2__duck_amount,False,3.8233180046081543,0.0002308204275323078,0.0008824998964156242
90307,30.0,0.000422060489654541,19,lag_00__CT1__is_walking,CT1__is_walking,False,2.3343825340270996,-0.00034733660868369043,-0.0008108165127394124
90307,30.0,0.000422060489654541,20,lag_11__T2__is_walking,T2__is_walking,False,2.2968344688415527,-0.0003516226715873927,-0.0008076190721280768
91523,49.0,-0.00040022097527980804,1,lag_01__T5__duck_amount,T5__duck_amount,False,3.7970333099365234,-0.0011103699216619134,-0.004216111578901893
91523,49.0,-0.00040022097527980804,2,lag_03__bomb_events_last_5s,bomb_events_last_5s,False,-2.0894012451171875,-0.0011432892642915249,0.0023887900123398254
91523,49.0,-0.00040022097527980804,3,lag_10__T_velocity_mean,T_velocity_mean,False,-3.7879016399383545,-0.000568096642382443,0.0021518942033239286
91523,49.0,-0.00040022097527980804,4,lag_13__T_place_BACKOFB,T_place_BACKOFB,False,-5.371258735656738,-0.00038829795084893703,0.002085648760534964
91523,49.0,-0.00040022097527980804,5,lag_03__T_kills_last_3s,T_kills_last_3s,False,-3.1681017875671387,-0.0006478170398622751,0.002052350322004126
91523,49.0,-0.00040022097527980804,6,lag_06__T_place_BACKOFB,T_place_BACKOFB,False,-2.685629367828369,0.0007487287512049079,-0.002010807922773361
91523,49.0,-0.00040022097527980804,7,lag_02__bomb_events_last_5s,bomb_events_last_5s,False,-2.0894012451171875,-0.0007214415818452835,0.0015073809393868487
91523,49.0,-0.00040022097527980804,8,lag_06__T_macro_B,T_macro_B,False,1.5607836246490479,-0.0009640512871555984,-0.001504675462314295
91523,49.0,-0.00040022097527980804,9,lag_06__T_place_BOMBSITEB,T_place_BOMBSITEB,False,1.5607836246490479,-0.0009640512871555984,-0.001504675462314295
91523,49.0,-0.00040022097527980804,10,lag_09__T5__is_scoped,T5__is_scoped,False,-4.76965856552124,0.0002977944095619023,-0.0014203776563312676
91523,49.0,-0.00040022097527980804,11,lag_06__CT3__is_scoped,CT3__is_scoped,False,-4.548114776611328,0.0003111197438556701,-0.0014150083043255046
91523,49.0,-0.00040022097527980804,12,lag_03__T5__is_scoped,T5__is_scoped,False,-4.76965856552124,-0.00029426347464323044,0.0014035363023521263
91523,49.0,-0.00040022097527980804,13,lag_15__T_place_BACKOFB,T_place_BACKOFB,False,-2.685628890991211,-0.00051374442409724,0.001379726867941189
91523,49.0,-0.00040022097527980804,14,lag_01__T_bomb_zone_count,T_bomb_zone_count,False,5.821373462677002,-0.00022831223031971604,-0.0013290907587877945
91523,49.0,-0.00040022097527980804,15,lag_13__T3__has_bomb,T3__has_bomb,False,-3.15621280670166,0.0003977746528107673,-0.0012554614533826502
91523,49.0,-0.00040022097527980804,16,lag_10__CT3__is_scoped,CT3__is_scoped,False,4.548114776611328,0.00027223085635341704,0.001238137180430532
91523,49.0,-0.00040022097527980804,17,lag_11__T_velocity_mean,T_velocity_mean,False,1.807494044303894,-0.0006714737974107265,-0.0012136848897260077
91523,49.0,-0.00040022097527980804,18,lag_15__bomb_events_last_5s,bomb_events_last_5s,False,-4.178802490234375,-0.0002688986132852733,0.0011236741948170703
91523,49.0,-0.00040022097527980804,19,lag_01__T_duck_amount_mean,T_duck_amount_mean,False,2.952670097351074,-0.0003801117418333888,-0.0011223445737634785
91523,49.0,-0.00040022097527980804,20,lag_01__T_B_site_active_infernos,T_B_site_active_infernos,True,-2.8273046016693115,0.0003963064809795469,-0.0011204791373448444
92067,57.5,-0.00032149930484592915,1,lag_07__T_place_ENTRANCE,T_place_ENTRANCE,False,28.705305099487305,-0.00048222721670754254,-0.01384247938286659
92067,57.5,-0.00032149930484592915,2,lag_05__T_place_ENTRANCE,T_place_ENTRANCE,False,-28.705305099487305,-0.00019809548393823206,0.005686391305277538
92067,57.5,-0.00032149930484592915,3,lag_02__CT_place_CONNECTOR,CT_place_CONNECTOR,False,-3.575894594192505,-0.0007026143721304834,0.0025124749351033565
92067,57.5,-0.00032149930484592915,4,lag_01__T_kills_last_3s,T_kills_last_3s,False,-3.1681017875671387,-0.0007412446429952979,0.002348338478497969
92067,57.5,-0.00032149930484592915,5,lag_15__CT_place_ENTRANCE,CT_place_ENTRANCE,False,8.87263011932373,0.00025220736279152334,0.002237742643419277
92067,57.5,-0.00032149930484592915,6,lag_01__kill_diff_last_3s,kill_diff_last_3s,False,2.4069459438323975,0.0009214926394633949,0.002217982970827828
92067,57.5,-0.00032149930484592915,7,lag_03__T_kills_last_3s,T_kills_last_3s,False,-3.1681017875671387,-0.0006478170398622751,0.002052350322004126
92067,57.5,-0.00032149930484592915,8,lag_06__T_place_BACKOFB,T_place_BACKOFB,False,2.685629367828369,0.0007487287512049079,0.002010807922773361
92067,57.5,-0.00032149930484592915,9,lag_12__T_bomb_zone_count,T_bomb_zone_count,False,-5.821373462677002,0.00032938519143499434,-0.0019174742124184602
92067,57.5,-0.00032149930484592915,10,lag_07__CT_place_ENTRANCE,CT_place_ENTRANCE,False,-8.87263011932373,-0.00021486564946826547,0.0019064234330801871
92067,57.5,-0.00032149930484592915,11,lag_06__T_place_BOMBSITEB,T_place_BOMBSITEB,False,-1.5607836246490479,-0.0009640512871555984,0.001504675462314295
92067,57.5,-0.00032149930484592915,12,lag_06__T_macro_B,T_macro_B,False,-1.5607836246490479,-0.0009640512871555984,0.001504675462314295
92067,57.5,-0.00032149930484592915,13,lag_03__T_velocity_mean,T_velocity_mean,False,1.309511661529541,-0.0010220569092780352,-0.0013383954414464272
92067,57.5,-0.00032149930484592915,14,lag_05__T_macro_B,T_macro_B,False,1.5607836246490479,-0.0007512488518841565,-0.0011725369060571894
92067,57.5,-0.00032149930484592915,15,lag_05__T_place_BOMBSITEB,T_place_BOMBSITEB,False,1.5607836246490479,-0.0007512488518841565,-0.0011725369060571894
92067,57.5,-0.00032149930484592915,16,lag_06__CT_velocity_mean,CT_velocity_mean,False,3.335768699645996,-0.0003419847635086626,-0.0011407820698680349
92067,57.5,-0.00032149930484592915,17,lag_07__T_place_BOMBSITEB,T_place_BOMBSITEB,False,-1.5607836246490479,-0.0006942768231965601,0.0010836158966185533
92067,57.5,-0.00032149930484592915,18,lag_07__T_macro_B,T_macro_B,False,-1.5607836246490479,-0.0006942768231965601,0.0010836158966185533
92067,57.5,-0.00032149930484592915,19,lag_11__T_velocity_mean,T_velocity_mean,False,1.4462435245513916,-0.0006714737974107265,-0.0009711146314111962
92067,57.5,-0.00032149930484592915,20,lag_03__kill_diff_last_3s,kill_diff_last_3s,False,2.4069459438323975,0.0003843429731205106,0.0009250927601928971
91971,56.0,-0.00031555513851344585,1,lag_04__T_place_ENTRANCE,T_place_ENTRANCE,False,28.705305099487305,-0.00020053873595315963,-0.005756525599800971
91971,56.0,-0.00031555513851344585,2,lag_02__T_place_ENTRANCE,T_place_ENTRANCE,False,-28.705305099487305,-0.00017230660887435079,0.004946113778396266
91971,56.0,-0.00031555513851344585,3,lag_04__CT_place_ENTRANCE,CT_place_ENTRANCE,False,-8.87263011932373,-0.0005141369765624404,0.0045617472237059475
91971,56.0,-0.00031555513851344585,4,lag_00__kill_diff_last_3s,kill_diff_last_3s,False,2.4069459438323975,0.001203693449497223,0.0028972250658849674
91971,56.0,-0.00031555513851344585,5,lag_00__T_kills_last_3s,T_kills_last_3s,False,-3.1681017875671387,-0.0008257514564320445,0.0026160646652085284
91971,56.0,-0.00031555513851344585,6,lag_12__T4__is_walking,T4__is_walking,False,2.307980537414551,0.0010799213778227568,0.0024924375219528283
91971,56.0,-0.00031555513851344585,7,lag_12__CT_place_ENTRANCE,CT_place_ENTRANCE,False,8.87263011932373,0.00027652777498587966,0.002453528665169291
91971,56.0,-0.00031555513851344585,8,lag_04__T_kills_last_3s,T_kills_last_3s,False,3.1681017875671387,-0.0006835571257397532,-0.0021655785519603676
91971,56.0,-0.00031555513851344585,9,lag_09__bomb_events_last_5s,bomb_events_last_5s,False,2.0894012451171875,-0.0009250841103494167,-0.001932871892002197
91971,56.0,-0.00031555513851344585,10,lag_14__T2__is_walking,T2__is_walking,False,2.2968344688415527,0.0008073250064626336,0.0018542919024011062
91971,56.0,-0.00031555513851344585,11,lag_06__CT_place_BACKOFB,CT_place_BACKOFB,False,-5.709421634674072,0.0002982051228173077,-0.0017025787797837755
91971,56.0,-0.00031555513851344585,12,lag_09__T5__is_scoped,T5__is_scoped,False,-4.76965856552124,0.0002977944095619023,-0.0014203776563312676
91971,56.0,-0.00031555513851344585,13,lag_03__CT_velocity_mean,CT_velocity_mean,False,3.335768699645996,-0.0004154558992013335,-0.0013858647846390904
91971,56.0,-0.00031555513851344585,14,lag_04__T_macro_B,T_macro_B,False,-1.5607836246490479,-0.0008855140185914934,0.0013820957796147754
91971,56.0,-0.00031555513851344585,15,lag_04__T_place_BOMBSITEB,T_place_BOMBSITEB,False,-1.5607836246490479,-0.0008855140185914934,0.0013820957796147754
91971,56.0,-0.00031555513851344585,16,lag_06__T_damage_last_5s,T_damage_last_5s,False,2.3258702754974365,-0.0005222397157922387,-0.0012146618316453972
91971,56.0,-0.00031555513851344585,17,lag_13__T_damage_last_5s,T_damage_last_5s,False,-2.3258702754974365,-0.0005053476197645068,0.0011753730076036473
91971,56.0,-0.00031555513851344585,18,lag_13__T5__is_scoped,T5__is_scoped,False,4.76965856552124,0.00023412099108099937,0.0011166771904778106
91971,56.0,-0.00031555513851344585,19,lag_13__T5__duck_amount,T5__duck_amount,False,-3.7970333099365234,0.00022285939485300332,-0.0008462045456891498
91971,56.0,-0.00031555513851344585,20,lag_06__T_kills_last_3s,T_kills_last_3s,False,3.1681017875671387,0.0002668734232429415,0.0008454821692301245
91939,55.5,-0.00026258337311446667,1,lag_01__T_place_ENTRANCE,T_place_ENTRANCE,False,-28.705305099487305,-0.00019202752446290106,0.005512208677206837
91939,55.5,-0.00026258337311446667,2,lag_03__T_place_ENTRANCE,T_place_ENTRANCE,False,28.705305099487305,-0.00016940664499998093,-0.004862869430604988
91939,55.5,-0.00026258337311446667,3,lag_03__CT_place_ENTRANCE,CT_place_ENTRANCE,False,-8.87263011932373,-0.00035744643537327647,0.003171490008537836
91939,55.5,-0.00026258337311446667,4,lag_11__CT_place_ENTRANCE,CT_place_ENTRANCE,False,8.87263011932373,0.00032038611243478954,0.002842667471001953
91939,55.5,-0.00026258337311446667,5,lag_02__T_place_BACKOFB,T_place_BACKOFB,False,2.685629367828369,-0.0007645132136531174,-0.0020531991386796566
91939,55.5,-0.00026258337311446667,6,lag_03__T_kills_last_3s,T_kills_last_3s,False,3.1681017875671387,-0.0006478170398622751,-0.002052350322004126
91939,55.5,-0.00026258337311446667,7,lag_12__T_damage_last_5s,T_damage_last_5s,False,-2.3258702754974365,-0.0008603064343333244,0.0020009611634350666
91939,55.5,-0.00026258337311446667,8,lag_06__CT_place_BACKOFB,CT_place_BACKOFB,False,5.709421634674072,0.0002982051228173077,0.0017025787797837755
91939,55.5,-0.00026258337311446667,9,lag_05__T_kills_last_3s,T_kills_last_3s,False,3.1681017875671387,-0.0005178723949939013,-0.0016406724603118539
91939,55.5,-0.00026258337311446667,10,lag_12__damage_diff_last_5s,damage_diff_last_5s,False,2.1882996559143066,0.0006579258479177952,0.0014397389066156396
91939,55.5,-0.00026258337311446667,11,lag_08__bomb_events_last_5s,bomb_events_last_5s,False,2.0894012451171875,-0.0006307293078862131,-0.0013178466012293555
91939,55.5,-0.00026258337311446667,12,lag_05__T_damage_last_5s,T_damage_last_5s,False,2.3258702754974365,-0.0005546853062696755,-0.00129012606610783
91939,55.5,-0.00026258337311446667,13,lag_02__T1__is_walking,T1__is_walking,False,2.281590461730957,0.0005318687180988491,0.0012135065941074052
91939,55.5,-0.00026258337311446667,14,lag_05__CT_place_BACKOFB,CT_place_BACKOFB,False,-5.709421634674072,0.00020903766562696546,-0.0011934841705923613
91939,55.5,-0.00026258337311446667,15,lag_02__CT_velocity_mean,CT_velocity_mean,False,3.335768699645996,-0.00035153559292666614,-0.0011726414276962693
91939,55.5,-0.00026258337311446667,16,lag_05__CT_damage_last_5s,CT_damage_last_5s,False,1.7656910419464111,-0.0006591491401195526,-0.0011638537320157738
91939,55.5,-0.00026258337311446667,17,lag_03__kill_diff_last_3s,kill_diff_last_3s,False,-2.4069459438323975,0.0003843429731205106,-0.0009250927601928971
91939,55.5,-0.00026258337311446667,18,lag_11__T4__is_walking,T4__is_walking,False,2.307980537414551,0.00030810022144578397,0.0007110893146699826
91939,55.5,-0.00026258337311446667,19,lag_05__T_duck_amount_mean,T_duck_amount_mean,False,1.4539684057235718,0.0004684114537667483,0.0006810554546558996
91939,55.5,-0.00026258337311446667,20,lag_14__T_bomb_zone_count,T_bomb_zone_count,False,5.821373462677002,0.00011107084719697013,0.0006465848823494942
91651,51.0,-0.00023117288947105408,1,lag_05__T5__duck_amount,T5__duck_amount,False,3.7970333099365234,0.0014751291600987315,0.00560111455735357
91651,51.0,-0.00023117288947105408,2,lag_05__T_A_site_active_infernos,T_A_site_active_infernos,True,-2.9764554500579834,-0.0010160127421841025,0.0030241166638022288
91651,51.0,-0.00023117288947105408,3,lag_05__T_B_site_active_infernos,T_B_site_active_infernos,True,-2.8273046016693115,-0.001039572642184794,0.0029391885150185926
91651,51.0,-0.00023117288947105408,4,lag_13__CT_place_LONGDOG,CT_place_LONGDOG,False,-6.523001194000244,-0.0003718114166986197,0.0024253263150680188
91651,51.0,-0.00023117288947105408,5,lag_02__CT_place_ENTRANCE,CT_place_ENTRANCE,False,8.87263011932373,-0.0002431387547403574,-0.0021572802384841605
91651,51.0,-0.00023117288947105408,6,lag_03__T5__duck_amount,T5__duck_amount,False,-3.7970333099365234,0.0005301015335135162,-0.0020128131803992533
91651,51.0,-0.00023117288947105408,7,lag_13__T_kills_last_3s,T_kills_last_3s,False,3.1681017875671387,-0.0006141294143162668,-0.0019456244952929247
91651,51.0,-0.00023117288947105408,8,lag_06__bomb_events_last_5s,bomb_events_last_5s,False,-2.0894012451171875,0.0007767200004309416,-0.0016228797360078318
91651,51.0,-0.00023117288947105408,9,lag_03__T5__is_scoped,T5__is_scoped,False,4.76965856552124,-0.00029426347464323044,-0.0014035363023521263
91651,51.0,-0.00023117288947105408,10,lag_05__T_duck_amount_mean,T_duck_amount_mean,False,2.952670097351074,0.0004684114537667483,0.001383064492793823
91651,51.0,-0.00023117288947105408,11,lag_05__T_bomb_zone_count,T_bomb_zone_count,False,5.821373462677002,-0.00022382241149898618,-0.00130295384665257
91651,51.0,-0.00023117288947105408,12,lag_10__CT3__is_scoped,CT3__is_scoped,False,-4.548114776611328,0.00027223085635341704,-0.001238137180430532
91651,51.0,-0.00023117288947105408,13,lag_05__T_active_infernos,T_active_infernos,True,-2.082643508911133,-0.0005752261495217681,0.001197991006457455
91651,51.0,-0.00023117288947105408,14,lag_13__T_damage_last_5s,T_damage_last_5s,False,2.3258702754974365,-0.0005053476197645068,-0.0011753730076036473
91651,51.0,-0.00023117288947105408,15,lag_13__T5__is_scoped,T5__is_scoped,False,-4.76965856552124,0.00023412099108099937,-0.0011166771904778106
91651,51.0,-0.00023117288947105408,16,lag_10__T5__is_scoped,T5__is_scoped,False,4.76965856552124,0.00023279493325389922,0.0011103523474044058
91651,51.0,-0.00023117288947105408,17,lag_13__kill_diff_last_3s,kill_diff_last_3s,False,-2.4069459438323975,0.00038388598477467895,-0.000923992813947519
91651,51.0,-0.00023117288947105408,18,lag_07__T_kills_last_3s,T_kills_last_3s,False,-3.1681017875671387,0.00027793212211690843,-0.0008805172529009059
91651,51.0,-0.00023117288947105408,19,lag_07__kill_diff_last_3s,kill_diff_last_3s,False,2.4069459438323975,-0.00034155562752857804,-0.0008221059322730401
91651,51.0,-0.00023117288947105408,20,lag_00__CT1__is_walking,CT1__is_walking,False,-2.3343825340270996,-0.00034733660868369043,0.0008108165127394124
91907,55.0,0.0002259004395455122,1,lag_02__T_place_ENTRANCE,T_place_ENTRANCE,False,28.705305099487305,-0.00017230660887435079,-0.004946113778396266
91907,55.0,0.0002259004395455122,2,lag_00__T_place_ENTRANCE,T_place_ENTRANCE,False,-28.705305099487305,-0.00015671056462451816,0.004498424569859716
91907,55.0,0.0002259004395455122,3,lag_10__CT_place_ENTRANCE,CT_place_ENTRANCE,False,8.87263011932373,-0.00032834388548508286,-0.002913273847850728
91907,55.0,0.0002259004395455122,4,lag_02__T_kills_last_3s,T_kills_last_3s,False,3.1681017875671387,-0.0008460946846753359,-0.002680514082970986
91907,55.0,0.0002259004395455122,5,lag_04__T_kills_last_3s,T_kills_last_3s,False,3.1681017875671387,-0.0006835571257397532,-0.0021655785519603676
91907,55.0,0.0002259004395455122,6,lag_02__CT_place_ENTRANCE,CT_place_ENTRANCE,False,-8.87263011932373,-0.0002431387547403574,0.0021572802384841605
91907,55.0,0.0002259004395455122,7,lag_01__T_place_BACKOFB,T_place_BACKOFB,False,2.685629367828369,-0.0007260445272549987,-0.0019498865047470892
91907,55.0,0.0002259004395455122,8,lag_02__kill_diff_last_3s,kill_diff_last_3s,False,-2.4069459438323975,0.0008022469701245427,-0.0019309650906930986
91907,55.0,0.0002259004395455122,9,lag_05__CT_place_BACKOFB,CT_place_BACKOFB,False,5.709421634674072,0.00020903766562696546,0.0011934841705923613
91907,55.0,0.0002259004395455122,10,lag_15__T5__is_scoped,T5__is_scoped,False,-4.76965856552124,-0.0002332222939003259,0.0011123907117722015
91907,55.0,0.0002259004395455122,11,lag_13__T_bomb_zone_count,T_bomb_zone_count,False,5.821373462677002,0.00017887871945276856,0.0010413198304599913
91907,55.0,0.0002259004395455122,12,lag_04__T_damage_last_5s,T_damage_last_5s,False,2.3258702754974365,-0.00044596323277801275,-0.001037252627083124
91907,55.0,0.0002259004395455122,13,lag_04__T_flashed_players,T_flashed_players,False,-1.9296237230300903,-0.0004993505426682532,0.0009635586532406107
91907,55.0,0.0002259004395455122,14,lag_11__T5__is_scoped,T5__is_scoped,False,4.76965856552124,0.0001927924604387954,0.0009195542102998153
91907,55.0,0.0002259004395455122,15,lag_01__CT_velocity_mean,CT_velocity_mean,False,3.335768699645996,-0.0002614934928715229,-0.0008722818086819295
91907,55.0,0.0002259004395455122,16,lag_11__T_damage_last_5s,T_damage_last_5s,False,-2.3258702754974365,-0.00037130870623514056,0.0008636158828657231
91907,55.0,0.0002259004395455122,17,lag_04__CT_damage_last_5s,CT_damage_last_5s,False,1.7656910419464111,-0.00048298860201612115,-0.0008528086479420854
91907,55.0,0.0002259004395455122,18,lag_13__T5__duck_amount,T5__duck_amount,False,3.7970333099365234,0.00022285939485300332,0.0008462045456891498
91907,55.0,0.0002259004395455122,19,lag_15__T_kills_last_3s,T_kills_last_3s,False,-3.1681017875671387,-0.00025277622626163065,0.0008008208142739476
91907,55.0,0.0002259004395455122,20,lag_01__T1__is_walking,T1__is_walking,False,2.281590461730957,0.0003507422807160765,0.0008002502422075619
92035,57.0,-0.00022308039478957653,1,lag_06__T_place_ENTRANCE,T_place_ENTRANCE,False,28.705305099487305,-0.0004254034720361233,-0.012211336455178134
92035,57.0,-0.00022308039478957653,2,lag_04__T_place_ENTRANCE,T_place_ENTRANCE,False,-28.705305099487305,-0.00020053873595315963,0.005756525599800971
92035,57.0,-0.00022308039478957653,3,lag_01__CT_place_CONNECTOR,CT_place_CONNECTOR,False,-3.575894594192505,-0.0014062465634196997,0.0050285894842342915
92035,57.0,-0.00022308039478957653,4,lag_00__bomb_events_last_5s,bomb_events_last_5s,False,-2.0894012451171875,0.001406742143444717,-0.0029392487860722127
92035,57.0,-0.00022308039478957653,5,lag_00__kill_diff_last_3s,kill_diff_last_3s,False,2.4069459438323975,0.001203693449497223,0.0028972250658849674
92035,57.0,-0.00022308039478957653,6,lag_02__T_kills_last_3s,T_kills_last_3s,False,-3.1681017875671387,-0.0008460946846753359,0.002680514082970986
92035,57.0,-0.00022308039478957653,7,lag_00__T_kills_last_3s,T_kills_last_3s,False,-3.1681017875671387,-0.0008257514564320445,0.0026160646652085284
92035,57.0,-0.00022308039478957653,8,lag_05__T_place_BACKOFB,T_place_BACKOFB,False,2.685629367828369,0.0008683480555191636,0.002332061039398925
92035,57.0,-0.00022308039478957653,9,lag_11__T_bomb_zone_count,T_bomb_zone_count,False,-5.821373462677002,0.0003602428187150508,-0.002097107984987759
92035,57.0,-0.00022308039478957653,10,lag_02__kill_diff_last_3s,kill_diff_last_3s,False,2.4069459438323975,0.0008022469701245427,0.0019309650906930986
92035,57.0,-0.00022308039478957653,11,lag_14__T4__is_walking,T4__is_walking,False,2.307980537414551,-0.0007831009570509195,-0.0018073817677042303
92035,57.0,-0.00022308039478957653,12,lag_06__T_place_BOMBSITEB,T_place_BOMBSITEB,False,-1.5607836246490479,-0.0009640512871555984,0.001504675462314295
92035,57.0,-0.00022308039478957653,13,lag_06__T_macro_B,T_macro_B,False,-1.5607836246490479,-0.0009640512871555984,0.001504675462314295
92035,57.0,-0.00022308039478957653,14,lag_04__T_macro_B,T_macro_B,False,1.5607836246490479,-0.0008855140185914934,-0.0013820957796147754
92035,57.0,-0.00022308039478957653,15,lag_04__T_place_BOMBSITEB,T_place_BOMBSITEB,False,1.5607836246490479,-0.0008855140185914934,-0.0013820957796147754
92035,57.0,-0.00022308039478957653,16,lag_02__T1__is_walking,T1__is_walking,False,-2.281590461730957,0.0005318687180988491,-0.0012135065941074052
92035,57.0,-0.00022308039478957653,17,lag_05__T_macro_B,T_macro_B,False,-1.5607836246490479,-0.0007512488518841565,0.0011725369060571894
92035,57.0,-0.00022308039478957653,18,lag_05__T_place_BOMBSITEB,T_place_BOMBSITEB,False,-1.5607836246490479,-0.0007512488518841565,0.0011725369060571894
92035,57.0,-0.00022308039478957653,19,lag_08__T_kills_last_3s,T_kills_last_3s,False,3.1681017875671387,0.0003603239019867033,0.0011415427979872411
92035,57.0,-0.00022308039478957653,20,lag_11__bomb_events_last_5s,bomb_events_last_5s,False,2.0894012451171875,-0.0005411767051555216,-0.001130735281580364
92419,63.0,0.00018848711624741554,1,lag_02__T_place_ENTRANCE,T_place_ENTRANCE,False,28.705305099487305,-0.00017230660887435079,-0.004946113778396266
92419,63.0,0.00018848711624741554,2,lag_00__T_place_ENTRANCE,T_place_ENTRANCE,False,-28.705305099487305,-0.00015671056462451816,0.004498424569859716
92419,63.0,0.00018848711624741554,3,lag_12__T_kills_last_3s,T_kills_last_3s,False,-3.1681017875671387,-0.001074817730113864,0.0034051319720825868
92419,63.0,0.00018848711624741554,4,lag_14__T1__is_walking,T1__is_walking,False,-2.281590461730957,0.0011821426451206207,-0.002697165383512612
92419,63.0,0.00018848711624741554,5,lag_12__kill_diff_last_3s,kill_diff_last_3s,False,2.4069459438323975,0.000720584241207689,0.001734407316564393
92419,63.0,0.00018848711624741554,6,lag_09__T5__is_scoped,T5__is_scoped,False,4.76965856552124,0.0002977944095619023,0.0014203776563312676
92419,63.0,0.00018848711624741554,7,lag_00__T_place_CTSPAWN,T_place_CTSPAWN,False,4.77014684677124,-0.00023547373712062836,-0.0011232443046234053
92419,63.0,0.00018848711624741554,8,lag_08__T_place_LONGDOG,T_place_LONGDOG,False,4.653247833251953,-0.00022170681040734053,-0.0010316567351451589
92419,63.0,0.00018848711624741554,9,lag_03__T_velocity_mean,T_velocity_mean,False,-0.891321063041687,-0.0010220569092780352,0.0009109808508667994
92419,63.0,0.00018848711624741554,10,lag_14__T_kills_last_3s,T_kills_last_3s,False,-3.1681017875671387,-0.00022979122877586633,0.0007280020026520714
92419,63.0,0.00018848711624741554,11,lag_13__CT_velocity_mean,CT_velocity_mean,False,2.19486665725708,-0.0003132976999040693,-0.0006876466753147764
92419,63.0,0.00018848711624741554,12,lag_08__damage_diff_last_5s,damage_diff_last_5s,False,1.466386318206787,-0.00046028612996451557,-0.0006749572834403167
92419,63.0,0.00018848711624741554,13,lag_04__T_velocity_mean,T_velocity_mean,False,1.073215126991272,-0.000624043052084744,-0.0006697324433911495
92419,63.0,0.00018848711624741554,14,lag_00__T1__is_walking,T1__is_walking,False,-2.281590461730957,0.0002846682909876108,-0.0006494964574745854
92419,63.0,0.00018848711624741554,15,lag_11__T_velocity_mean,T_velocity_mean,False,-0.9616838693618774,-0.0006714737974107265,0.0006457455196690609
92419,63.0,0.00018848711624741554,16,lag_12__CT_velocity_mean,CT_velocity_mean,False,-1.4059498310089111,-0.0004530009173322469,0.0006368965631701543
92419,63.0,0.00018848711624741554,17,lag_09__T_scoped_count,T_scoped_count,False,2.8811259269714355,0.0002099915873259306,0.0006050122066906249
92419,63.0,0.00018848711624741554,18,lag_11__CT_velocity_mean,CT_velocity_mean,False,-0.9137722253799438,-0.0004908438422717154,0.00044851947006666754
92419,63.0,0.00018848711624741554,19,lag_02__CT_velocity_mean,CT_velocity_mean,False,-1.2587312459945679,-0.00035153559292666614,0.00044248883489602167
92419,63.0,0.00018848711624741554,20,lag_00__T_velocity_mean,T_velocity_mean,False,0.7331551313400269,-0.0005702452035620809,-0.00041807819711357774
92099,58.0,-0.00018689874559640884,1,lag_08__T_place_ENTRANCE,T_place_ENTRANCE,False,28.705305099487305,-0.0006312445621006191,-0.01812006774749053
92099,58.0,-0.00018689874559640884,2,lag_06__T_place_ENTRANCE,T_place_ENTRANCE,False,-28.705305099487305,-0.0004254034720361233,0.012211336455178134
92099,58.0,-0.00018689874559640884,3,lag_08__CT_place_ENTRANCE,CT_place_ENTRANCE,False,-8.87263011932373,0.0005096931708976626,-0.004522318979720219
92099,58.0,-0.00018689874559640884,4,lag_00__T_damage_last_5s,T_damage_last_5s,False,-2.3258702754974365,-0.0011741750640794635,0.002730978879772722
92099,58.0,-0.00018689874559640884,5,lag_02__T_kills_last_3s,T_kills_last_3s,False,-3.1681017875671387,-0.0008460946846753359,0.002680514082970986
92099,58.0,-0.00018689874559640884,6,lag_11__CT_place_LONGDOG,CT_place_LONGDOG,False,-6.523001194000244,-0.0003660282527562231,0.0023876027297666663
92099,58.0,-0.00018689874559640884,7,lag_04__T_kills_last_3s,T_kills_last_3s,False,-3.1681017875671387,-0.0006835571257397532,0.0021655785519603676
92099,58.0,-0.00018689874559640884,8,lag_02__kill_diff_last_3s,kill_diff_last_3s,False,2.4069459438323975,0.0008022469701245427,0.0019309650906930986
92099,58.0,-0.00018689874559640884,9,lag_02__bomb_events_last_5s,bomb_events_last_5s,False,-2.0894012451171875,-0.0007214415818452835,0.0015073809393868487
92099,58.0,-0.00018689874559640884,10,lag_06__T_macro_B,T_macro_B,False,1.5607836246490479,-0.0009640512871555984,-0.001504675462314295
92099,58.0,-0.00018689874559640884,11,lag_06__T_place_BOMBSITEB,T_place_BOMBSITEB,False,1.5607836246490479,-0.0009640512871555984,-0.001504675462314295
92099,58.0,-0.00018689874559640884,12,lag_07__T1__is_walking,T1__is_walking,False,2.281590461730957,0.0005334814195521176,0.0012171861183608024
92099,58.0,-0.00018689874559640884,13,lag_08__T_kills_last_3s,T_kills_last_3s,False,3.1681017875671387,0.0003603239019867033,0.0011415427979872411
92099,58.0,-0.00018689874559640884,14,lag_13__T5__is_scoped,T5__is_scoped,False,-4.76965856552124,0.00023412099108099937,-0.0011166771904778106
92099,58.0,-0.00018689874559640884,15,lag_07__T_place_BOMBSITEB,T_place_BOMBSITEB,False,-1.5607836246490479,-0.0006942768231965601,0.0010836158966185533
92099,58.0,-0.00018689874559640884,16,lag_07__T_macro_B,T_macro_B,False,-1.5607836246490479,-0.0006942768231965601,0.0010836158966185533
92099,58.0,-0.00018689874559640884,17,lag_13__T_bomb_zone_count,T_bomb_zone_count,False,-5.821373462677002,0.00017887871945276856,-0.0010413198304599913
92099,58.0,-0.00018689874559640884,18,lag_03__CT_velocity_mean,CT_velocity_mean,False,2.19486665725708,-0.0004154558992013335,-0.0009118703007177653
92099,58.0,-0.00018689874559640884,19,lag_08__kill_diff_last_3s,kill_diff_last_3s,False,-2.4069459438323975,-0.000362605438567698,0.0008727716895720883
92099,58.0,-0.00018689874559640884,20,lag_04__T_velocity_mean,T_velocity_mean,False,1.309511661529541,-0.000624043052084744,-0.000817191654001459
92611,66.0,0.00018263113452121615,1,lag_08__T_place_ENTRANCE,T_place_ENTRANCE,False,28.705305099487305,-0.0006312445621006191,-0.01812006774749053
92611,66.0,0.00018263113452121615,2,lag_06__T_place_ENTRANCE,T_place_ENTRANCE,False,-28.705305099487305,-0.0004254034720361233,0.012211336455178134
92611,66.0,0.00018263113452121615,3,lag_05__T_place_ENTRANCE,T_place_ENTRANCE,False,28.705305099487305,-0.00019809548393823206,-0.005686391305277538
92611,66.0,0.00018263113452121615,4,lag_00__T_place_ENTRANCE,T_place_ENTRANCE,False,-28.705305099487305,-0.00015671056462451816,0.004498424569859716
92611,66.0,0.00018263113452121615,5,lag_00__T_place_BACKOFB,T_place_BACKOFB,False,-2.685629367828369,-0.0007045218953862786,0.001892084692527496
92611,66.0,0.00018263113452121615,6,lag_09__T1__is_walking,T1__is_walking,False,2.281590461730957,0.0005387863493524492,0.0012292897955933912
92611,66.0,0.00018263113452121615,7,lag_05__T_place_BOMBSITEB,T_place_BOMBSITEB,False,-1.5607833862304688,-0.0007512488518841565,0.0011725367269455056
92611,66.0,0.00018263113452121615,8,lag_05__T_macro_B,T_macro_B,False,-1.5607833862304688,-0.0007512488518841565,0.0011725367269455056
92611,66.0,0.00018263113452121615,9,lag_00__T_place_CTSPAWN,T_place_CTSPAWN,False,4.770146369934082,-0.00023547373712062836,-0.0011232441923407777
92611,66.0,0.00018263113452121615,10,lag_15__T5__is_scoped,T5__is_scoped,False,4.76965856552124,-0.0002332222939003259,-0.0011123907117722015
92611,66.0,0.00018263113452121615,11,lag_00__T_place_LONGDOG,T_place_LONGDOG,False,4.653247833251953,-0.0002370654110563919,-0.0011031241103371392
92611,66.0,0.00018263113452121615,12,lag_13__CT_place_TUNNELS,CT_place_TUNNELS,False,3.060441493988037,-0.0003436715924181044,-0.0010517868017413112
92611,66.0,0.00018263113452121615,13,lag_00__CT1__is_walking,CT1__is_walking,False,-2.3343825340270996,-0.00034733660868369043,0.0008108165127394124
92611,66.0,0.00018263113452121615,14,lag_11__T2__is_walking,T2__is_walking,False,-2.2968344688415527,-0.0003516226715873927,0.0008076190721280768
92611,66.0,0.00018263113452121615,15,lag_14__T_place_BACKOFB,T_place_BACKOFB,False,-2.685629367828369,-0.000298811006359756,0.0008024956141101103
92611,66.0,0.00018263113452121615,16,lag_01__T_place_LONGDOG,T_place_LONGDOG,False,-4.653247833251953,-0.0001662572321947664,0.0007736361054727636
92611,66.0,0.00018263113452121615,17,lag_08__T_place_BOMBSITEB,T_place_BOMBSITEB,False,-1.5607836246490479,-0.0004566267889458686,0.0007126956147627886
92611,66.0,0.00018263113452121615,18,lag_08__T_macro_B,T_macro_B,False,-1.5607836246490479,-0.0004566267889458686,0.0007126956147627886
92611,66.0,0.00018263113452121615,19,lag_11__CT_velocity_mean,CT_velocity_mean,False,-1.3811540603637695,-0.0004908438422717154,0.0006779309657581334
92611,66.0,0.00018263113452121615,20,lag_06__T1__is_walking,T1__is_walking,False,-2.281590461730957,0.0002959349367301911,-0.0006752023289365583
92451,63.5,-0.00017442164244130254,1,lag_01__T_place_ENTRANCE,T_place_ENTRANCE,False,-28.705305099487305,-0.00019202752446290106,0.005512208677206837
92451,63.5,-0.00017442164244130254,2,lag_03__T_place_ENTRANCE,T_place_ENTRANCE,False,28.705305099487305,-0.00016940664499998093,-0.004862869430604988
92451,63.5,-0.00017442164244130254,3,lag_00__T_place_ENTRANCE,T_place_ENTRANCE,False,28.705305099487305,-0.00015671056462451816,-0.004498424569859716
92451,63.5,-0.00017442164244130254,4,lag_13__T_kills_last_3s,T_kills_last_3s,False,-3.1681017875671387,-0.0006141294143162668,0.0019456244952929247
92451,63.5,-0.00017442164244130254,5,lag_09__T5__is_scoped,T5__is_scoped,False,-4.76965856552124,0.0002977944095619023,-0.0014203776563312676
92451,63.5,-0.00017442164244130254,6,lag_10__T5__is_scoped,T5__is_scoped,False,4.76965856552124,0.00023279493325389922,0.0011103523474044058
92451,63.5,-0.00017442164244130254,7,lag_13__kill_diff_last_3s,kill_diff_last_3s,False,2.4069459438323975,0.00038388598477467895,0.000923992813947519
92451,63.5,-0.00017442164244130254,8,lag_11__T_damage_last_5s,T_damage_last_5s,False,-2.3258702754974365,-0.00037130870623514056,0.0008636158828657231
92451,63.5,-0.00017442164244130254,9,lag_09__T_place_LONGDOG,T_place_LONGDOG,False,4.653247833251953,-0.0001795613206923008,-0.0008355433264473078
92451,63.5,-0.00017442164244130254,10,lag_15__T_kills_last_3s,T_kills_last_3s,False,-3.1681017875671387,-0.00025277622626163065,0.0008008208142739476
92451,63.5,-0.00017442164244130254,11,lag_01__T1__is_walking,T1__is_walking,False,-2.281590461730957,0.0003507422807160765,-0.0008002502422075619
92451,63.5,-0.00017442164244130254,12,lag_14__CT_place_CONNECTOR,CT_place_CONNECTOR,False,-3.575894594192505,-0.00020988128380849957,0.0007505133481929965
92451,63.5,-0.00017442164244130254,13,lag_01__T_place_CTSPAWN,T_place_CTSPAWN,False,4.77014684677124,-0.00014472285693045706,-0.0006903492796425451
92451,63.5,-0.00017442164244130254,14,lag_00__T_macro_B,T_macro_B,False,-1.5607833862304688,-0.0003901141171809286,0.0006088836328299596
92451,63.5,-0.00017442164244130254,15,lag_00__T_place_BOMBSITEB,T_place_BOMBSITEB,False,-1.5607833862304688,-0.0003901141171809286,0.0006088836328299596
92451,63.5,-0.00017442164244130254,16,lag_09__T_scoped_count,T_scoped_count,False,-2.8811259269714355,0.0002099915873259306,-0.0006050122066906249
92451,63.5,-0.00017442164244130254,17,lag_03__T_place_BOMBSITEB,T_place_BOMBSITEB,False,-1.5607836246490479,-0.000367584521882236,0.0005737199024282436
92451,63.5,-0.00017442164244130254,18,lag_03__T_macro_B,T_macro_B,False,-1.5607836246490479,-0.000367584521882236,0.0005737199024282436
92451,63.5,-0.00017442164244130254,19,lag_04__T_velocity_mean,T_velocity_mean,False,-0.891321063041687,-0.000624043052084744,0.0005562227165679529
92451,63.5,-0.00017442164244130254,20,lag_04__T1__is_walking,T1__is_walking,False,2.281590461730957,-0.00023876962950453162,-0.0005447745092285738
88451,1.0,-0.00015884637832641602,1,lag_01__T_velocity_mean,T_velocity_mean,False,2.891570568084717,0.0004518402856774628,0.0013065280715399419
88451,1.0,-0.00015884637832641602,2,lag_02__T_velocity_mean,T_velocity_mean,False,-1.7359485626220703,-0.0007164162816479802,0.0012436618143658595
88451,1.0,-0.00015884637832641602,3,lag_01__CT_velocity_mean,CT_velocity_mean,False,3.495476722717285,-0.0002614934928715229,-0.0009140444174744466
88451,1.0,-0.00015884637832641602,4,lag_01__T3__smoke,T3__smoke,True,-2.173264503479004,0.00035450776340439916,-0.0007704391384145137
88451,1.0,-0.00015884637832641602,5,lag_02__CT2__molly,CT2__molly,True,1.9538549184799194,0.00036398679367266595,0.000711177387079074
88451,1.0,-0.00015884637832641602,6,lag_02__CT2__utility_total,CT2__utility_total,True,1.98095703125,0.00033098840503953397,0.0006556738082252878
88451,1.0,-0.00015884637832641602,7,lag_02__CT_velocity_mean,CT_velocity_mean,False,-1.694637656211853,-0.00035153559292666614,0.0005957254532722896
88451,1.0,-0.00015884637832641602,8,lag_02__T5__molly,T5__molly,True,1.579392433166504,0.0003616153262555599,0.0005711325100050679
88451,1.0,-0.00015884637832641602,9,lag_02__T2__flash,T2__flash,True,2.2263786792755127,-0.0002361421793466434,-0.0005257419133750212
88451,1.0,-0.00015884637832641602,10,lag_02__CT2__has_defuser,CT2__has_defuser,False,1.5125796794891357,0.00034315179800614715,0.0005190444366442587
88451,1.0,-0.00015884637832641602,11,lag_02__CT2__smoke,CT2__smoke,True,1.5045274496078491,0.0003429601201787591,0.0005159929149297499
88451,1.0,-0.00015884637832641602,12,lag_00__T2__smoke,T2__smoke,True,-2.196101427078247,0.0002329307608306408,-0.0005115395762705921
88451,1.0,-0.00015884637832641602,13,lag_02__T3__smoke,T3__smoke,True,1.5118021965026855,0.00032048989669419825,0.0004845173297792077
88451,1.0,-0.00015884637832641602,14,lag_00__T_velocity_mean,T_velocity_mean,False,0.8199187517166138,-0.0005702452035620809,-0.00046755473547700765
88451,1.0,-0.00015884637832641602,15,lag_02__T_walking_count,T_walking_count,False,-0.9998118877410889,0.00044584530405700207,-0.000445761435089731
88451,1.0,-0.00015884637832641602,16,lag_02__CT2__has_helmet,CT2__has_helmet,False,1.108473539352417,0.00034823096939362586,0.00038600481515587565
88451,1.0,-0.00015884637832641602,17,lag_02__T_flash_inv,T_flash_inv,True,2.357091188430786,-0.0001457395701436326,-0.00034352145659124686
88451,1.0,-0.00015884637832641602,18,lag_02__CT4__smoke,CT4__smoke,True,1.5279382467269897,0.0002220002206740901,0.00033920262794977403
88451,1.0,-0.00015884637832641602,19,lag_02__CT_unique_places,CT_unique_places,False,-1.6410033702850342,0.00020125566516071558,-0.0003302612248176906
88451,1.0,-0.00015884637832641602,20,lag_02__T_unique_places,T_unique_places,False,-1.3668794631958008,0.00023743300698697567,-0.0003245423011353221
92355,62.0,-0.00015763367991894484,1,lag_00__T_place_ENTRANCE,T_place_ENTRANCE,False,28.705305099487305,-0.00015671056462451816,-0.004498424569859716
92355,62.0,-0.00015763367991894484,2,lag_12__T_kills_last_3s,T_kills_last_3s,False,-3.1681017875671387,-0.001074817730113864,0.0034051319720825868
92355,62.0,-0.00015763367991894484,3,lag_06__T_place_BACKOFB,T_place_BACKOFB,False,-2.685629367828369,0.0007487287512049079,-0.002010807922773361
92355,62.0,-0.00015763367991894484,4,lag_10__bomb_events_last_5s,bomb_events_last_5s,False,-2.0894012451171875,-0.0009470982477068901,0.0019788682580070827
92355,62.0,-0.00015763367991894484,5,lag_14__T_place_ENTRANCE,T_place_ENTRANCE,False,-28.705305099487305,6.678034696960822e-05,-0.0019169502344122263
92355,62.0,-0.00015763367991894484,6,lag_12__kill_diff_last_3s,kill_diff_last_3s,False,2.4069459438323975,0.000720584241207689,0.001734407316564393
92355,62.0,-0.00015763367991894484,7,lag_11__CT_place_CONNECTOR,CT_place_CONNECTOR,False,-3.575894594192505,-0.000407850748160854,0.0014584312855857665
92355,62.0,-0.00015763367991894484,8,lag_15__T_place_BACKOFB,T_place_BACKOFB,False,2.685629367828369,-0.00051374442409724,-0.0013797271129136202
92355,62.0,-0.00015763367991894484,9,lag_11__CT_velocity_mean,CT_velocity_mean,False,2.19486665725708,-0.0004908438422717154,-0.0010773367833221414
92355,62.0,-0.00015763367991894484,10,lag_06__T5__is_scoped,T5__is_scoped,False,-4.76965856552124,-0.00018988816009368747,0.000905701689281925
92355,62.0,-0.00015763367991894484,11,lag_06__T_damage_last_5s,T_damage_last_5s,False,-1.5585728883743286,-0.0005222397157922387,0.000813948662266098
92355,62.0,-0.00015763367991894484,12,lag_00__CT1__is_walking,CT1__is_walking,False,2.3343825340270996,-0.00034733660868369043,-0.0008108165127394124
92355,62.0,-0.00015763367991894484,13,lag_01__T1__is_walking,T1__is_walking,False,2.281590461730957,0.0003507422807160765,0.0008002502422075619
92355,62.0,-0.00015763367991894484,14,lag_02__T_velocity_mean,T_velocity_mean,False,1.073215126991272,-0.0007164162816479802,-0.000768868790687452
92355,62.0,-0.00015763367991894484,15,lag_03__T2__is_walking,T2__is_walking,False,-2.2968344688415527,0.0003062767500523478,-0.0007034669965250012
92355,62.0,-0.00015763367991894484,16,lag_00__T_macro_B,T_macro_B,False,-1.5607836246490479,-0.0003901141171809286,0.0006088837258404131
92355,62.0,-0.00015763367991894484,17,lag_00__T_place_BOMBSITEB,T_place_BOMBSITEB,False,-1.5607836246490479,-0.0003901141171809286,0.0006088837258404131
92355,62.0,-0.00015763367991894484,18,lag_03__CT_velocity_mean,CT_velocity_mean,False,-1.3811540603637695,-0.0004154558992013335,0.0005738086020840028
92355,62.0,-0.00015763367991894484,19,lag_07__T5__is_scoped,T5__is_scoped,False,4.76965856552124,-0.00011607722262851894,-0.0005536487191720313
92355,62.0,-0.00015763367991894484,20,lag_06__T_place_LONGDOG,T_place_LONGDOG,False,4.653247833251953,-0.00011577632540138438,-0.0005387359353158649
90371,31.0,-0.0001526474952697754,1,lag_05__T5__duck_amount,T5__duck_amount,False,3.7970333099365234,0.0014751291600987315,0.00560111455735357
90371,31.0,-0.0001526474952697754,2,lag_13__CT_place_BACKOFB,CT_place_BACKOFB,False,-5.709421634674072,0.0004632167983800173,-0.0026447000102153284
90371,31.0,-0.0001526474952697754,3,lag_03__T5__duck_amount,T5__duck_amount,False,-3.7970333099365234,0.0005301015335135162,-0.0020128131803992533
90371,31.0,-0.0001526474952697754,4,lag_09__T5__is_scoped,T5__is_scoped,False,-4.76965856552124,0.0002977944095619023,-0.0014203776563312676
90371,31.0,-0.0001526474952697754,5,lag_10__T2__is_walking,T2__is_walking,False,2.2968344688415527,-0.0005949884653091431,-0.0013665900156851762
90371,31.0,-0.0001526474952697754,6,lag_11__T2__duck_amount,T2__duck_amount,False,3.8233180046081543,-0.00033746787812560797,-0.0012902470144145473
90371,31.0,-0.0001526474952697754,7,lag_07__T1__is_walking,T1__is_walking,False,-2.281590461730957,0.0005334814195521176,-0.0012171861183608024
90371,31.0,-0.0001526474952697754,8,lag_03__CT5__is_walking,CT5__is_walking,False,2.396676540374756,-0.0004981851670891047,-0.001193988702725135
90371,31.0,-0.0001526474952697754,9,lag_07__CT5__duck_amount,CT5__duck_amount,False,-3.7749595642089844,0.00026904058177024126,-0.0010156173173139216
90371,31.0,-0.0001526474952697754,10,lag_02__T5__is_walking,T5__is_walking,False,2.3193888664245605,0.0003944423224311322,0.0009148651310934147
90371,31.0,-0.0001526474952697754,11,lag_07__T4__duck_amount,T4__duck_amount,False,3.6976382732391357,0.00022037944290786982,0.0008148834627312584
90371,31.0,-0.0001526474952697754,12,lag_00__CT1__is_walking,CT1__is_walking,False,-2.3343825340270996,-0.00034733660868369043,0.0008108165127394124
90371,31.0,-0.0001526474952697754,13,lag_11__T2__is_walking,T2__is_walking,False,-2.2968344688415527,-0.0003516226715873927,0.0008076190721280768
90371,31.0,-0.0001526474952697754,14,lag_09__CT_walking_count,CT_walking_count,False,-1.7948951721191406,0.0004410576948430389,-0.0007916523270997677
90371,31.0,-0.0001526474952697754,15,lag_03__T_duck_amount_mean,T_duck_amount_mean,False,-3.221140146255493,0.00024080237199086696,-0.0007756581877333309
90371,31.0,-0.0001526474952697754,16,lag_03__T_place_TSIDEUPPER,T_place_TSIDEUPPER,False,-5.04444694519043,0.00014966267917770892,-0.0007549654447870091
90371,31.0,-0.0001526474952697754,17,lag_04__CT2__is_walking,CT2__is_walking,False,2.360051155090332,0.00031794121605344117,0.0007503575341977486
90371,31.0,-0.0001526474952697754,18,lag_03__T_velocity_mean,T_velocity_mean,False,0.7268613576889038,-0.0010220569092780352,-0.0007428936727131574
90371,31.0,-0.0001526474952697754,19,lag_12__CT2__is_walking,CT2__is_walking,False,-2.360051155090332,-0.0003027152270078659,0.000714423421163346
90371,31.0,-0.0001526474952697754,20,lag_02__T_walking_count,T_walking_count,False,1.5941797494888306,0.00044584530405700207,0.000710757555132363
92003,56.5,-0.00014597305562347174,1,lag_05__T_place_ENTRANCE,T_place_ENTRANCE,False,28.705305099487305,-0.00019809548393823206,-0.005686391305277538
92003,56.5,-0.00014597305562347174,2,lag_03__T_place_ENTRANCE,T_place_ENTRANCE,False,-28.705305099487305,-0.00016940664499998093,0.004862869430604988
92003,56.5,-0.00014597305562347174,3,lag_04__T_place_BACKOFB,T_place_BACKOFB,False,2.685629367828369,0.0014587530167773366,0.003917669942265445
92003,56.5,-0.00014597305562347174,4,lag_05__CT_place_ENTRANCE,CT_place_ENTRANCE,False,-8.87263011932373,-0.00028864701744168997,0.0025610582208061006
92003,56.5,-0.00014597305562347174,5,lag_13__CT_place_ENTRANCE,CT_place_ENTRANCE,False,8.87263011932373,0.0002718393807299435,0.0024119302770828077
92003,56.5,-0.00014597305562347174,6,lag_01__T_kills_last_3s,T_kills_last_3s,False,-3.1681017875671387,-0.0007412446429952979,0.002348338478497969
92003,56.5,-0.00014597305562347174,7,lag_01__kill_diff_last_3s,kill_diff_last_3s,False,2.4069459438323975,0.0009214926394633949,0.002217982970827828
92003,56.5,-0.00014597305562347174,8,lag_10__bomb_events_last_5s,bomb_events_last_5s,False,2.0894012451171875,-0.0009470982477068901,-0.0019788682580070827
92003,56.5,-0.00014597305562347174,9,lag_05__T_kills_last_3s,T_kills_last_3s,False,3.1681017875671387,-0.0005178723949939013,-0.0016406724603118539
92003,56.5,-0.00014597305562347174,10,lag_00__CT_place_CONNECTOR,CT_place_CONNECTOR,False,-3.575894594192505,-0.00045775144826620817,0.0016368709293389239
92003,56.5,-0.00014597305562347174,11,lag_10__T_bomb_zone_count,T_bomb_zone_count,False,-5.821373462677002,0.0002497516106814146,-0.001453897398681625
92003,56.5,-0.00014597305562347174,12,lag_04__T_macro_B,T_macro_B,False,-1.5607836246490479,-0.0008855140185914934,0.0013820957796147754
92003,56.5,-0.00014597305562347174,13,lag_04__T_place_BOMBSITEB,T_place_BOMBSITEB,False,-1.5607836246490479,-0.0008855140185914934,0.0013820957796147754
92003,56.5,-0.00014597305562347174,14,lag_05__T_place_BOMBSITEB,T_place_BOMBSITEB,False,-1.5607836246490479,-0.0007512488518841565,0.0011725369060571894
92003,56.5,-0.00014597305562347174,15,lag_05__T_macro_B,T_macro_B,False,-1.5607836246490479,-0.0007512488518841565,0.0011725369060571894
92003,56.5,-0.00014597305562347174,16,lag_04__CT_velocity_mean,CT_velocity_mean,False,3.335768699645996,-0.0003414976818021387,-0.0011391572779572423
92003,56.5,-0.00014597305562347174,17,lag_10__T5__is_scoped,T5__is_scoped,False,-4.76965856552124,0.00023279493325389922,-0.0011103523474044058
92003,56.5,-0.00014597305562347174,18,lag_03__CT_velocity_mean,CT_velocity_mean,False,2.273183584213257,-0.0004154558992013335,-0.0009444075300290289
92003,56.5,-0.00014597305562347174,19,lag_07__T_kills_last_3s,T_kills_last_3s,False,3.1681017875671387,0.00027793212211690843,0.0008805172529009059
92003,56.5,-0.00014597305562347174,20,lag_05__T_damage_last_5s,T_damage_last_5s,False,1.5585728883743286,-0.0005546853062696755,-0.0008645174799315272
92771,68.5,0.00013361324090510607,1,lag_10__T_place_ENTRANCE,T_place_ENTRANCE,False,28.705305099487305,-0.0005317544564604759,-0.01526417391071
92771,68.5,0.00013361324090510607,2,lag_11__T_place_ENTRANCE,T_place_ENTRANCE,False,-28.705305099487305,-0.00030656618764624,0.008800075949571995
92771,68.5,0.00013361324090510607,3,lag_05__T_place_ENTRANCE,T_place_ENTRANCE,False,-28.705305099487305,-0.00019809548393823206,0.005686391305277538
92771,68.5,0.00013361324090510607,4,lag_02__T_place_ELECTRICALBOX,T_place_ELECTRICALBOX,False,26.248428344726562,-0.0001242973085027188,-0.0032626089956759863
92771,68.5,0.00013361324090510607,5,lag_14__T1__is_walking,T1__is_walking,False,2.281590461730957,0.0011821426451206207,0.002697165383512612
92771,68.5,0.00013361324090510607,6,lag_05__T_place_BACKOFB,T_place_BACKOFB,False,-2.685629367828369,0.0008683480555191636,-0.002332061039398925
92771,68.5,0.00013361324090510607,7,lag_00__T_place_ELECTRICALBOX,T_place_ELECTRICALBOX,False,-26.248428344726562,7.296820695046335e-05,-0.001915300751582416
92771,68.5,0.00013361324090510607,8,lag_13__T_place_ENTRANCE,T_place_ENTRANCE,False,28.705305099487305,3.444420508458279e-05,0.000988731415862261
92771,68.5,0.00013361324090510607,9,lag_05__T_place_LONGDOG,T_place_LONGDOG,False,4.653247833251953,-0.0001631157792871818,-0.0007590181465372825
92771,68.5,0.00013361324090510607,10,lag_00__T1__is_walking,T1__is_walking,False,2.281590461730957,0.0002846682909876108,0.0006494964574745854
92771,68.5,0.00013361324090510607,11,lag_10__T_place_BOMBSITEB,T_place_BOMBSITEB,False,-1.5607833862304688,-0.0004048344271723181,0.0006318588481046827
92771,68.5,0.00013361324090510607,12,lag_10__T_macro_B,T_macro_B,False,-1.5607833862304688,-0.0004048344271723181,0.0006318588481046827
92771,68.5,0.00013361324090510607,13,lag_11__T1__is_walking,T1__is_walking,False,-2.281590461730957,-0.00025788924540393054,0.000588397642496602
92771,68.5,0.00013361324090510607,14,lag_06__T_place_LONGDOG,T_place_LONGDOG,False,-4.653247833251953,-0.00011577632540138438,0.0005387359353158649
92771,68.5,0.00013361324090510607,15,lag_13__T_place_BOMBSITEB,T_place_BOMBSITEB,False,-1.5607836246490479,-0.0003399810811970383,0.0005306369042228157
92771,68.5,0.00013361324090510607,16,lag_13__T_macro_B,T_macro_B,False,-1.5607836246490479,-0.0003399810811970383,0.0005306369042228157
92771,68.5,0.00013361324090510607,17,lag_04__CT_velocity_mean,CT_velocity_mean,False,1.4452043771743774,-0.0003414976818021387,-0.0004935339445353536
92771,68.5,0.00013361324090510607,18,lag_11__T_velocity_mean,T_velocity_mean,False,0.7331551313400269,-0.0006714737974107265,-0.0004922944601320478
92771,68.5,0.00013361324090510607,19,lag_03__T_velocity_mean,T_velocity_mean,False,0.46294939517974854,-0.0010220569092780352,-0.0004731606279895495
92771,68.5,0.00013361324090510607,20,lag_04__T_B_site_active_smokes,T_B_site_active_smokes,True,-1.5147855281829834,-0.00030970622901804745,0.00046913851370466303
89795,22.0,0.00011479854583740234,1,lag_15__T_place_BACKOFB,T_place_BACKOFB,False,5.371258735656738,-0.00051374442409724,-0.0027594542258272403
89795,22.0,0.00011479854583740234,2,lag_06__CT4__is_walking,CT4__is_walking,False,-2.384641170501709,0.000867330702021718,-0.0020682725004811386
89795,22.0,0.00011479854583740234,3,lag_14__T2__is_walking,T2__is_walking,False,2.2968344688415527,0.0008073250064626336,0.0018542919024011062
89795,22.0,0.00011479854583740234,4,lag_10__T_place_TSTAIRS,T_place_TSTAIRS,False,-5.668967247009277,-0.00031488449894823134,0.0017850699111284507
89795,22.0,0.00011479854583740234,5,lag_10__T2__is_walking,T2__is_walking,False,2.2968344688415527,-0.0005949884653091431,-0.0013665900156851762
89795,22.0,0.00011479854583740234,6,lag_10__T_utility_damage_last_5s,T_utility_damage_last_5s,True,-5.996406555175781,0.00021814632054883987,-0.0013080940265265406
89795,22.0,0.00011479854583740234,7,lag_05__CT_place_BACKOFB,CT_place_BACKOFB,False,5.709421634674072,0.00020903766562696546,0.0011934841705923613
89795,22.0,0.00011479854583740234,8,lag_03__CT2__duck_amount,CT2__duck_amount,False,3.8097944259643555,0.0002560111752245575,0.0009753499483551031
89795,22.0,0.00011479854583740234,9,lag_10__T_A_site_active_infernos,T_A_site_active_infernos,True,-5.952910423278809,-0.00015465183241758496,0.000920628505177809
89795,22.0,0.00011479854583740234,10,lag_10__T5__flash_duration,T5__flash_duration,True,-5.611483097076416,0.00015989803068805486,-0.0008972650964618259
89795,22.0,0.00011479854583740234,11,lag_14__T_place_TSTAIRS,T_place_TSTAIRS,False,-5.668966770172119,0.00014950173499528319,-0.0008475203677713386
89795,22.0,0.00011479854583740234,12,lag_13__T3__is_walking,T3__is_walking,False,2.3223767280578613,-0.00035011681029573083,-0.0008131031323326543
89795,22.0,0.00011479854583740234,13,lag_01__T3__smoke,T3__smoke,True,2.173264503479004,0.00035450776340439916,0.0007704391384145137
89795,22.0,0.00011479854583740234,14,lag_01__T4__is_walking,T4__is_walking,False,2.307980537414551,0.00032857785117812455,0.0007583512855446062
89795,22.0,0.00011479854583740234,15,lag_12__CT2__is_walking,CT2__is_walking,False,-2.360051155090332,-0.0003027152270078659,0.000714423421163346
89795,22.0,0.00011479854583740234,16,lag_05__T4__is_walking,T4__is_walking,False,2.307980537414551,0.00027825700817629695,0.0006422117592700949
89795,22.0,0.00011479854583740234,17,lag_15__T2__is_walking,T2__is_walking,False,-2.2968344688415527,0.0002757746260613203,-0.0006334086667695304
89795,22.0,0.00011479854583740234,18,lag_10__T_B_site_active_infernos,T_B_site_active_infernos,True,-2.8273046016693115,-0.0002030052273767069,0.0005739576135250883
89795,22.0,0.00011479854583740234,19,lag_06__CT_walking_count,CT_walking_count,False,-0.8974476456642151,0.0006055900012142956,-0.0005434853208275588
89795,22.0,0.00011479854583740234,20,lag_07__T2__is_walking,T2__is_walking,False,-2.2968344688415527,0.00023575712111778557,-0.0005414950820581826
92163,59.0,-0.00010036968160420656,1,lag_08__T_place_ENTRANCE,T_place_ENTRANCE,False,-28.705305099487305,-0.0006312445621006191,0.01812006774749053
92163,59.0,-0.00010036968160420656,2,lag_10__T_place_ENTRANCE,T_place_ENTRANCE,False,28.705305099487305,-0.0005317544564604759,-0.01526417391071
92163,59.0,-0.00010036968160420656,3,lag_01__T5__is_scoped,T5__is_scoped,False,4.76965856552124,-0.0009905442129820585,-0.004724557689977371
92163,59.0,-0.00010036968160420656,4,lag_12__T_kills_last_3s,T_kills_last_3s,False,3.1681017875671387,-0.001074817730113864,-0.0034051319720825868
92163,59.0,-0.00010036968160420656,5,lag_00__T5__is_scoped,T5__is_scoped,False,-4.76965856552124,0.0006973732961341739,-0.003326232515272143
92163,59.0,-0.00010036968160420656,6,lag_04__bomb_events_last_5s,bomb_events_last_5s,False,-2.0894012451171875,-0.0015195802552625537,0.0031750128774010733
92163,59.0,-0.00010036968160420656,7,lag_10__CT_place_ENTRANCE,CT_place_ENTRANCE,False,-8.87263011932373,-0.00032834388548508286,0.002913273847850728
92163,59.0,-0.00010036968160420656,8,lag_13__CT_place_BACKOFB,CT_place_BACKOFB,False,5.709421634674072,0.0004632167983800173,0.0026447000102153284
92163,59.0,-0.00010036968160420656,9,lag_13__CT_place_LONGDOG,CT_place_LONGDOG,False,-6.523001194000244,-0.0003718114166986197,0.0024253263150680188
92163,59.0,-0.00010036968160420656,10,lag_04__T_kills_last_3s,T_kills_last_3s,False,-3.1681017875671387,-0.0006835571257397532,0.0021655785519603676
92163,59.0,-0.00010036968160420656,11,lag_00__damage_diff_last_5s,damage_diff_last_5s,False,1.466386318206787,0.001391412690281868,0.002040348532008629
92163,59.0,-0.00010036968160420656,12,lag_12__T_damage_last_5s,T_damage_last_5s,False,2.3258702754974365,-0.0008603064343333244,-0.0020009611634350666
92163,59.0,-0.00010036968160420656,13,lag_00__T_place_BACKOFB,T_place_BACKOFB,False,-2.685629367828369,-0.0007045218953862786,0.001892084692527496
92163,59.0,-0.00010036968160420656,14,lag_00__T_damage_last_5s,T_damage_last_5s,False,-1.5585728883743286,-0.0011741750640794635,0.0018300374210794418
92163,59.0,-0.00010036968160420656,15,lag_12__kill_diff_last_3s,kill_diff_last_3s,False,-2.4069459438323975,0.000720584241207689,-0.001734407316564393
92163,59.0,-0.00010036968160420656,16,lag_01__T_scoped_count,T_scoped_count,False,2.8811259269714355,-0.00057224091142416,-0.0016486981263779121
92163,59.0,-0.00010036968160420656,17,lag_09__T1__is_walking,T1__is_walking,False,2.281590461730957,0.0005387863493524492,0.0012292897955933912
92163,59.0,-0.00010036968160420656,18,lag_00__T_scoped_count,T_scoped_count,False,-2.8811259269714355,0.000421250268118456,-0.0012136750692197523
92163,59.0,-0.00010036968160420656,19,lag_15__T5__is_scoped,T5__is_scoped,False,-4.76965856552124,-0.0002332222939003259,0.0011123907117722015
92163,59.0,-0.00010036968160420656,20,lag_00__T_place_LONGDOG,T_place_LONGDOG,False,4.653247833251953,-0.0002370654110563919,-0.0011031241103371392
92707,67.5,-7.005810039117932e-05,1,lag_08__T_place_ENTRANCE,T_place_ENTRANCE,False,28.705305099487305,-0.0006312445621006191,-0.01812006774749053
92707,67.5,-7.005810039117932e-05,2,lag_09__T_place_ENTRANCE,T_place_ENTRANCE,False,-28.705305099487305,-0.0006087039946578443,0.01747303388193011
92707,67.5,-7.005810039117932e-05,3,lag_11__T_place_ENTRANCE,T_place_ENTRANCE,False,28.705305099487305,-0.00030656618764624,-0.008800075949571995
92707,67.5,-7.005810039117932e-05,4,lag_03__T_place_ENTRANCE,T_place_ENTRANCE,False,-28.705305099487305,-0.00016940664499998093,0.004862869430604988
92707,67.5,-7.005810039117932e-05,5,lag_00__T_place_ELECTRICALBOX,T_place_ELECTRICALBOX,False,26.248428344726562,7.296820695046335e-05,0.001915300751582416
92707,67.5,-7.005810039117932e-05,6,lag_14__T2__is_walking,T2__is_walking,False,-2.2968344688415527,0.0008073250064626336,-0.0018542919024011062
92707,67.5,-7.005810039117932e-05,7,lag_09__T1__is_walking,T1__is_walking,False,-2.281590461730957,0.0005387863493524492,-0.0012292897955933912
92707,67.5,-7.005810039117932e-05,8,lag_00__T_place_CTSPAWN,T_place_CTSPAWN,False,-4.770146369934082,-0.00023547373712062836,0.0011232441923407777
92707,67.5,-7.005810039117932e-05,9,lag_00__CT1__is_walking,CT1__is_walking,False,-2.3343825340270996,-0.00034733660868369043,0.0008108165127394124
92707,67.5,-7.005810039117932e-05,10,lag_08__T_macro_B,T_macro_B,False,-1.5607833862304688,-0.0004566267889458686,0.0007126955058944784
92707,67.5,-7.005810039117932e-05,11,lag_08__T_place_BOMBSITEB,T_place_BOMBSITEB,False,-1.5607833862304688,-0.0004566267889458686,0.0007126955058944784
92707,67.5,-7.005810039117932e-05,12,lag_03__T_place_LONGDOG,T_place_LONGDOG,False,4.653247833251953,-0.00014202079910319299,-0.0006608579757036437
92707,67.5,-7.005810039117932e-05,13,lag_04__T_place_LONGDOG,T_place_LONGDOG,False,-4.653247833251953,-0.00013557798229157925,0.0006308779523349628
92707,67.5,-7.005810039117932e-05,14,lag_11__T_macro_B,T_macro_B,False,-1.5607836246490479,-0.00040245259879156947,0.0006281414258913348
92707,67.5,-7.005810039117932e-05,15,lag_11__T_place_BOMBSITEB,T_place_BOMBSITEB,False,-1.5607836246490479,-0.00040245259879156947,0.0006281414258913348
92707,67.5,-7.005810039117932e-05,16,lag_11__CT_velocity_mean,CT_velocity_mean,False,-1.2587312459945679,-0.0004908438422717154,0.0006178404811714375
92707,67.5,-7.005810039117932e-05,17,lag_03__CT_velocity_mean,CT_velocity_mean,False,-1.437822699546814,-0.0004154558992013335,0.0005973519225323104
92707,67.5,-7.005810039117932e-05,18,lag_02__T_B_site_active_smokes,T_B_site_active_smokes,True,-1.5147855281829834,-0.0003679877845570445,0.0005574225705951286
92707,67.5,-7.005810039117932e-05,19,lag_11__CT_walking_count,CT_walking_count,False,0.8974475860595703,-0.0005903180572204292,-0.0005297795154598495
92707,67.5,-7.005810039117932e-05,20,lag_02__CT_velocity_mean,CT_velocity_mean,False,1.4452043771743774,-0.00035153559292666614,-0.000508040777630208
92739,68.0,3.209250280633569e-05,1,lag_09__T_place_ENTRANCE,T_place_ENTRANCE,False,28.705305099487305,-0.0006087039946578443,-0.01747303388193011
92739,68.0,3.209250280633569e-05,2,lag_10__T_place_ENTRANCE,T_place_ENTRANCE,False,-28.705305099487305,-0.0005317544564604759,0.01526417391071
92739,68.0,3.209250280633569e-05,3,lag_04__T_place_ENTRANCE,T_place_ENTRANCE,False,-28.705305099487305,-0.00020053873595315963,0.005756525599800971
92739,68.0,3.209250280633569e-05,4,lag_04__T_place_BACKOFB,T_place_BACKOFB,False,-2.685629367828369,0.0014587530167773366,-0.003917669942265445
92739,68.0,3.209250280633569e-05,5,lag_12__T_place_ENTRANCE,T_place_ENTRANCE,False,28.705305099487305,-9.908154606819153e-05,-0.0028441660096163446
92739,68.0,3.209250280633569e-05,6,lag_01__T_place_ELECTRICALBOX,T_place_ELECTRICALBOX,False,26.248428344726562,-9.46477084653452e-05,-0.0024843535936451833
92739,68.0,3.209250280633569e-05,7,lag_10__T1__is_walking,T1__is_walking,False,-2.281590461730957,-0.0007302900194190443,0.0016662227426038068
92739,68.0,3.209250280633569e-05,8,lag_13__T1__is_walking,T1__is_walking,False,2.281590461730957,0.0005743312649428844,0.0013103887359675603
92739,68.0,3.209250280633569e-05,9,lag_05__T_place_LONGDOG,T_place_LONGDOG,False,-4.653247833251953,-0.0001631157792871818,0.0007590181465372825
92739,68.0,3.209250280633569e-05,10,lag_01__T_place_CTSPAWN,T_place_CTSPAWN,False,-4.770146369934082,-0.00014472285693045706,0.0006903492106333092
92739,68.0,3.209250280633569e-05,11,lag_09__T_place_BOMBSITEB,T_place_BOMBSITEB,False,-1.5607833862304688,-0.0004102615057490766,0.0006403293421830547
92739,68.0,3.209250280633569e-05,12,lag_09__T_macro_B,T_macro_B,False,-1.5607833862304688,-0.0004102615057490766,0.0006403293421830547
92739,68.0,3.209250280633569e-05,13,lag_15__T2__is_walking,T2__is_walking,False,-2.2968344688415527,0.0002757746260613203,-0.0006334086667695304
92739,68.0,3.209250280633569e-05,14,lag_04__T_place_LONGDOG,T_place_LONGDOG,False,4.653247833251953,-0.00013557798229157925,-0.0006308779523349628
92739,68.0,3.209250280633569e-05,15,lag_03__CT_velocity_mean,CT_velocity_mean,False,1.4452043771743774,-0.0004154558992013335,-0.0006004186840486841
92739,68.0,3.209250280633569e-05,16,lag_12__T_macro_B,T_macro_B,False,-1.5607836246490479,-0.00037948336102999747,0.0005922914157224027
92739,68.0,3.209250280633569e-05,17,lag_12__T_place_BOMBSITEB,T_place_BOMBSITEB,False,-1.5607836246490479,-0.00037948336102999747,0.0005922914157224027
92739,68.0,3.209250280633569e-05,18,lag_12__CT_velocity_mean,CT_velocity_mean,False,-1.2587312459945679,-0.0004530009173322469,0.0005702064091103014
92739,68.0,3.209250280633569e-05,19,lag_03__T_B_site_active_smokes,T_B_site_active_smokes,True,-1.5147855281829834,-0.00032611345523037016,0.000493991942528714
92739,68.0,3.209250280633569e-05,20,lag_00__T_velocity_mean,T_velocity_mean,False,-0.86557936668396,-0.0005702452035620809,0.0004935924821538318
92259,60.5,-2.4676555767655373e-05,1,lag_11__T_place_ENTRANCE,T_place_ENTRANCE,False,-28.705305099487305,-0.00030656618764624,0.008800075949571995
92259,60.5,-2.4676555767655373e-05,2,lag_13__CT_place_ENTRANCE,CT_place_ENTRANCE,False,-8.87263011932373,0.0002718393807299435,-0.0024119302770828077
92259,60.5,-2.4676555767655373e-05,3,lag_13__T_kills_last_3s,T_kills_last_3s,False,3.1681017875671387,-0.0006141294143162668,-0.0019456244952929247
92259,60.5,-2.4676555767655373e-05,4,lag_14__T4__is_walking,T4__is_walking,False,-2.307980537414551,-0.0007831009570509195,0.0018073817677042303
92259,60.5,-2.4676555767655373e-05,5,lag_12__CT_velocity_mean,CT_velocity_mean,False,3.335768699645996,-0.0004530009173322469,-0.0015111062809478326
92259,60.5,-2.4676555767655373e-05,6,lag_03__T5__is_scoped,T5__is_scoped,False,-4.76965856552124,-0.00029426347464323044,0.0014035363023521263
92259,60.5,-2.4676555767655373e-05,7,lag_05__T_damage_last_5s,T_damage_last_5s,False,-2.3258702754974365,-0.0005546853062696755,0.00129012606610783
92259,60.5,-2.4676555767655373e-05,8,lag_08__CT_place_CONNECTOR,CT_place_CONNECTOR,False,-3.575894594192505,-0.00034727773163467646,0.001241828563235875
92259,60.5,-2.4676555767655373e-05,9,lag_09__T1__is_walking,T1__is_walking,False,-2.281590461730957,0.0005387863493524492,-0.0012292897955933912
92259,60.5,-2.4676555767655373e-05,10,lag_05__CT_damage_last_5s,CT_damage_last_5s,False,-1.7656910419464111,-0.0006591491401195526,0.0011638537320157738
92259,60.5,-2.4676555767655373e-05,11,lag_11__CT_velocity_mean,CT_velocity_mean,False,2.273183584213257,-0.0004908438422717154,-0.0011157781646642245
92259,60.5,-2.4676555767655373e-05,12,lag_04__T5__is_scoped,T5__is_scoped,False,4.76965856552124,-0.00022739746782463044,-0.0010846082801875892
92259,60.5,-2.4676555767655373e-05,13,lag_13__T_place_ENTRANCE,T_place_ENTRANCE,False,28.705305099487305,3.444420508458279e-05,0.000988731415862261
92259,60.5,-2.4676555767655373e-05,14,lag_13__kill_diff_last_3s,kill_diff_last_3s,False,-2.4069459438323975,0.00038388598477467895,-0.000923992813947519
92259,60.5,-2.4676555767655373e-05,15,lag_07__T_kills_last_3s,T_kills_last_3s,False,-3.1681017875671387,0.00027793212211690843,-0.0008805172529009059
92259,60.5,-2.4676555767655373e-05,16,lag_07__kill_diff_last_3s,kill_diff_last_3s,False,2.4069459438323975,-0.00034155562752857804,-0.0008221059322730401
92259,60.5,-2.4676555767655373e-05,17,lag_15__T_kills_last_3s,T_kills_last_3s,False,3.1681017875671387,-0.00025277622626163065,-0.0008008208142739476
92259,60.5,-2.4676555767655373e-05,18,lag_13__T_damage_last_5s,T_damage_last_5s,False,1.5585728883743286,-0.0005053476197645068,-0.0007876210993694593
92259,60.5,-2.4676555767655373e-05,19,lag_03__T_place_LONGDOG,T_place_LONGDOG,False,4.653247833251953,-0.00014202079910319299,-0.0006608579757036437
92259,60.5,-2.4676555767655373e-05,20,lag_15__CT_burning_players,CT_burning_players,False,-2.5675106048583984,-0.0002492879284545779,0.0006400493999703105
92227,60.0,-1.766742207109928e-05,1,lag_10__T_place_ENTRANCE,T_place_ENTRANCE,False,-28.705305099487305,-0.0005317544564604759,0.01526417391071
92227,60.0,-1.766742207109928e-05,2,lag_15__CT_place_LONGDOG,CT_place_LONGDOG,False,-6.523001194000244,-0.00077343377051875,0.005045109408573917
92227,60.0,-1.766742207109928e-05,3,lag_12__T_kills_last_3s,T_kills_last_3s,False,3.1681017875671387,-0.001074817730113864,-0.0034051319720825868
92227,60.0,-1.766742207109928e-05,4,lag_02__T5__is_scoped,T5__is_scoped,False,-4.76965856552124,-0.000631161907222122,0.0030104267970127163
92227,60.0,-1.766742207109928e-05,5,lag_12__T_place_ENTRANCE,T_place_ENTRANCE,False,28.705305099487305,-9.908154606819153e-05,-0.0028441660096163446
92227,60.0,-1.766742207109928e-05,6,lag_12__CT_place_ENTRANCE,CT_place_ENTRANCE,False,-8.87263011932373,0.00027652777498587966,-0.002453528665169291
92227,60.0,-1.766742207109928e-05,7,lag_02__T_place_BACKOFB,T_place_BACKOFB,False,-2.685629367828369,-0.0007645132136531174,0.0020531991386796566
92227,60.0,-1.766742207109928e-05,8,lag_12__kill_diff_last_3s,kill_diff_last_3s,False,-2.4069459438323975,0.000720584241207689,-0.001734407316564393
92227,60.0,-1.766742207109928e-05,9,lag_11__CT_velocity_mean,CT_velocity_mean,False,3.335768699645996,-0.0004908438422717154,-0.0016373415254639645
92227,60.0,-1.766742207109928e-05,10,lag_14__CT_place_BACKOFB,CT_place_BACKOFB,False,-5.709421634674072,0.00028581847436726093,-0.0016318581811419763
92227,60.0,-1.766742207109928e-05,11,lag_06__bomb_events_last_5s,bomb_events_last_5s,False,-2.0894012451171875,0.0007767200004309416,-0.0016228797360078318
92227,60.0,-1.766742207109928e-05,12,lag_03__T5__is_scoped,T5__is_scoped,False,4.76965856552124,-0.00029426347464323044,-0.0014035363023521263
92227,60.0,-1.766742207109928e-05,13,lag_12__T_damage_last_5s,T_damage_last_5s,False,1.5585728883743286,-0.0008603064343333244,-0.0013408502842459091
92227,60.0,-1.766742207109928e-05,14,lag_08__T1__is_walking,T1__is_walking,False,-2.281590461730957,0.0005800139624625444,-0.0013233543244253188
92227,60.0,-1.766742207109928e-05,15,lag_08__T_kills_last_3s,T_kills_last_3s,False,-3.1681017875671387,0.0003603239019867033,-0.0011415427979872411
92227,60.0,-1.766742207109928e-05,16,lag_04__T_damage_last_5s,T_damage_last_5s,False,-2.3258702754974365,-0.00044596323277801275,0.001037252627083124
92227,60.0,-1.766742207109928e-05,17,lag_02__T_scoped_count,T_scoped_count,False,-2.8811259269714355,-0.00035292826942168176,0.0010168307873919674
92227,60.0,-1.766742207109928e-05,18,lag_12__damage_diff_last_5s,damage_diff_last_5s,False,-1.4663864374160767,0.0006579258479177952,-0.0009647735402121271
92227,60.0,-1.766742207109928e-05,19,lag_03__T_velocity_mean,T_velocity_mean,False,-0.855880856513977,-0.0010220569092780352,0.0008747589429189129
92227,60.0,-1.766742207109928e-05,20,lag_08__kill_diff_last_3s,kill_diff_last_3s,False,2.4069459438323975,-0.000362605438567698,-0.0008727716895720883
92675,67.0,1.605215948075056e-05,1,lag_08__T_place_ENTRANCE,T_place_ENTRANCE,False,-28.705305099487305,-0.0006312445621006191,0.01812006774749053
92675,67.0,1.605215948075056e-05,2,lag_10__T_place_ENTRANCE,T_place_ENTRANCE,False,28.705305099487305,-0.0005317544564604759,-0.01526417391071
92675,67.0,1.605215948075056e-05,3,lag_07__T_place_ENTRANCE,T_place_ENTRANCE,False,28.705305099487305,-0.00048222721670754254,-0.01384247938286659
92675,67.0,1.605215948075056e-05,4,lag_02__T_place_ENTRANCE,T_place_ENTRANCE,False,-28.705305099487305,-0.00017230660887435079,0.004946113778396266
92675,67.0,1.605215948075056e-05,5,lag_02__T_place_BACKOFB,T_place_BACKOFB,False,-2.685629367828369,-0.0007645132136531174,0.0020531991386796566
92675,67.0,1.605215948075056e-05,6,lag_08__T1__is_walking,T1__is_walking,False,-2.281590461730957,0.0005800139624625444,-0.0013233543244253188
92675,67.0,1.605215948075056e-05,7,lag_07__T_macro_B,T_macro_B,False,-1.5607833862304688,-0.0006942768231965601,0.0010836157310900596
92675,67.0,1.605215948075056e-05,8,lag_07__T_place_BOMBSITEB,T_place_BOMBSITEB,False,-1.5607833862304688,-0.0006942768231965601,0.0010836157310900596
92675,67.0,1.605215948075056e-05,9,lag_01__T_B_site_active_smokes,T_B_site_active_smokes,True,-1.5147855281829834,-0.000571560172829777,0.000865791078288311
92675,67.0,1.605215948075056e-05,10,lag_01__T_A_site_active_smokes,T_A_site_active_smokes,True,-1.422539234161377,-0.0004825461655855179,0.0006864408528395316
92675,67.0,1.605215948075056e-05,11,lag_02__T_place_LONGDOG,T_place_LONGDOG,False,4.653247833251953,-0.00014571029169019312,-0.0006780260990899012
92675,67.0,1.605215948075056e-05,12,lag_03__T_place_LONGDOG,T_place_LONGDOG,False,-4.653247833251953,-0.00014202079910319299,0.0006608579757036437
92675,67.0,1.605215948075056e-05,13,lag_10__T_place_BOMBSITEB,T_place_BOMBSITEB,False,-1.5607836246490479,-0.0004048344271723181,0.0006318589446247316
92675,67.0,1.605215948075056e-05,14,lag_10__T_macro_B,T_macro_B,False,-1.5607836246490479,-0.0004048344271723181,0.0006318589446247316
92675,67.0,1.605215948075056e-05,15,lag_03__T_velocity_mean,T_velocity_mean,False,-0.611957311630249,-0.0010220569092780352,0.0006254551985349077
92675,67.0,1.605215948075056e-05,16,lag_11__T_velocity_mean,T_velocity_mean,False,-0.891321063041687,-0.0006714737974107265,0.0005984987389127672
92675,67.0,1.605215948075056e-05,17,lag_11__T1__is_walking,T1__is_walking,False,2.281590461730957,-0.00025788924540393054,-0.000588397642496602
92675,67.0,1.605215948075056e-05,18,lag_02__CT_velocity_mean,CT_velocity_mean,False,-1.437822699546814,-0.00035153559292666614,0.000505445855208609
92675,67.0,1.605215948075056e-05,19,lag_02__T_place_CTSPAWN,T_place_CTSPAWN,False,4.770146369934082,-9.169042459689081e-05,-0.00043737674604857335
92675,67.0,1.605215948075056e-05,20,lag_13__CT_velocity_mean,CT_velocity_mean,False,-1.3811540603637695,-0.0003132976999040693,0.0004327123903251351
92323,61.5,-1.3243290595710278e-05,1,lag_14__T1__is_walking,T1__is_walking,False,2.281590461730957,0.0011821426451206207,0.002697165383512612
92323,61.5,-1.3243290595710278e-05,2,lag_05__T_place_BACKOFB,T_place_BACKOFB,False,-2.685629367828369,0.0008683480555191636,-0.002332061039398925
92323,61.5,-1.3243290595710278e-05,3,lag_15__CT_place_ENTRANCE,CT_place_ENTRANCE,False,-8.87263011932373,0.00025220736279152334,-0.002237742643419277
92323,61.5,-1.3243290595710278e-05,4,lag_09__bomb_events_last_5s,bomb_events_last_5s,False,-2.0894012451171875,-0.0009250841103494167,0.001932871892002197
92323,61.5,-1.3243290595710278e-05,5,lag_15__T_place_ENTRANCE,T_place_ENTRANCE,False,28.705305099487305,6.0546186432475224e-05,0.0017379967541546401
92323,61.5,-1.3243290595710278e-05,6,lag_05__T5__is_scoped,T5__is_scoped,False,-4.76965856552124,-0.00024125359777826816,0.0011506972891059328
92323,61.5,-1.3243290595710278e-05,7,lag_11__T_kills_last_3s,T_kills_last_3s,False,-3.1681017875671387,-0.00035100275999866426,0.0011120124713927676
92323,61.5,-1.3243290595710278e-05,8,lag_13__T_place_ENTRANCE,T_place_ENTRANCE,False,-28.705305099487305,3.444420508458279e-05,-0.000988731415862261
92323,61.5,-1.3243290595710278e-05,9,lag_10__CT_place_CONNECTOR,CT_place_CONNECTOR,False,-3.575894594192505,-0.0002647607761900872,0.0009467566283323445
92323,61.5,-1.3243290595710278e-05,10,lag_06__T5__is_scoped,T5__is_scoped,False,4.76965856552124,-0.00018988816009368747,-0.000905701689281925
92323,61.5,-1.3243290595710278e-05,11,lag_11__T_velocity_mean,T_velocity_mean,False,1.309511661529541,-0.0006714737974107265,-0.0008793027681208709
92323,61.5,-1.3243290595710278e-05,12,lag_05__T_damage_last_5s,T_damage_last_5s,False,-1.5585728883743286,-0.0005546853062696755,0.0008645174799315272
92323,61.5,-1.3243290595710278e-05,13,lag_14__T_place_BACKOFB,T_place_BACKOFB,False,2.685629367828369,-0.000298811006359756,-0.0008024956141101103
92323,61.5,-1.3243290595710278e-05,14,lag_15__T_kills_last_3s,T_kills_last_3s,False,3.1681017875671387,-0.00025277622626163065,-0.0008008208142739476
92323,61.5,-1.3243290595710278e-05,15,lag_05__T_place_LONGDOG,T_place_LONGDOG,False,4.653247833251953,-0.0001631157792871818,-0.0007590181465372825
92323,61.5,-1.3243290595710278e-05,16,lag_13__CT_velocity_mean,CT_velocity_mean,False,2.273183584213257,-0.0003132976999040693,-0.0007121831883937016
92323,61.5,-1.3243290595710278e-05,17,lag_00__T1__is_walking,T1__is_walking,False,2.281590461730957,0.0002846682909876108,0.0006494964574745854
92323,61.5,-1.3243290595710278e-05,18,lag_15__CT1__is_walking,CT1__is_walking,False,-2.3343825340270996,0.00027596927247941494,-0.0006442178496041118
92323,61.5,-1.3243290595710278e-05,19,lag_10__CT_velocity_mean,CT_velocity_mean,False,2.19486665725708,-0.00027774207410402596,-0.0006096068177683517
92323,61.5,-1.3243290595710278e-05,20,lag_12__CT_velocity_mean,CT_velocity_mean,False,-1.3209106922149658,-0.0004530009173322469,0.0005983737552873528
92643,66.5,1.3020180631428957e-05,1,lag_09__T_place_ENTRANCE,T_place_ENTRANCE,False,28.705305099487305,-0.0006087039946578443,-0.01747303388193011
92643,66.5,1.3020180631428957e-05,2,lag_07__T_place_ENTRANCE,T_place_ENTRANCE,False,-28.705305099487305,-0.00048222721670754254,0.01384247938286659
92643,66.5,1.3020180631428957e-05,3,lag_06__T_place_ENTRANCE,T_place_ENTRANCE,False,28.705305099487305,-0.0004254034720361233,-0.012211336455178134
92643,66.5,1.3020180631428957e-05,4,lag_01__T_place_ENTRANCE,T_place_ENTRANCE,False,-28.705305099487305,-0.00019202752446290106,0.005512208677206837
92643,66.5,1.3020180631428957e-05,5,lag_01__T_place_BACKOFB,T_place_BACKOFB,False,-2.685629367828369,-0.0007260445272549987,0.0019498865047470892
92643,66.5,1.3020180631428957e-05,6,lag_10__T1__is_walking,T1__is_walking,False,2.281590461730957,-0.0007302900194190443,-0.0016662227426038068
92643,66.5,1.3020180631428957e-05,7,lag_06__T_macro_B,T_macro_B,False,-1.5607833862304688,-0.0009640512871555984,0.0015046752324665569
92643,66.5,1.3020180631428957e-05,8,lag_06__T_place_BOMBSITEB,T_place_BOMBSITEB,False,-1.5607833862304688,-0.0009640512871555984,0.0015046752324665569
92643,66.5,1.3020180631428957e-05,9,lag_00__T_B_site_active_smokes,T_B_site_active_smokes,True,-1.5147855281829834,-0.0009211469441652298,0.0013953400603514687
92643,66.5,1.3020180631428957e-05,10,lag_15__T_place_BACKOFB,T_place_BACKOFB,False,-2.685629367828369,-0.00051374442409724,0.0013797271129136202
92643,66.5,1.3020180631428957e-05,11,lag_07__T1__is_walking,T1__is_walking,False,-2.281590461730957,0.0005334814195521176,-0.0012171861183608024
92643,66.5,1.3020180631428957e-05,12,lag_00__T_A_site_active_smokes,T_A_site_active_smokes,True,-1.422539234161377,-0.0007961964001879096,0.0011326206173653541
92643,66.5,1.3020180631428957e-05,13,lag_15__T5__is_scoped,T5__is_scoped,False,-4.76965856552124,-0.0002332222939003259,0.0011123907117722015
92643,66.5,1.3020180631428957e-05,14,lag_00__CT1__is_walking,CT1__is_walking,False,2.3343825340270996,-0.00034733660868369043,-0.0008108165127394124
92643,66.5,1.3020180631428957e-05,15,lag_01__T_place_LONGDOG,T_place_LONGDOG,False,4.653247833251953,-0.0001662572321947664,-0.0007736361054727636
92643,66.5,1.3020180631428957e-05,16,lag_14__CT_place_TUNNELS,CT_place_TUNNELS,False,3.060441493988037,-0.00024653811124153435,-0.0007545154654930303
92643,66.5,1.3020180631428957e-05,17,lag_11__T_velocity_mean,T_velocity_mean,False,1.073215126991272,-0.0006714737974107265,-0.0007206358367594645
92643,66.5,1.3020180631428957e-05,18,lag_01__T_place_CTSPAWN,T_place_CTSPAWN,False,4.770146369934082,-0.00014472285693045706,-0.0006903492106333092
92643,66.5,1.3020180631428957e-05,19,lag_02__T_place_LONGDOG,T_place_LONGDOG,False,-4.653247833251953,-0.00014571029169019312,0.0006780260990899012
92643,66.5,1.3020180631428957e-05,20,lag_09__T_place_BOMBSITEB,T_place_BOMBSITEB,False,-1.5607836246490479,-0.0004102615057490766,0.00064032943999702
92131,58.5,-1.1733383871614933e-05,1,lag_09__T_place_ENTRANCE,T_place_ENTRANCE,False,28.705305099487305,-0.0006087039946578443,-0.01747303388193011
92131,58.5,-1.1733383871614933e-05,2,lag_07__T_place_ENTRANCE,T_place_ENTRANCE,False,-28.705305099487305,-0.00048222721670754254,0.01384247938286659
92131,58.5,-1.1733383871614933e-05,3,lag_00__T5__is_scoped,T5__is_scoped,False,4.76965856552124,0.0006973732961341739,0.003326232515272143
92131,58.5,-1.1733383871614933e-05,4,lag_03__bomb_events_last_5s,bomb_events_last_5s,False,-2.0894012451171875,-0.0011432892642915249,0.0023887900123398254
92131,58.5,-1.1733383871614933e-05,5,lag_12__CT_place_LONGDOG,CT_place_LONGDOG,False,-6.523001194000244,-0.00035888157435692847,0.002340984938034932
92131,58.5,-1.1733383871614933e-05,6,lag_03__T_kills_last_3s,T_kills_last_3s,False,-3.1681017875671387,-0.0006478170398622751,0.002052350322004126
92131,58.5,-1.1733383871614933e-05,7,lag_09__CT_place_ENTRANCE,CT_place_ENTRANCE,False,-8.87263011932373,0.00023034543846733868,-0.0020437698751941402
92131,58.5,-1.1733383871614933e-05,8,lag_05__T_kills_last_3s,T_kills_last_3s,False,-3.1681017875671387,-0.0005178723949939013,0.0016406724603118539
92131,58.5,-1.1733383871614933e-05,9,lag_08__T1__is_walking,T1__is_walking,False,2.281590461730957,0.0005800139624625444,0.0013233543244253188
92131,58.5,-1.1733383871614933e-05,10,lag_00__T_scoped_count,T_scoped_count,False,2.8811259269714355,0.000421250268118456,0.0012136750692197523
92131,58.5,-1.1733383871614933e-05,11,lag_11__T_kills_last_3s,T_kills_last_3s,False,3.1681017875671387,-0.00035100275999866426,-0.0011120124713927676
92131,58.5,-1.1733383871614933e-05,12,lag_07__T_place_BOMBSITEB,T_place_BOMBSITEB,False,1.5607836246490479,-0.0006942768231965601,-0.0010836158966185533
92131,58.5,-1.1733383871614933e-05,13,lag_07__T_macro_B,T_macro_B,False,1.5607836246490479,-0.0006942768231965601,-0.0010836158966185533
92131,58.5,-1.1733383871614933e-05,14,lag_01__T_damage_last_5s,T_damage_last_5s,False,-2.3258702754974365,-0.00043517633457668126,0.0010121637011918302
92131,58.5,-1.1733383871614933e-05,15,lag_03__kill_diff_last_3s,kill_diff_last_3s,False,2.4069459438323975,0.0003843429731205106,0.0009250927601928971
92131,58.5,-1.1733383871614933e-05,16,lag_11__T_damage_last_5s,T_damage_last_5s,False,2.3258702754974365,-0.00037130870623514056,-0.0008636158828657231
92131,58.5,-1.1733383871614933e-05,17,lag_04__CT_velocity_mean,CT_velocity_mean,False,2.19486665725708,-0.0003414976818021387,-0.0007495418753181021
92131,58.5,-1.1733383871614933e-05,18,lag_01__CT_damage_last_5s,CT_damage_last_5s,False,-1.7656910419464111,0.00040785211604088545,-0.0007201408277322796
92131,58.5,-1.1733383871614933e-05,19,lag_10__T4__is_walking,T4__is_walking,False,-2.307980537414551,0.00030948067433200777,-0.0007142753730642049
92131,58.5,-1.1733383871614933e-05,20,lag_08__T_place_BOMBSITEB,T_place_BOMBSITEB,False,-1.5607836246490479,-0.0004566267889458686,0.0007126956147627886
92547,65.0,9.812822099775076e-06,1,lag_06__T_place_ENTRANCE,T_place_ENTRANCE,False,28.705305099487305,-0.0004254034720361233,-0.012211336455178134
92547,65.0,9.812822099775076e-06,2,lag_04__T_place_ENTRANCE,T_place_ENTRANCE,False,-28.705305099487305,-0.00020053873595315963,0.005756525599800971
92547,65.0,9.812822099775076e-06,3,lag_03__T_place_ENTRANCE,T_place_ENTRANCE,False,28.705305099487305,-0.00016940664499998093,-0.004862869430604988
92547,65.0,9.812822099775076e-06,4,lag_06__T_macro_B,T_macro_B,False,-1.5607836246490479,-0.0009640512871555984,0.001504675462314295
92547,65.0,9.812822099775076e-06,5,lag_06__T_place_BOMBSITEB,T_place_BOMBSITEB,False,-1.5607836246490479,-0.0009640512871555984,0.001504675462314295
92547,65.0,9.812822099775076e-06,6,lag_12__T_damage_last_5s,T_damage_last_5s,False,-1.5585728883743286,-0.0008603064343333244,0.0013408502842459091
92547,65.0,9.812822099775076e-06,7,lag_07__T1__is_walking,T1__is_walking,False,2.281590461730957,0.0005334814195521176,0.0012171861183608024
92547,65.0,9.812822099775076e-06,8,lag_13__T5__is_scoped,T5__is_scoped,False,4.76965856552124,0.00023412099108099937,0.0011166771904778106
92547,65.0,9.812822099775076e-06,9,lag_12__damage_diff_last_5s,damage_diff_last_5s,False,1.466386318206787,0.0006579258479177952,0.0009647734617812542
92547,65.0,9.812822099775076e-06,10,lag_15__CT_A_site_active_infernos,CT_A_site_active_infernos,True,-3.5290780067443848,-0.00019270085613243282,0.0006800563532577825
92547,65.0,9.812822099775076e-06,11,lag_12__CT_velocity_mean,CT_velocity_mean,False,-1.4837888479232788,-0.0004530009173322469,0.0006721577092366031
92547,65.0,9.812822099775076e-06,12,lag_14__T_damage_last_5s,T_damage_last_5s,False,-2.3258702754974365,-0.0002836744242813438,0.0006597899113548258
92547,65.0,9.812822099775076e-06,13,lag_09__T2__is_walking,T2__is_walking,False,-2.2968344688415527,-0.00026042977697215974,0.0005981640884623746
92547,65.0,9.812822099775076e-06,14,lag_03__T_place_BOMBSITEB,T_place_BOMBSITEB,False,-1.5607833862304688,-0.000367584521882236,0.0005737198147892641
92547,65.0,9.812822099775076e-06,15,lag_03__T_macro_B,T_macro_B,False,-1.5607833862304688,-0.000367584521882236,0.0005737198147892641
92547,65.0,9.812822099775076e-06,16,lag_04__T1__is_walking,T1__is_walking,False,-2.281590461730957,-0.00023876962950453162,0.0005447745092285738
92547,65.0,9.812822099775076e-06,17,lag_06__CT_walking_count,CT_walking_count,False,0.8974475860595703,0.0006055900012142956,0.0005434852847315819
92547,65.0,9.812822099775076e-06,18,lag_02__T_velocity_mean,T_velocity_mean,False,-0.6876420974731445,-0.0007164162816479802,0.0004926379945763282
92547,65.0,9.812822099775076e-06,19,lag_12__T_place_BACKOFB,T_place_BACKOFB,False,-2.685629367828369,-0.00017640100850258023,0.0004737477289490713
92547,65.0,9.812822099775076e-06,20,lag_13__T_scoped_count,T_scoped_count,False,2.8811259269714355,0.00016242889978457242,0.00046797811445877663
92579,65.5,-9.550945833325386e-06,1,lag_07__T_place_ENTRANCE,T_place_ENTRANCE,False,28.705305099487305,-0.00048222721670754254,-0.01384247938286659
92579,65.5,-9.550945833325386e-06,2,lag_04__T_place_ENTRANCE,T_place_ENTRANCE,False,28.705305099487305,-0.00020053873595315963,-0.005756525599800971
92579,65.5,-9.550945833325386e-06,3,lag_05__T_place_ENTRANCE,T_place_ENTRANCE,False,-28.705305099487305,-0.00019809548393823206,0.005686391305277538
92579,65.5,-9.550945833325386e-06,4,lag_04__T_macro_B,T_macro_B,False,-1.5607833862304688,-0.0008855140185914934,0.0013820955684917813
92579,65.5,-9.550945833325386e-06,5,lag_04__T_place_BOMBSITEB,T_place_BOMBSITEB,False,-1.5607833862304688,-0.0008855140185914934,0.0013820955684917813
92579,65.5,-9.550945833325386e-06,6,lag_10__T2__is_walking,T2__is_walking,False,-2.2968344688415527,-0.0005949884653091431,0.0013665900156851762
92579,65.5,-9.550945833325386e-06,7,lag_08__T1__is_walking,T1__is_walking,False,2.281590461730957,0.0005800139624625444,0.0013233543244253188
92579,65.5,-9.550945833325386e-06,8,lag_13__T5__is_scoped,T5__is_scoped,False,-4.76965856552124,0.00023412099108099937,-0.0011166771904778106
92579,65.5,-9.550945833325386e-06,9,lag_00__T_place_LONGDOG,T_place_LONGDOG,False,-4.653247833251953,-0.0002370654110563919,0.0011031241103371392
92579,65.5,-9.550945833325386e-06,10,lag_07__T_macro_B,T_macro_B,False,-1.5607836246490479,-0.0006942768231965601,0.0010836158966185533
92579,65.5,-9.550945833325386e-06,11,lag_07__T_place_BOMBSITEB,T_place_BOMBSITEB,False,-1.5607836246490479,-0.0006942768231965601,0.0010836158966185533
92579,65.5,-9.550945833325386e-06,12,lag_13__T_place_BACKOFB,T_place_BACKOFB,False,-2.685629367828369,-0.00038829795084893703,0.001042824380267482
92579,65.5,-9.550945833325386e-06,13,lag_13__T_damage_last_5s,T_damage_last_5s,False,-1.5585728883743286,-0.0005053476197645068,0.0007876210993694593
92579,65.5,-9.550945833325386e-06,14,lag_03__T_velocity_mean,T_velocity_mean,False,-0.6876420974731445,-0.0010220569092780352,0.0007028093568328675
92579,65.5,-9.550945833325386e-06,15,lag_12__CT_place_TUNNELS,CT_place_TUNNELS,False,3.060441493988037,-0.00021485946490429342,-0.000657564821769166
92579,65.5,-9.550945833325386e-06,16,lag_15__T_damage_last_5s,T_damage_last_5s,False,-2.3258702754974365,-0.0002642219187691808,0.0006145459070001358
92579,65.5,-9.550945833325386e-06,17,lag_07__CT_walking_count,CT_walking_count,False,0.8974475860595703,0.0005949520855210721,0.0005339383129719932
92579,65.5,-9.550945833325386e-06,18,lag_09__T_velocity_mean,T_velocity_mean,False,1.073215126991272,-0.0004715573159046471,-0.0005060824446722692
92579,65.5,-9.550945833325386e-06,19,lag_13__T_scoped_count,T_scoped_count,False,-2.8811259269714355,0.00016242889978457242,-0.00046797811445877663
92579,65.5,-9.550945833325386e-06,20,lag_13__CT_velocity_mean,CT_velocity_mean,False,-1.4837888479232788,-0.0003132976999040693,0.00046486763319767213
92195,59.5,-9.124749340116978e-06,1,lag_09__T_place_ENTRANCE,T_place_ENTRANCE,False,-28.705305099487305,-0.0006087039946578443,0.01747303388193011
92195,59.5,-9.124749340116978e-06,2,lag_11__T_place_ENTRANCE,T_place_ENTRANCE,False,28.705305099487305,-0.00030656618764624,-0.008800075949571995
92195,59.5,-9.124749340116978e-06,3,lag_01__T5__is_scoped,T5__is_scoped,False,-4.76965856552124,-0.0009905442129820585,0.004724557689977371
92195,59.5,-9.124749340116978e-06,4,lag_14__CT_place_LONGDOG,CT_place_LONGDOG,False,-6.523001194000244,-0.0005753655568696558,0.0037531102144473805
92195,59.5,-9.124749340116978e-06,5,lag_02__T5__is_scoped,T5__is_scoped,False,4.76965856552124,-0.000631161907222122,-0.0030104267970127163
92195,59.5,-9.124749340116978e-06,6,lag_11__CT_place_ENTRANCE,CT_place_ENTRANCE,False,-8.87263011932373,0.00032038611243478954,-0.002842667471001953
92195,59.5,-9.124749340116978e-06,7,lag_13__CT_place_BACKOFB,CT_place_BACKOFB,False,-5.709421634674072,0.0004632167983800173,-0.0026447000102153284
92195,59.5,-9.124749340116978e-06,8,lag_12__T4__is_walking,T4__is_walking,False,-2.307980537414551,0.0010799213778227568,-0.0024924375219528283
92195,59.5,-9.124749340116978e-06,9,lag_01__T_place_BACKOFB,T_place_BACKOFB,False,-2.685629367828369,-0.0007260445272549987,0.0019498865047470892
92195,59.5,-9.124749340116978e-06,10,lag_13__T_kills_last_3s,T_kills_last_3s,False,3.1681017875671387,-0.0006141294143162668,-0.0019456244952929247
92195,59.5,-9.124749340116978e-06,11,lag_10__T1__is_walking,T1__is_walking,False,2.281590461730957,-0.0007302900194190443,-0.0016662227426038068
92195,59.5,-9.124749340116978e-06,12,lag_01__T_scoped_count,T_scoped_count,False,-2.8811259269714355,-0.00057224091142416,0.0016486981263779121
92195,59.5,-9.124749340116978e-06,13,lag_05__T_kills_last_3s,T_kills_last_3s,False,-3.1681017875671387,-0.0005178723949939013,0.0016406724603118539
92195,59.5,-9.124749340116978e-06,14,lag_14__CT_place_BACKOFB,CT_place_BACKOFB,False,5.709421634674072,0.00028581847436726093,0.0016318581811419763
92195,59.5,-9.124749340116978e-06,15,lag_05__bomb_events_last_5s,bomb_events_last_5s,False,-2.0894012451171875,-0.000661213940475136,0.0013815412305175911
92195,59.5,-9.124749340116978e-06,16,lag_01__damage_diff_last_5s,damage_diff_last_5s,False,1.466386318206787,0.0008315295563079417,0.0012193435645545259
92195,59.5,-9.124749340116978e-06,17,lag_07__T1__is_walking,T1__is_walking,False,-2.281590461730957,0.0005334814195521176,-0.0012171861183608024
92195,59.5,-9.124749340116978e-06,18,lag_13__T_damage_last_5s,T_damage_last_5s,False,2.3258702754974365,-0.0005053476197645068,-0.0011753730076036473
92195,59.5,-9.124749340116978e-06,19,lag_11__T_kills_last_3s,T_kills_last_3s,False,3.1681017875671387,-0.00035100275999866426,-0.0011120124713927676
92195,59.5,-9.124749340116978e-06,20,lag_02__T_scoped_count,T_scoped_count,False,2.8811259269714355,-0.00035292826942168176,-0.0010168307873919674
92387,62.5,-7.884867954999208e-06,1,lag_01__T_place_ENTRANCE,T_place_ENTRANCE,False,28.705305099487305,-0.00019202752446290106,-0.005512208677206837
92387,62.5,-7.884867954999208e-06,2,lag_13__T_kills_last_3s,T_kills_last_3s,False,-3.1681017875671387,-0.0006141294143162668,0.0019456244952929247
92387,62.5,-7.884867954999208e-06,3,lag_15__T_place_ENTRANCE,T_place_ENTRANCE,False,-28.705305099487305,6.0546186432475224e-05,-0.0017379967541546401
92387,62.5,-7.884867954999208e-06,4,lag_13__T1__is_walking,T1__is_walking,False,-2.281590461730957,0.0005743312649428844,-0.0013103887359675603
92387,62.5,-7.884867954999208e-06,5,lag_02__T1__is_walking,T1__is_walking,False,2.281590461730957,0.0005318687180988491,0.0012135065941074052
92387,62.5,-7.884867954999208e-06,6,lag_11__bomb_events_last_5s,bomb_events_last_5s,False,-2.0894012451171875,-0.0005411767051555216,0.001130735281580364
92387,62.5,-7.884867954999208e-06,7,lag_11__T_kills_last_3s,T_kills_last_3s,False,-3.1681017875671387,-0.00035100275999866426,0.0011120124713927676
92387,62.5,-7.884867954999208e-06,8,lag_03__T_velocity_mean,T_velocity_mean,False,1.073215126991272,-0.0010220569092780352,-0.0010968869356831334
92387,62.5,-7.884867954999208e-06,9,lag_12__CT_velocity_mean,CT_velocity_mean,False,2.19486665725708,-0.0004530009173322469,-0.0009942766091594196
92387,62.5,-7.884867954999208e-06,10,lag_13__kill_diff_last_3s,kill_diff_last_3s,False,2.4069459438323975,0.00038388598477467895,0.000923992813947519
92387,62.5,-7.884867954999208e-06,11,lag_12__CT_place_CONNECTOR,CT_place_CONNECTOR,False,-3.575894594192505,-0.000251975521678105,0.000901037905837572
92387,62.5,-7.884867954999208e-06,12,lag_07__T_place_LONGDOG,T_place_LONGDOG,False,4.653247833251953,-0.00016334769316017628,-0.0007600972992642951
92387,62.5,-7.884867954999208e-06,13,lag_11__CT_velocity_mean,CT_velocity_mean,False,-1.4059498310089111,-0.0004908438422717154,0.0006901018170936829
92387,62.5,-7.884867954999208e-06,14,lag_02__T_velocity_mean,T_velocity_mean,False,-0.891321063041687,-0.0007164162816479802,0.0006385569217388504
92387,62.5,-7.884867954999208e-06,15,lag_07__T5__is_scoped,T5__is_scoped,False,-4.76965856552124,-0.00011607722262851894,0.0005536487191720313
92387,62.5,-7.884867954999208e-06,16,lag_10__T_velocity_mean,T_velocity_mean,False,-0.9616838693618774,-0.000568096642382443,0.0005463293772178385
92387,62.5,-7.884867954999208e-06,17,lag_04__T2__is_walking,T2__is_walking,False,-2.2968344688415527,0.00023615307873114944,-0.000542404531152757
92387,62.5,-7.884867954999208e-06,18,lag_07__T_place_BACKOFB,T_place_BACKOFB,False,-2.685629367828369,0.0001854522997746244,-0.0004980561426060418
92387,62.5,-7.884867954999208e-06,19,lag_04__CT_velocity_mean,CT_velocity_mean,False,-1.3811540603637695,-0.0003414976818021387,0.0004716609098258384
92387,62.5,-7.884867954999208e-06,20,lag_09__CT_damage_last_5s,CT_damage_last_5s,False,-1.7656910419464111,-0.00023729124222882092,0.00041898302073576504
92515,64.5,7.383117917925119e-06,1,lag_05__T_place_ENTRANCE,T_place_ENTRANCE,False,28.705305099487305,-0.00019809548393823206,-0.005686391305277538
92515,64.5,7.383117917925119e-06,2,lag_02__T_place_ENTRANCE,T_place_ENTRANCE,False,28.705305099487305,-0.00017230660887435079,-0.004946113778396266
92515,64.5,7.383117917925119e-06,3,lag_03__T_place_ENTRANCE,T_place_ENTRANCE,False,-28.705305099487305,-0.00016940664499998093,0.004862869430604988
92515,64.5,7.383117917925119e-06,4,lag_13__T_damage_last_5s,T_damage_last_5s,False,-2.3258702754974365,-0.0005053476197645068,0.0011753730076036473
92515,64.5,7.383117917925119e-06,5,lag_05__T_place_BOMBSITEB,T_place_BOMBSITEB,False,-1.5607836246490479,-0.0007512488518841565,0.0011725369060571894
92515,64.5,7.383117917925119e-06,6,lag_05__T_macro_B,T_macro_B,False,-1.5607836246490479,-0.0007512488518841565,0.0011725369060571894
92515,64.5,7.383117917925119e-06,7,lag_11__T5__is_scoped,T5__is_scoped,False,-4.76965856552124,0.0001927924604387954,-0.0009195542102998153
92515,64.5,7.383117917925119e-06,8,lag_15__T_kills_last_3s,T_kills_last_3s,False,-3.1681017875671387,-0.00025277622626163065,0.0008008208142739476
92515,64.5,7.383117917925119e-06,9,lag_03__T_velocity_mean,T_velocity_mean,False,0.7331551313400269,-0.0010220569092780352,-0.0007493262675587198
92515,64.5,7.383117917925119e-06,10,lag_11__CT_velocity_mean,CT_velocity_mean,False,-1.4837888479232788,-0.0004908438422717154,0.0007283086192345842
92515,64.5,7.383117917925119e-06,11,lag_06__T1__is_walking,T1__is_walking,False,2.281590461730957,0.0002959349367301911,0.0006752023289365583
92515,64.5,7.383117917925119e-06,12,lag_11__T_damage_last_5s,T_damage_last_5s,False,-1.5585728883743286,-0.00037130870623514056,0.0005787116827554381
92515,64.5,7.383117917925119e-06,13,lag_15__bomb_events_last_5s,bomb_events_last_5s,False,-2.0894012451171875,-0.0002688986132852733,0.0005618370974085352
92515,64.5,7.383117917925119e-06,14,lag_12__CT_velocity_mean,CT_velocity_mean,False,1.2114059925079346,-0.0004530009173322469,-0.0005487680258678754
92515,64.5,7.383117917925119e-06,15,lag_11__T_place_BACKOFB,T_place_BACKOFB,False,-2.685629367828369,-0.0002010483294725418,0.0005399412979842921
92515,64.5,7.383117917925119e-06,16,lag_12__T5__is_scoped,T5__is_scoped,False,4.76965856552124,9.344391582999378e-05,0.00044569557353437567
92515,64.5,7.383117917925119e-06,17,lag_11__T_scoped_count,T_scoped_count,False,-2.8811259269714355,0.00014004607510287315,-0.0004034903779494767
92515,64.5,7.383117917925119e-06,18,lag_15__kill_diff_last_3s,kill_diff_last_3s,False,2.4069459438323975,0.00015271206211764365,0.0003675696784883435
92515,64.5,7.383117917925119e-06,19,lag_03__T_place_CTSPAWN,T_place_CTSPAWN,False,4.77014684677124,-7.368739898083732e-05,-0.0003514997138952154
92515,64.5,7.383117917925119e-06,20,lag_03__T_walking_count,T_walking_count,False,-0.7970898747444153,0.0004396236618049443,-0.0003504195695227842
90435,32.0,5.662441253662109e-06,1,lag_05__T5__duck_amount,T5__duck_amount,False,-3.7970333099365234,0.0014751291600987315,-0.00560111455735357
90435,32.0,5.662441253662109e-06,2,lag_05__T_place_BACKOFB,T_place_BACKOFB,False,5.37125825881958,0.0008683480555191636,0.004664121664737231
90435,32.0,5.662441253662109e-06,3,lag_07__T5__duck_amount,T5__duck_amount,False,3.7970333099365234,-0.0007908621919341385,-0.003002930086343336
90435,32.0,5.662441253662109e-06,4,lag_11__T5__is_walking,T5__is_walking,False,2.3193888664245605,0.0008092483039945364,0.001876961506457886
90435,32.0,5.662441253662109e-06,5,lag_05__T_duck_amount_mean,T_duck_amount_mean,False,-3.221140146255493,0.0004684114537667483,-0.0015088189386939718
90435,32.0,5.662441253662109e-06,6,lag_10__T2__is_walking,T2__is_walking,False,-2.2968344688415527,-0.0005949884653091431,0.0013665900156851762
90435,32.0,5.662441253662109e-06,7,lag_13__CT2__duck_amount,CT2__duck_amount,False,-2.545534133911133,-0.00048722009523771703,0.0012402353831550417
90435,32.0,5.662441253662109e-06,8,lag_09__T1__is_walking,T1__is_walking,False,-2.281590461730957,0.0005387863493524492,-0.0012292897955933912
90435,32.0,5.662441253662109e-06,9,lag_07__T1__is_walking,T1__is_walking,False,2.281590461730957,0.0005334814195521176,0.0012171861183608024
90435,32.0,5.662441253662109e-06,10,lag_04__T5__is_walking,T5__is_walking,False,2.3193888664245605,0.0004941538791172206,0.0011461350055249897
90435,32.0,5.662441253662109e-06,11,lag_07__T5__is_walking,T5__is_walking,False,-2.3193888664245605,-0.0004835304862353951,0.0011214952263512296
90435,32.0,5.662441253662109e-06,12,lag_14__CT2__duck_amount,CT2__duck_amount,False,2.95105242729187,-0.00036184501368552446,-0.001067823605940127
90435,32.0,5.662441253662109e-06,13,lag_11__CT_walking_count,CT_walking_count,False,-1.7948951721191406,-0.0005903180572204292,0.001059559030919699
90435,32.0,5.662441253662109e-06,14,lag_15__T2__duck_amount,T2__duck_amount,False,-3.8233180046081543,0.00025701397680677474,-0.0009826461649612844
90435,32.0,5.662441253662109e-06,15,lag_00__T5__is_walking,T5__is_walking,False,-2.3193888664245605,0.0004155206261202693,-0.000963753913993115
90435,32.0,5.662441253662109e-06,16,lag_05__CT5__is_walking,CT5__is_walking,False,2.396676540374756,0.00039863071287982166,0.0009553888778319336
90435,32.0,5.662441253662109e-06,17,lag_11__T5__is_scoped,T5__is_scoped,False,-4.76965856552124,0.0001927924604387954,-0.0009195542102998153
90435,32.0,5.662441253662109e-06,18,lag_05__CT2__is_walking,CT2__is_walking,False,-2.360051155090332,0.000348549714544788,-0.0008225951564178324
90435,32.0,5.662441253662109e-06,19,lag_12__CT2__is_walking,CT2__is_walking,False,2.360051155090332,-0.0003027152270078659,-0.000714423421163346
90435,32.0,5.662441253662109e-06,20,lag_01__T_A_site_active_smokes,T_A_site_active_smokes,True,-1.422539234161377,-0.0004825461655855179,0.0006864408528395316
92291,61.0,-5.492882337421179e-06,1,lag_04__T_place_BACKOFB,T_place_BACKOFB,False,-2.685629367828369,0.0014587530167773366,-0.003917669942265445
92291,61.0,-5.492882337421179e-06,2,lag_12__T_place_ENTRANCE,T_place_ENTRANCE,False,-28.705305099487305,-9.908154606819153e-05,0.0028441660096163446
92291,61.0,-5.492882337421179e-06,3,lag_14__T_place_ENTRANCE,T_place_ENTRANCE,False,28.705305099487305,6.678034696960822e-05,0.0019169502344122263
92291,61.0,-5.492882337421179e-06,4,lag_10__T1__is_walking,T1__is_walking,False,-2.281590461730957,-0.0007302900194190443,0.0016662227426038068
92291,61.0,-5.492882337421179e-06,5,lag_08__bomb_events_last_5s,bomb_events_last_5s,False,-2.0894012451171875,-0.0006307293078862131,0.0013178466012293555
92291,61.0,-5.492882337421179e-06,6,lag_13__T1__is_walking,T1__is_walking,False,2.281590461730957,0.0005743312649428844,0.0013103887359675603
92291,61.0,-5.492882337421179e-06,7,lag_06__T_damage_last_5s,T_damage_last_5s,False,-2.3258702754974365,-0.0005222397157922387,0.0012146618316453972
92291,61.0,-5.492882337421179e-06,8,lag_05__T5__is_scoped,T5__is_scoped,False,4.76965856552124,-0.00024125359777826816,-0.0011506972891059328
92291,61.0,-5.492882337421179e-06,9,lag_08__T_kills_last_3s,T_kills_last_3s,False,-3.1681017875671387,0.0003603239019867033,-0.0011415427979872411
92291,61.0,-5.492882337421179e-06,10,lag_14__CT_place_ENTRANCE,CT_place_ENTRANCE,False,-8.87263011932373,0.0001262287696590647,-0.001119981183602195
92291,61.0,-5.492882337421179e-06,11,lag_04__T5__is_scoped,T5__is_scoped,False,-4.76965856552124,-0.00022739746782463044,0.0010846082801875892
92291,61.0,-5.492882337421179e-06,12,lag_13__CT_velocity_mean,CT_velocity_mean,False,3.335768699645996,-0.0003132976999040693,-0.0010450886610110788
92291,61.0,-5.492882337421179e-06,13,lag_13__T_place_BACKOFB,T_place_BACKOFB,False,2.685629367828369,-0.00038829795084893703,-0.001042824380267482
92291,61.0,-5.492882337421179e-06,14,lag_12__CT_velocity_mean,CT_velocity_mean,False,2.273183584213257,-0.0004530009173322469,-0.0010297542489132103
92291,61.0,-5.492882337421179e-06,15,lag_08__kill_diff_last_3s,kill_diff_last_3s,False,2.4069459438323975,-0.000362605438567698,-0.0008727716895720883
92291,61.0,-5.492882337421179e-06,16,lag_10__T_velocity_mean,T_velocity_mean,False,1.309511661529541,-0.000568096642382443,-0.0007439291780755863
92291,61.0,-5.492882337421179e-06,17,lag_06__CT_damage_last_5s,CT_damage_last_5s,False,-1.7656910419464111,-0.00041310355300083756,0.0007294132429298134
92291,61.0,-5.492882337421179e-06,18,lag_14__T_kills_last_3s,T_kills_last_3s,False,3.1681017875671387,-0.00022979122877586633,-0.0007280020026520714
92291,61.0,-5.492882337421179e-06,19,lag_04__T_damage_last_5s,T_damage_last_5s,False,-1.5585728883743286,-0.00044596323277801275,0.0006950662038195804
92291,61.0,-5.492882337421179e-06,20,lag_11__CT_velocity_mean,CT_velocity_mean,False,-1.3209106922149658,-0.0004908438422717154,0.0006483608794645851
92483,64.0,-4.0344311855733395e-06,1,lag_04__T_place_ENTRANCE,T_place_ENTRANCE,False,28.705305099487305,-0.00020053873595315963,-0.005756525599800971
92483,64.0,-4.0344311855733395e-06,2,lag_01__T_place_ENTRANCE,T_place_ENTRANCE,False,28.705305099487305,-0.00019202752446290106,-0.005512208677206837
92483,64.0,-4.0344311855733395e-06,3,lag_02__T_place_ENTRANCE,T_place_ENTRANCE,False,-28.705305099487305,-0.00017230660887435079,0.004946113778396266
92483,64.0,-4.0344311855733395e-06,4,lag_12__T_damage_last_5s,T_damage_last_5s,False,-2.3258702754974365,-0.0008603064343333244,0.0020009611634350666
92483,64.0,-4.0344311855733395e-06,5,lag_04__T_place_BOMBSITEB,T_place_BOMBSITEB,False,-1.5607836246490479,-0.0008855140185914934,0.0013820957796147754
92483,64.0,-4.0344311855733395e-06,6,lag_04__T_macro_B,T_macro_B,False,-1.5607836246490479,-0.0008855140185914934,0.0013820957796147754
92483,64.0,-4.0344311855733395e-06,7,lag_02__T1__is_walking,T1__is_walking,False,-2.281590461730957,0.0005318687180988491,-0.0012135065941074052
92483,64.0,-4.0344311855733395e-06,8,lag_10__T5__is_scoped,T5__is_scoped,False,-4.76965856552124,0.00023279493325389922,-0.0011103523474044058
92483,64.0,-4.0344311855733395e-06,9,lag_11__T5__is_scoped,T5__is_scoped,False,4.76965856552124,0.0001927924604387954,0.0009195542102998153
92483,64.0,-4.0344311855733395e-06,10,lag_14__T_kills_last_3s,T_kills_last_3s,False,-3.1681017875671387,-0.00022979122877586633,0.0007280020026520714
92483,64.0,-4.0344311855733395e-06,11,lag_11__CT_velocity_mean,CT_velocity_mean,False,1.2114059925079346,-0.0004908438422717154,-0.0005946111719135755
92483,64.0,-4.0344311855733395e-06,12,lag_11__T_velocity_mean,T_velocity_mean,False,-0.855880856513977,-0.0006714737974107265,0.0005747015688545853
92483,64.0,-4.0344311855733395e-06,13,lag_15__CT_place_CONNECTOR,CT_place_CONNECTOR,False,-3.575894594192505,-0.00015690807776991278,0.0005610867470825683
92483,64.0,-4.0344311855733395e-06,14,lag_10__T_place_LONGDOG,T_place_LONGDOG,False,4.653247833251953,-0.00011689007806126028,-0.0005439185024672111
92483,64.0,-4.0344311855733395e-06,15,lag_07__T2__is_walking,T2__is_walking,False,-2.2968344688415527,0.00023575712111778557,-0.0005414950820581826
92483,64.0,-4.0344311855733395e-06,16,lag_02__T_velocity_mean,T_velocity_mean,False,0.7331551313400269,-0.0007164162816479802,-0.0005252442730657586
92483,64.0,-4.0344311855733395e-06,17,lag_10__T_scoped_count,T_scoped_count,False,-2.8811259269714355,0.00016744766617193818,-0.0004824378124188289
92483,64.0,-4.0344311855733395e-06,18,lag_02__T_place_CTSPAWN,T_place_CTSPAWN,False,4.77014684677124,-9.169042459689081e-05,-0.00043737678976997485
92483,64.0,-4.0344311855733395e-06,19,lag_04__CT_velocity_mean,CT_velocity_mean,False,-1.2587312459945679,-0.0003414976818021387,0.0004298538025190625
92483,64.0,-4.0344311855733395e-06,20,lag_09__CT_place_TUNNELS,CT_place_TUNNELS,False,3.060441493988037,-0.0001365810603601858,-0.0004179983444191973
