tick,seconds_in_round,lstm_delta_from_prev,rank,feature,base_feature,is_utility,feature_delta_scaled,coefficient,ridge_delta_contribution
122392,43.5,-0.3148910701274872,1,lag_13__T_place_DECK,T_place_DECK,False,-24.256479263305664,0.0031888566445559263,-0.07735043507232531
122392,43.5,-0.3148910701274872,2,lag_01__T_place_BALCONY,T_place_BALCONY,False,13.751577377319336,-0.0011894683120772243,-0.016357065531399373
122392,43.5,-0.3148910701274872,3,lag_10__T_place_BALCONY,T_place_BALCONY,False,13.751577377319336,-0.000867737689986825,-0.011932761987070162
122392,43.5,-0.3148910701274872,4,lag_11__CT4__flash_duration,CT4__flash_duration,True,5.9389777183532715,-0.0015977555885910988,-0.009489034840016952
122392,43.5,-0.3148910701274872,5,lag_03__T_utility_damage_last_5s,T_utility_damage_last_5s,True,6.710264205932617,-0.001282121054828167,-0.00860337102188602
122392,43.5,-0.3148910701274872,6,lag_05__T5__flash_duration,T5__flash_duration,True,7.137953758239746,-0.0010932679288089275,-0.0078036959212046675
122392,43.5,-0.3148910701274872,7,lag_05__T3__flash_duration,T3__flash_duration,True,6.350583076477051,-0.0011575182434171438,-0.007350915767358357
122392,43.5,-0.3148910701274872,8,lag_05__T_place_PIT,T_place_PIT,False,6.3102264404296875,-0.000996795715764165,-0.006290006681322069
122392,43.5,-0.3148910701274872,9,lag_05__T_flash_duration_sum,T_flash_duration_sum,True,5.545591354370117,-0.0009710621670819819,-0.005385113958325749
122392,43.5,-0.3148910701274872,10,lag_00__T_kills_last_3s,T_kills_last_3s,False,3.1681017875671387,-0.0015966312494128942,-0.005058290315350544
122392,43.5,-0.3148910701274872,11,lag_04__T5__duck_amount,T5__duck_amount,False,3.7970333099365234,-0.0012885982869192958,-0.004892850618559708
122392,43.5,-0.3148910701274872,12,lag_00__damage_diff_last_5s,damage_diff_last_5s,False,-3.722365379333496,0.0012363108107820153,-0.004602000560150699
122392,43.5,-0.3148910701274872,13,lag_00__CT_place_PIT,CT_place_PIT,False,-4.305429458618164,0.0010505440877750516,-0.004523043463083853
122392,43.5,-0.3148910701274872,14,lag_09__T4__flash_duration,T4__flash_duration,True,-7.262770175933838,0.0006221216171979904,-0.004518326327189293
122392,43.5,-0.3148910701274872,15,lag_10__T_flashed_players,T_flashed_players,False,3.8592472076416016,-0.0011602562153711915,-0.0044777155593200835
122392,43.5,-0.3148910701274872,16,lag_00__kill_diff_last_3s,kill_diff_last_3s,False,-2.4069459438323975,0.0016697304090484977,-0.004018950835352891
122392,43.5,-0.3148910701274872,17,lag_08__CT5__is_scoped,CT5__is_scoped,False,-3.5760385990142822,0.0011209924705326557,-0.004008712343829157
122392,43.5,-0.3148910701274872,18,lag_08__CT_place_ARCH,CT_place_ARCH,False,-4.080447673797607,0.0009525534696877003,-0.0038868445895550163
122392,43.5,-0.3148910701274872,19,lag_09__CT_shots_fired_sum,CT_shots_fired_sum,False,-4.863187313079834,0.0007826819201000035,-0.0038063287840073012
122392,43.5,-0.3148910701274872,20,lag_03__utility_damage_diff_last_5s,utility_damage_diff_last_5s,True,-4.2433953285217285,0.0008228779770433903,-0.0034917965637293324
122584,46.5,0.18831071257591248,1,lag_00__T_place_PIT,T_place_PIT,False,-6.3102264404296875,-0.0015645284438505769,0.009872528753190224
122584,46.5,0.18831071257591248,2,lag_00__kill_diff_last_3s,kill_diff_last_3s,False,4.813891887664795,0.0016697304090484977,0.008037901670705783
122584,46.5,0.18831071257591248,3,lag_09__T_utility_damage_last_5s,T_utility_damage_last_5s,True,6.710264205932617,0.0011333293514326215,0.007604939380451148
122584,46.5,0.18831071257591248,4,lag_07__T_place_BALCONY,T_place_BALCONY,False,13.751577377319336,0.0005254644784145057,0.007225965433949821
122584,46.5,0.18831071257591248,5,lag_11__T5__flash_duration,T5__flash_duration,True,7.137953758239746,0.0009890110231935978,0.007059514949945278
122584,46.5,0.18831071257591248,6,lag_00__T5__flash_duration,T5__flash_duration,True,-7.137953758239746,-0.0009003113373182714,0.006426380693796807
122584,46.5,0.18831071257591248,7,lag_15__T4__flash_duration,T4__flash_duration,True,-7.262770175933838,-0.000848471827339381,0.006162255882720541
122584,46.5,0.18831071257591248,8,lag_11__CT4__flash_duration,CT4__flash_duration,True,-3.382716655731201,-0.0015977555885910988,0.005404754441314719
122584,46.5,0.18831071257591248,9,lag_11__T3__flash_duration,T3__flash_duration,True,6.350583076477051,0.00083276501391083,0.005288543404024293
122584,46.5,0.18831071257591248,10,lag_00__T_kills_last_3s,T_kills_last_3s,False,-3.1681017875671387,-0.0015966312494128942,0.005058290315350544
122584,46.5,0.18831071257591248,11,lag_04__T5__duck_amount,T5__duck_amount,False,-3.7970333099365234,-0.0012885982869192958,0.004892850618559708
122584,46.5,0.18831071257591248,12,lag_09__utility_damage_diff_last_5s,utility_damage_diff_last_5s,True,-4.2433953285217285,-0.0009674347820691764,0.00410520823488178
122584,46.5,0.18831071257591248,13,lag_11__T_place_BALCONY,T_place_BALCONY,False,-13.751577377319336,-0.00026792773860506713,0.0036844290289577697
122584,46.5,0.18831071257591248,14,lag_15__CT_shots_fired_sum,CT_shots_fired_sum,False,-4.863187313079834,-0.0007539220969192684,0.003666464376788331
122584,46.5,0.18831071257591248,15,lag_14__CT5__is_scoped,CT5__is_scoped,False,-3.5760385990142822,-0.0008743734215386212,0.0031267931053742953
122584,46.5,0.18831071257591248,16,lag_04__CT1__duck_amount,CT1__duck_amount,False,-3.8154516220092773,-0.0007108165300451219,0.0027120860825116666
122584,46.5,0.18831071257591248,17,lag_06__T3__duck_amount,T3__duck_amount,False,-3.5818843841552734,-0.0007399225141853094,0.0026503168990452686
122584,46.5,0.18831071257591248,18,lag_11__T_place_PIT,T_place_PIT,False,6.3102264404296875,0.000411047920351848,0.0025938054552878675
122584,46.5,0.18831071257591248,19,lag_11__T_flash_duration_sum,T_flash_duration_sum,True,5.545591354370117,0.00046607301919721067,0.002584650505765229
122584,46.5,0.18831071257591248,20,lag_06__CT_place_PIT,CT_place_PIT,False,-4.305429458618164,-0.0005969179328531027,0.0025699880524832075
126520,108.0,-0.15063802525401115,1,lag_02__T_place_GRAVEYARD,T_place_GRAVEYARD,False,19.65784454345703,-0.003056373680010438,-0.060081718668358874
126520,108.0,-0.15063802525401115,2,lag_01__T_place_PIT,T_place_PIT,False,6.3102264404296875,-0.001360524445772171,-0.0085852173305625
126520,108.0,-0.15063802525401115,3,lag_09__T_place_ARCH,T_place_ARCH,False,-9.303513526916504,0.0008100880077108741,-0.007536664737730958
126520,108.0,-0.15063802525401115,4,lag_00__T_kills_last_3s,T_kills_last_3s,False,3.1681017875671387,-0.0015966312494128942,-0.005058290315350544
126520,108.0,-0.15063802525401115,5,lag_12__T_bomb_zone_count,T_bomb_zone_count,False,5.821373462677002,-0.0007954155444167554,-0.00463041094206848
126520,108.0,-0.15063802525401115,6,lag_00__CT_place_PIT,CT_place_PIT,False,-4.305429458618164,0.0010505440877750516,-0.004523043463083853
126520,108.0,-0.15063802525401115,7,lag_00__kill_diff_last_3s,kill_diff_last_3s,False,-2.4069459438323975,0.0016697304090484977,-0.004018950835352891
126520,108.0,-0.15063802525401115,8,lag_14__CT5__is_scoped,CT5__is_scoped,False,3.5760385990142822,-0.0008743734215386212,-0.0031267931053742953
126520,108.0,-0.15063802525401115,9,lag_01__T4__flash_duration,T4__flash_duration,True,-6.295469284057617,0.0004236715321894735,-0.0026672111174284585
126520,108.0,-0.15063802525401115,10,lag_00__damage_diff_last_5s,damage_diff_last_5s,False,-1.9175821542739868,0.0012363108107820153,-0.0023707275478915962
126520,108.0,-0.15063802525401115,11,lag_13__T3__duck_amount,T3__duck_amount,False,-3.7704498767852783,0.000605045526754111,-0.002281293831799522
126520,108.0,-0.15063802525401115,12,lag_07__CT3__duck_amount,CT3__duck_amount,False,3.7208433151245117,-0.0005844108527526259,-0.0021745012147508236
126520,108.0,-0.15063802525401115,13,lag_02__CT2__duck_amount,CT2__duck_amount,False,-3.8097944259643555,-0.0005480936379171908,0.002088124086643439
126520,108.0,-0.15063802525401115,14,lag_14__T3__duck_amount,T3__duck_amount,False,3.7704498767852783,0.0005507018067874014,0.002076393559546988
126520,108.0,-0.15063802525401115,15,lag_02__T2__duck_amount,T2__duck_amount,False,3.8233180046081543,-0.0004818271554540843,-0.0018421784385567325
126520,108.0,-0.15063802525401115,16,lag_14__CT2__duck_amount,CT2__duck_amount,False,3.8097944259643555,-0.00046352235949598253,-0.0017659249015176404
126520,108.0,-0.15063802525401115,17,lag_12__CT_place_RUINS,CT_place_RUINS,False,3.493913412094116,-0.00048437880468554795,-0.0016923776022249523
126520,108.0,-0.15063802525401115,18,lag_05__CT_place_LIBRARY,CT_place_LIBRARY,False,6.411735534667969,-0.00025681674014776945,-0.0016466410187030434
126520,108.0,-0.15063802525401115,19,lag_05__CT3__duck_amount,CT3__duck_amount,False,3.7208433151245117,-0.0004106589185539633,-0.0015279974918977757
126520,108.0,-0.15063802525401115,20,lag_10__T2__duck_amount,T2__duck_amount,False,3.8233180046081543,-0.0003491787938401103,-0.0013350215693162526
126456,107.0,-0.13668078184127808,1,lag_00__T_place_GRAVEYARD,T_place_GRAVEYARD,False,19.65784454345703,-0.003220429876819253,-0.06330670988161735
126456,107.0,-0.13668078184127808,2,lag_14__T_place_QUAD,T_place_QUAD,False,-24.086301803588867,0.0006592530407942832,-0.015878967705504787
126456,107.0,-0.13668078184127808,3,lag_15__T_place_ARCH,T_place_ARCH,False,9.303513526916504,-0.0010737099219113588,-0.00998927478248679
126456,107.0,-0.13668078184127808,4,lag_03__CT_place_LIBRARY,CT_place_LIBRARY,False,6.411735534667969,-0.0007810965762473643,-0.005008184673932714
126456,107.0,-0.13668078184127808,5,lag_10__T_bomb_zone_count,T_bomb_zone_count,False,5.821373462677002,-0.0008042888948693871,-0.0046820660289184635
126456,107.0,-0.13668078184127808,6,lag_10__T_flashed_players,T_flashed_players,False,3.8592474460601807,-0.0011602562153711915,-0.004477715835946722
126456,107.0,-0.13668078184127808,7,lag_08__CT5__is_scoped,CT5__is_scoped,False,-3.5760385990142822,0.0011209924705326557,-0.004008712343829157
126456,107.0,-0.13668078184127808,8,lag_10__T4__flash_duration,T4__flash_duration,True,6.295469284057617,-0.0004943676758557558,-0.003112276518380863
126456,107.0,-0.13668078184127808,9,lag_00__T2__duck_amount,T2__duck_amount,False,3.8233180046081543,-0.0005197543068788946,-0.0019871859994627095
126456,107.0,-0.13668078184127808,10,lag_07__T2__duck_amount,T2__duck_amount,False,-3.8233180046081543,0.0004784164484590292,-0.0018291382210940954
126456,107.0,-0.13668078184127808,11,lag_10__T_flash_duration_sum,T_flash_duration_sum,True,3.1388089656829834,-0.0005733251455239952,-0.0017995581070222172
126456,107.0,-0.13668078184127808,12,lag_12__CT2__duck_amount,CT2__duck_amount,False,3.8097944259643555,0.0004578091611620039,0.0017441587903504197
126456,107.0,-0.13668078184127808,13,lag_05__CT3__duck_amount,CT3__duck_amount,False,3.7208433151245117,-0.0004106589185539633,-0.0015279974918977757
126456,107.0,-0.13668078184127808,14,lag_08__CT_scoped_count,CT_scoped_count,False,-2.141930103302002,0.0006835056701675057,-0.0014640213707093896
126456,107.0,-0.13668078184127808,15,lag_12__CT5__is_scoped,CT5__is_scoped,False,3.5760385990142822,0.0003804228617809713,0.0013604068376762285
126456,107.0,-0.13668078184127808,16,lag_07__T_place_ARCH,T_place_ARCH,False,-9.303513526916504,0.00013643001148011535,-0.0012692784572826271
126456,107.0,-0.13668078184127808,17,lag_09__CT_flashed_players,CT_flashed_players,False,-2.1899399757385254,-0.0005501515115611255,0.0012047987878806843
126456,107.0,-0.13668078184127808,18,lag_09__CT5__is_scoped,CT5__is_scoped,False,3.5760385990142822,-0.0002986537292599678,-0.001067997263573206
126456,107.0,-0.13668078184127808,19,lag_04__CT_place_RUINS,CT_place_RUINS,False,-3.493913412094116,0.0002781023795250803,-0.0009716656337579663
126456,107.0,-0.13668078184127808,20,lag_08__CT1__alive,CT1__alive,False,-2.44288969039917,0.0003848483320325613,-0.0009401420226896606
126488,107.5,-0.10561391711235046,1,lag_01__T_place_GRAVEYARD,T_place_GRAVEYARD,False,19.65784454345703,-0.002631827723234892,-0.05173606024851196
126488,107.5,-0.10561391711235046,2,lag_15__T_place_QUAD,T_place_QUAD,False,-24.086301803588867,0.001161513035185635,-0.027976553514283742
126488,107.5,-0.10561391711235046,3,lag_00__T_place_PIT,T_place_PIT,False,6.3102264404296875,-0.0015645284438505769,-0.009872528753190224
126488,107.5,-0.10561391711235046,4,lag_11__T_bomb_zone_count,T_bomb_zone_count,False,5.821373462677002,-0.0007149543380364776,-0.004162016210471353
126488,107.5,-0.10561391711235046,5,lag_04__CT_place_LIBRARY,CT_place_LIBRARY,False,6.411735534667969,-0.0005715794977732003,-0.0036648165767600993
126488,107.5,-0.10561391711235046,6,lag_11__T4__flash_duration,T4__flash_duration,True,6.295469284057617,-0.0005426176940090954,-0.003416033025620435
126488,107.5,-0.10561391711235046,7,lag_13__T3__duck_amount,T3__duck_amount,False,3.7704498767852783,0.000605045526754111,0.002281293831799522
126488,107.5,-0.10561391711235046,8,lag_08__T_place_ARCH,T_place_ARCH,False,-9.303513526916504,0.000235946528846398,-0.002195131722751459
126488,107.5,-0.10561391711235046,9,lag_02__CT2__duck_amount,CT2__duck_amount,False,3.8097944259643555,-0.0005480936379171908,-0.002088124086643439
126488,107.5,-0.10561391711235046,10,lag_12__CT2__duck_amount,CT2__duck_amount,False,-3.8097944259643555,0.0004578091611620039,-0.0017441587903504197
126488,107.5,-0.10561391711235046,11,lag_00__T4__flash_duration,T4__flash_duration,True,-6.295469284057617,0.0002691930567380041,-0.0016946966201756841
126488,107.5,-0.10561391711235046,12,lag_05__CT3__duck_amount,CT3__duck_amount,False,-3.7208433151245117,-0.0004106589185539633,0.0015279974918977757
126488,107.5,-0.10561391711235046,13,lag_11__T_flash_duration_sum,T_flash_duration_sum,True,3.1388089656829834,0.00046607301919721067,0.001462914171319142
126488,107.5,-0.10561391711235046,14,lag_12__CT5__is_scoped,CT5__is_scoped,False,-3.5760385990142822,0.0003804228617809713,-0.0013604068376762285
126488,107.5,-0.10561391711235046,15,lag_13__CT2__duck_amount,CT2__duck_amount,False,3.8097944259643555,-0.00034235691418871284,-0.0013043094633665153
126488,107.5,-0.10561391711235046,16,lag_07__CT2__duck_amount,CT2__duck_amount,False,3.8097944259643555,0.0003347429446876049,0.0012753018048017317
126488,107.5,-0.10561391711235046,17,lag_00__T3__duck_amount,T3__duck_amount,False,2.9432532787323,0.00042161077726632357,0.0012409073025379802
126488,107.5,-0.10561391711235046,18,lag_10__T3__shots_fired,T3__shots_fired,False,2.4222826957702637,0.0004715117102023214,0.0011421346564761264
126488,107.5,-0.10561391711235046,19,lag_10__CT_flashed_players,CT_flashed_players,False,-2.1899399757385254,-0.0005193882971070707,0.0011374291947655324
126488,107.5,-0.10561391711235046,20,lag_09__T_kills_last_3s,T_kills_last_3s,False,3.1681017875671387,-0.00034960461198352277,-0.0011075829961667144
122616,47.0,0.09670829772949219,1,lag_12__T_place_BALCONY,T_place_BALCONY,False,-13.751577377319336,-0.0008701588376425207,0.011966056586399376
122616,47.0,0.09670829772949219,2,lag_06__T_place_BALCONY,T_place_BALCONY,False,-13.751577377319336,-0.0008166214684024453,0.011229833310716364
122616,47.0,0.09670829772949219,3,lag_01__T_place_PIT,T_place_PIT,False,-6.3102264404296875,-0.001360524445772171,0.0085852173305625
122616,47.0,0.09670829772949219,4,lag_00__T_utility_damage_last_5s,T_utility_damage_last_5s,True,-6.710264205932617,-0.0009483524481765926,0.0063636954876079566
122616,47.0,0.09670829772949219,5,lag_12__T3__flash_duration,T3__flash_duration,True,6.350583076477051,0.0006094399141147733,0.0038702988047069065
122616,47.0,0.09670829772949219,6,lag_01__T5__flash_duration,T5__flash_duration,True,-7.137953758239746,-0.0004394265706650913,0.0031366065415492916
122616,47.0,0.09670829772949219,7,lag_08__T_place_BALCONY,T_place_BALCONY,False,13.751577377319336,-0.00022411263489630073,-0.003081902240011397
122616,47.0,0.09670829772949219,8,lag_00__utility_damage_diff_last_5s,utility_damage_diff_last_5s,True,4.243395805358887,0.0007098214700818062,0.003012053448698815
122616,47.0,0.09670829772949219,9,lag_07__T3__duck_amount,T3__duck_amount,False,-3.5818843841552734,-0.0008297670283354819,0.002972129561281789
122616,47.0,0.09670829772949219,10,lag_01__kill_diff_last_3s,kill_diff_last_3s,False,4.813891887664795,0.0005806471453979611,0.002795172582826966
122616,47.0,0.09670829772949219,11,lag_02__T4__duck_amount,T4__duck_amount,False,3.6976382732391357,0.0007360627641901374,0.0027216938483756448
122616,47.0,0.09670829772949219,12,lag_09__utility_damage_diff_last_5s,utility_damage_diff_last_5s,True,-2.6182656288146973,-0.0009674347820691764,0.002533001238011562
122616,47.0,0.09670829772949219,13,lag_12__T5__flash_duration,T5__flash_duration,True,7.137953758239746,0.0003275982744526118,0.0023383813343218762
122616,47.0,0.09670829772949219,14,lag_10__CT_flashed_players,CT_flashed_players,False,-4.379879951477051,-0.0005193882971070707,0.002274858389531065
122616,47.0,0.09670829772949219,15,lag_00__CT_place_RUINS,CT_place_RUINS,False,-3.493913412094116,0.000645243504550308,-0.002254424934614932
122616,47.0,0.09670829772949219,16,lag_00__T3__flash_duration,T3__flash_duration,True,-6.350583076477051,-0.0003476240090094507,0.0022076151485925233
122616,47.0,0.09670829772949219,17,lag_10__T_utility_damage_last_5s,T_utility_damage_last_5s,True,6.710264205932617,0.00032157625537365675,0.0021578616359116953
122616,47.0,0.09670829772949219,18,lag_14__T3__duck_amount,T3__duck_amount,False,3.7704498767852783,0.0005507018067874014,0.002076393559546988
122616,47.0,0.09670829772949219,19,lag_05__CT1__duck_amount,CT1__duck_amount,False,-3.8154516220092773,0.00046185965766198933,-0.0017622031799670868
122616,47.0,0.09670829772949219,20,lag_09__T4__duck_amount,T4__duck_amount,False,-3.6976382732391357,0.00043730647303164005,-0.0016170011518170102
126200,103.0,-0.09013491868972778,1,lag_06__T_place_QUAD,T_place_QUAD,False,-24.086301803588867,0.0009919478325173259,-0.023892354867428134
126200,103.0,-0.09013491868972778,2,lag_10__T_place_QUAD,T_place_QUAD,False,24.086301803588867,-0.0003109611279796809,-0.0074899035777030165
126200,103.0,-0.09013491868972778,3,lag_00__T_kills_last_3s,T_kills_last_3s,False,3.1681017875671387,-0.0015966312494128942,-0.005058290315350544
126200,103.0,-0.09013491868972778,4,lag_00__kill_diff_last_3s,kill_diff_last_3s,False,-2.4069459438323975,0.0016697304090484977,-0.004018950835352891
126200,103.0,-0.09013491868972778,5,lag_08__CT5__is_scoped,CT5__is_scoped,False,-3.5760385990142822,0.0011209924705326557,-0.004008712343829157
126200,103.0,-0.09013491868972778,6,lag_02__T_bomb_zone_count,T_bomb_zone_count,False,5.821373462677002,-0.0005813175812363625,-0.0033840667407969427
126200,103.0,-0.09013491868972778,7,lag_10__T3__shots_fired,T3__shots_fired,False,-5.450135707855225,0.0004715117102023214,-0.0025698028084455565
126200,103.0,-0.09013491868972778,8,lag_13__T3__duck_amount,T3__duck_amount,False,3.7704498767852783,0.000605045526754111,0.002281293831799522
126200,103.0,-0.09013491868972778,9,lag_00__CT5__is_scoped,CT5__is_scoped,False,-3.5760385990142822,0.0005902426782995462,-0.002110730600384747
126200,103.0,-0.09013491868972778,10,lag_00__T2__duck_amount,T2__duck_amount,False,3.8233180046081543,-0.0005197543068788946,-0.0019871859994627095
126200,103.0,-0.09013491868972778,11,lag_14__CT_place_RUINS,CT_place_RUINS,False,3.493913412094116,-0.0004953124444000423,-0.001730578792666429
126200,103.0,-0.09013491868972778,12,lag_08__CT_scoped_count,CT_scoped_count,False,-2.141930103302002,0.0006835056701675057,-0.0014640213707093896
126200,103.0,-0.09013491868972778,13,lag_14__T1__duck_amount,T1__duck_amount,False,-3.915480136871338,0.0003490946546662599,-0.0013668731862336997
126200,103.0,-0.09013491868972778,14,lag_12__CT5__is_scoped,CT5__is_scoped,False,-3.5760385990142822,0.0003804228617809713,-0.0013604068376762285
126200,103.0,-0.09013491868972778,15,lag_03__T3__duck_amount,T3__duck_amount,False,-3.7704498767852783,0.0003396302054170519,-0.0012805586661672821
126200,103.0,-0.09013491868972778,16,lag_07__T_place_ARCH,T_place_ARCH,False,9.303513526916504,0.00013643001148011535,0.0012692784572826271
126200,103.0,-0.09013491868972778,17,lag_04__CT1__duck_amount,CT1__duck_amount,False,1.7457424402236938,-0.0007108165300451219,-0.0012409025837123097
126200,103.0,-0.09013491868972778,18,lag_02__T_flashed_players,T_flashed_players,False,3.8592474460601807,-0.0003077391011174768,-0.0011876413400404781
126200,103.0,-0.09013491868972778,19,lag_05__CT_flashed_players,CT_flashed_players,False,2.1899399757385254,-0.000531210214830935,-0.0011633184849789147
126200,103.0,-0.09013491868972778,20,lag_09__CT5__is_scoped,CT5__is_scoped,False,3.5760385990142822,-0.0002986537292599678,-0.001067997263573206
121048,22.5,-0.04885554313659668,1,lag_00__T_place_KITCHEN,T_place_KITCHEN,False,31.938587188720703,-0.0008732665446586907,-0.027890899675574454
121048,22.5,-0.04885554313659668,2,lag_00__T_place_UPSTAIRS,T_place_UPSTAIRS,False,-16.86671257019043,0.0009333100751973689,-0.015741872777216837
121048,22.5,-0.04885554313659668,3,lag_06__T_place_UPSTAIRS,T_place_UPSTAIRS,False,16.86671257019043,-0.00040598190389573574,-0.006847580081708049
121048,22.5,-0.04885554313659668,4,lag_15__T4__flash_duration,T4__flash_duration,True,-6.504885196685791,-0.000848471827339381,0.005519211829464882
121048,22.5,-0.04885554313659668,5,lag_07__CT3__duck_amount,CT3__duck_amount,False,3.7208433151245117,-0.0005844108527526259,-0.0021745012147508236
121048,22.5,-0.04885554313659668,6,lag_11__T_place_BACKALLEY,T_place_BACKALLEY,False,3.025209903717041,-0.0006680043879896402,-0.0020208534902727004
121048,22.5,-0.04885554313659668,7,lag_14__T_place_BACKALLEY,T_place_BACKALLEY,False,3.025209903717041,0.0005261272890493274,0.0015916454854478235
121048,22.5,-0.04885554313659668,8,lag_15__T_flashed_players,T_flashed_players,False,-1.9296237230300903,-0.0005744826630689204,0.0011085353751272911
121048,22.5,-0.04885554313659668,9,lag_15__T_flash_duration_sum,T_flash_duration_sum,True,-2.6450178623199463,-0.00040812636143527925,0.00107950151607996
121048,22.5,-0.04885554313659668,10,lag_08__T_place_BACKALLEY,T_place_BACKALLEY,False,-3.025209903717041,-0.00034508525277487934,0.0010439553243212635
121048,22.5,-0.04885554313659668,11,lag_14__T2__is_walking,T2__is_walking,False,2.2968344688415527,0.0004084695829078555,0.0009381870174960949
121048,22.5,-0.04885554313659668,12,lag_10__T4__duck_amount,T4__duck_amount,False,2.198122501373291,0.00031839829171076417,0.0006998784494082477
121048,22.5,-0.04885554313659668,13,lag_14__T_place_APARTMENTS,T_place_APARTMENTS,False,-2.288959503173828,0.0002994941605720669,-0.000685530004986501
121048,22.5,-0.04885554313659668,14,lag_09__active_infernos_total,active_infernos_total,True,-2.8735575675964355,0.0002365514956181869,-0.000679744340359896
121048,22.5,-0.04885554313659668,15,lag_11__T_A_site_active_infernos,T_A_site_active_infernos,True,-2.9764554500579834,0.00022010634711477906,-0.0006551367364621384
121048,22.5,-0.04885554313659668,16,lag_09__T_active_infernos,T_active_infernos,True,-2.082643508911133,0.00030066556064412,-0.000626179178228603
121048,22.5,-0.04885554313659668,17,lag_06__T_place_LOWERMID,T_place_LOWERMID,False,-3.3263463973999023,-0.0001867877144832164,0.0006213206411498085
121048,22.5,-0.04885554313659668,18,lag_06__CT3__duck_amount,CT3__duck_amount,False,-3.7208433151245117,0.00016185805725399405,-0.0006022484703325642
121048,22.5,-0.04885554313659668,19,lag_11__T_place_APARTMENTS,T_place_APARTMENTS,False,-2.288959264755249,0.00023928766313474625,-0.0005477197134739105
121048,22.5,-0.04885554313659668,20,lag_01__CT3__is_walking,CT3__is_walking,False,-2.387126922607422,-0.00020937243243679404,0.0004997985703216745
122552,46.0,-0.04737630486488342,1,lag_10__T_place_BALCONY,T_place_BALCONY,False,-13.751577377319336,-0.000867737689986825,0.011932761987070162
122552,46.0,-0.04737630486488342,2,lag_06__T_place_BALCONY,T_place_BALCONY,False,13.751577377319336,-0.0008166214684024453,-0.011229833310716364
122552,46.0,-0.04737630486488342,3,lag_10__T_flashed_players,T_flashed_players,False,3.8592474460601807,-0.0011602562153711915,-0.004477715835946722
122552,46.0,-0.04737630486488342,4,lag_10__T_flash_duration_sum,T_flash_duration_sum,True,5.545591354370117,-0.0005733251455239952,-0.003179426970260857
122552,46.0,-0.04737630486488342,5,lag_10__T5__flash_duration,T5__flash_duration,True,7.137953758239746,-0.0003998923348262906,-0.002854412994264588
122552,46.0,-0.04737630486488342,6,lag_04__CT1__duck_amount,CT1__duck_amount,False,3.8154516220092773,-0.0007108165300451219,-0.0027120860825116666
122552,46.0,-0.04737630486488342,7,lag_10__T_place_PIT,T_place_PIT,False,6.3102264404296875,-0.00041958672227337956,-0.002647687228942708
122552,46.0,-0.04737630486488342,8,lag_15__CT_shots_fired_sum,CT_shots_fired_sum,False,3.473705291748047,-0.0007539220969192684,-0.0026189031776342464
122552,46.0,-0.04737630486488342,9,lag_10__CT_flashed_players,CT_flashed_players,False,4.379879951477051,-0.0005193882971070707,-0.002274858389531065
122552,46.0,-0.04737630486488342,10,lag_04__T_place_BALCONY,T_place_BALCONY,False,-13.751577377319336,0.00016187154687941074,-0.002225989102098591
122552,46.0,-0.04737630486488342,11,lag_15__T_flashed_players,T_flashed_players,False,3.8592472076416016,-0.0005744826630689204,-0.002217070613287242
122552,46.0,-0.04737630486488342,12,lag_05__CT4__flash_duration,CT4__flash_duration,True,-3.1825060844421387,0.0006770291947759688,-0.0021546495317194825
122552,46.0,-0.04737630486488342,13,lag_08__T4__duck_amount,T4__duck_amount,False,3.6976382732391357,-0.0005750535638071597,-0.002126340066695917
122552,46.0,-0.04737630486488342,14,lag_15__CT4__shots_fired,CT4__shots_fired,False,2.6937177181243896,-0.0006745390710420907,-0.001817017847233246
122552,46.0,-0.04737630486488342,15,lag_10__T3__flash_duration,T3__flash_duration,True,6.350583076477051,-0.00026964303106069565,-0.0017123904697440295
122552,46.0,-0.04737630486488342,16,lag_00__T4__duck_amount,T4__duck_amount,False,3.6976382732391357,-0.00042046597809530795,-0.0015547310932001387
122552,46.0,-0.04737630486488342,17,lag_08__CT_flashed_players,CT_flashed_players,False,-4.379879951477051,-0.00033950540819205344,0.0014869929307584073
122552,46.0,-0.04737630486488342,18,lag_15__CT_flashed_players,CT_flashed_players,False,2.1899399757385254,-0.0006049094372428954,-0.0013247153583197113
122552,46.0,-0.04737630486488342,19,lag_00__T5__duck_amount,T5__duck_amount,False,3.3711371421813965,-0.0003858840500470251,-0.0013008680536889111
122552,46.0,-0.04737630486488342,20,lag_07__T4__duck_amount,T4__duck_amount,False,-3.6976382732391357,0.0003377425018697977,-0.0012488496014133044
122072,38.5,0.04321110248565674,1,lag_03__T_place_DECK,T_place_DECK,False,-24.256479263305664,-0.0010252041975036263,0.024867844357400637
122072,38.5,0.04321110248565674,2,lag_00__T_place_BALCONY,T_place_BALCONY,False,13.751577377319336,-0.00035783127532340586,-0.004920744470634675
122072,38.5,0.04321110248565674,3,lag_00__damage_diff_last_5s,damage_diff_last_5s,False,2.5943760871887207,0.0012363108107820153,0.0032074552038257598
122072,38.5,0.04321110248565674,4,lag_06__T3__duck_amount,T3__duck_amount,False,-3.7704498767852783,-0.0007399225141853094,0.002789840752440653
122072,38.5,0.04321110248565674,5,lag_02__CT_utility_damage_last_5s,CT_utility_damage_last_5s,True,3.1920034885406494,0.0007937925402075052,0.0025337885575199004
122072,38.5,0.04321110248565674,6,lag_07__CT3__duck_amount,CT3__duck_amount,False,3.7208433151245117,-0.0005844108527526259,-0.0021745012147508236
122072,38.5,0.04321110248565674,7,lag_02__CT2__duck_amount,CT2__duck_amount,False,-3.8097944259643555,-0.0005480936379171908,0.002088124086643439
122072,38.5,0.04321110248565674,8,lag_14__T3__duck_amount,T3__duck_amount,False,-3.7704498767852783,0.0005507018067874014,-0.002076393559546988
122072,38.5,0.04321110248565674,9,lag_02__utility_damage_diff_last_5s,utility_damage_diff_last_5s,True,2.618265390396118,0.000760890543460846,0.0019922133758232263
122072,38.5,0.04321110248565674,10,lag_01__CT4__flash_duration,CT4__flash_duration,True,5.9389777183532715,0.00028545872191898525,0.001695332988986456
122072,38.5,0.04321110248565674,11,lag_00__CT_flashed_players,CT_flashed_players,False,2.1899399757385254,0.0007712539518252015,0.0016889998605483236
122072,38.5,0.04321110248565674,12,lag_00__CT_damage_last_5s,CT_damage_last_5s,False,2.506845474243164,0.0006604897789657116,0.0016557458131840619
122072,38.5,0.04321110248565674,13,lag_12__CT2__is_walking,CT2__is_walking,False,-2.360051155090332,-0.0005939917173236609,0.0014018508385837958
122072,38.5,0.04321110248565674,14,lag_00__T5__flash_duration,T5__flash_duration,True,1.5373594760894775,-0.0009003113373182714,-0.0013841021658570346
122072,38.5,0.04321110248565674,15,lag_14__CT4__duck_amount,CT4__duck_amount,False,3.6725916862487793,0.0003630915016401559,0.0013334868302712216
122072,38.5,0.04321110248565674,16,lag_12__T4__flash_duration,T4__flash_duration,True,7.262770175933838,-0.00017882423708215356,-0.0012987593358143867
122072,38.5,0.04321110248565674,17,lag_14__T4__is_walking,T4__is_walking,False,2.307980537414551,0.0005385952536016703,0.0012430673628565092
122072,38.5,0.04321110248565674,18,lag_00__T2__duck_amount,T2__duck_amount,False,2.182732105255127,-0.0005197543068788946,-0.0011344844124691889
122072,38.5,0.04321110248565674,19,lag_10__T3__is_walking,T3__is_walking,False,2.3223767280578613,0.0004356538411229849,0.001011752342113037
122072,38.5,0.04321110248565674,20,lag_11__T2__is_walking,T2__is_walking,False,-2.2968344688415527,0.0004402948834467679,-0.0010112844647551106
122296,42.0,-0.04174637794494629,1,lag_07__T_place_BALCONY,T_place_BALCONY,False,13.751577377319336,0.0005254644784145057,0.007225965433949821
122296,42.0,-0.04174637794494629,2,lag_10__T_place_DECK,T_place_DECK,False,-24.256479263305664,0.00027856079395860434,-0.006756904122226848
122296,42.0,-0.04174637794494629,3,lag_00__T_utility_damage_last_5s,T_utility_damage_last_5s,True,6.710264205932617,-0.0009483524481765926,-0.0063636954876079566
122296,42.0,-0.04174637794494629,4,lag_00__CT_flashed_players,CT_flashed_players,False,-4.379879951477051,0.0007712539518252015,-0.0033779997210966473
122296,42.0,-0.04174637794494629,5,lag_02__T_place_PIT,T_place_PIT,False,6.3102264404296875,-0.0004979694494977593,-0.003142299986746977
122296,42.0,-0.04174637794494629,6,lag_00__utility_damage_diff_last_5s,utility_damage_diff_last_5s,True,-4.2433953285217285,0.0007098214700818062,-0.0030120531102295622
122296,42.0,-0.04174637794494629,7,lag_06__T4__flash_duration,T4__flash_duration,True,-7.262770175933838,-0.00036726653343066573,0.002667372425618847
122296,42.0,-0.04174637794494629,8,lag_09__utility_damage_diff_last_5s,utility_damage_diff_last_5s,True,2.618265390396118,-0.0009674347820691764,-0.0025330010073571357
122296,42.0,-0.04174637794494629,9,lag_02__T_place_BALCONY,T_place_BALCONY,False,-13.751577377319336,0.0001789078232832253,-0.0024602647752870466
122296,42.0,-0.04174637794494629,10,lag_02__T5__flash_duration,T5__flash_duration,True,7.137953758239746,-0.00033940569846890867,-0.0024226621809541327
122296,42.0,-0.04174637794494629,11,lag_13__T3__duck_amount,T3__duck_amount,False,-3.7704498767852783,0.000605045526754111,-0.002281293831799522
122296,42.0,-0.04174637794494629,12,lag_02__CT_flashed_players,CT_flashed_players,False,4.379879951477051,0.0005107324104756117,0.0022369466452116793
122296,42.0,-0.04174637794494629,13,lag_10__T_place_SECONDMID,T_place_SECONDMID,False,3.2740612030029297,0.0006682166131213307,0.0021877820882225674
122296,42.0,-0.04174637794494629,14,lag_13__CT3__duck_amount,CT3__duck_amount,False,-3.7208433151245117,0.0004851756093557924,-0.0018052624227329617
122296,42.0,-0.04174637794494629,15,lag_02__T_flash_duration_sum,T_flash_duration_sum,True,5.545591354370117,-0.00032056396594271064,-0.0017777167580544928
122296,42.0,-0.04174637794494629,16,lag_15__T3__is_walking,T3__is_walking,False,-2.3223767280578613,0.0007450400153174996,-0.0017302635930452337
122296,42.0,-0.04174637794494629,17,lag_07__T_flashed_players,T_flashed_players,False,3.8592472076416016,0.00044088633148930967,0.0017014893436874678
122296,42.0,-0.04174637794494629,18,lag_05__T_place_BACKALLEY,T_place_BACKALLEY,False,3.025209665298462,0.0005273811984807253,0.0015954386989405767
122296,42.0,-0.04174637794494629,19,lag_00__T4__duck_amount,T4__duck_amount,False,3.6976382732391357,-0.00042046597809530795,-0.0015547310932001387
122296,42.0,-0.04174637794494629,20,lag_15__T3__duck_amount,T3__duck_amount,False,3.7704498767852783,-0.00035632168874144554,-0.0013434930674111056
122424,44.0,0.04079693555831909,1,lag_06__T_place_BALCONY,T_place_BALCONY,False,-13.751577377319336,-0.0008166214684024453,0.011229833310716364
122424,44.0,0.04079693555831909,2,lag_00__T_place_BALCONY,T_place_BALCONY,False,-13.751577377319336,-0.00035783127532340586,0.004920744470634675
122424,44.0,0.04079693555831909,3,lag_10__T_flashed_players,T_flashed_players,False,-3.8592472076416016,-0.0011602562153711915,0.0044777155593200835
122424,44.0,0.04079693555831909,4,lag_11__T_place_BALCONY,T_place_BALCONY,False,13.751577377319336,-0.00026792773860506713,-0.0036844290289577697
122424,44.0,0.04079693555831909,5,lag_10__T4__flash_duration,T4__flash_duration,True,-7.262770175933838,-0.0004943676758557558,0.00359047881215091
122424,44.0,0.04079693555831909,6,lag_14__T_place_DECK,T_place_DECK,False,-24.256479263305664,-0.00014682246546726674,0.0035613960889941676
122424,44.0,0.04079693555831909,7,lag_10__CT_shots_fired_sum,CT_shots_fired_sum,False,-4.863187313079834,-0.0006777507369406521,0.0032960287853202874
122424,44.0,0.04079693555831909,8,lag_02__T_place_BALCONY,T_place_BALCONY,False,13.751577377319336,0.0001789078232832253,0.0024602647752870466
122424,44.0,0.04079693555831909,9,lag_03__utility_damage_diff_last_5s,utility_damage_diff_last_5s,True,-2.6182656288146973,0.0008228779770433903,-0.0021545131240012783
122424,44.0,0.04079693555831909,10,lag_00__CT5__is_scoped,CT5__is_scoped,False,3.5760385990142822,0.0005902426782995462,0.002110730600384747
122424,44.0,0.04079693555831909,11,lag_06__T_place_PIT,T_place_PIT,False,6.3102264404296875,0.00033037926186807454,0.0020847679536095676
122424,44.0,0.04079693555831909,12,lag_10__CT4__shots_fired,CT4__shots_fired,False,-3.771204948425293,-0.0005371992010623217,0.0020258882853363414
122424,44.0,0.04079693555831909,13,lag_10__T_flash_duration_sum,T_flash_duration_sum,True,-3.156754732131958,-0.0005733251455239952,0.0018098468661831152
122424,44.0,0.04079693555831909,14,lag_14__CT2__duck_amount,CT2__duck_amount,False,3.8097944259643555,-0.00046352235949598253,-0.0017659249015176404
122424,44.0,0.04079693555831909,15,lag_15__T3__is_walking,T3__is_walking,False,2.3223767280578613,0.0007450400153174996,0.0017302635930452337
122424,44.0,0.04079693555831909,16,lag_04__CT_flashed_players,CT_flashed_players,False,-4.379879951477051,-0.00037005386548116803,0.0016207915063875533
122424,44.0,0.04079693555831909,17,lag_12__CT4__flash_duration,CT4__flash_duration,True,5.9389777183532715,-0.00026239268481731415,-0.0015583443085889215
122424,44.0,0.04079693555831909,18,lag_03__CT_flashed_players,CT_flashed_players,False,-2.1899399757385254,0.0006955666467547417,-0.0015232492055186064
122424,44.0,0.04079693555831909,19,lag_11__T5__flash_duration,T5__flash_duration,True,1.5373594760894775,0.0009890110231935978,0.0015204654684636276
122424,44.0,0.04079693555831909,20,lag_01__T_kills_last_3s,T_kills_last_3s,False,3.1681017875671387,-0.0004472526197787374,-0.0014169418242151038
126232,103.5,-0.037854015827178955,1,lag_11__T_place_QUAD,T_place_QUAD,False,24.086301803588867,-0.0005550772766582668,-0.013369758809905208
126232,103.5,-0.037854015827178955,2,lag_07__T_place_QUAD,T_place_QUAD,False,-24.086301803588867,0.00041149332537315786,-0.009911352425100273
126232,103.5,-0.037854015827178955,3,lag_03__T4__flash_duration,T4__flash_duration,True,6.295469284057617,-0.0004984004190191627,-0.0031376645290965843
126232,103.5,-0.037854015827178955,4,lag_03__T_bomb_zone_count,T_bomb_zone_count,False,5.821373462677002,-0.0004641357809305191,-0.0027019077181877904
126232,103.5,-0.037854015827178955,5,lag_13__T3__duck_amount,T3__duck_amount,False,-3.7704498767852783,0.000605045526754111,-0.002281293831799522
126232,103.5,-0.037854015827178955,6,lag_08__T_place_ARCH,T_place_ARCH,False,9.303513526916504,0.000235946528846398,0.002195131722751459
126232,103.5,-0.037854015827178955,7,lag_14__T3__duck_amount,T3__duck_amount,False,3.7704498767852783,0.0005507018067874014,0.002076393559546988
126232,103.5,-0.037854015827178955,8,lag_00__T2__duck_amount,T2__duck_amount,False,-3.8233180046081543,-0.0005197543068788946,0.0019871859994627095
126232,103.5,-0.037854015827178955,9,lag_11__T3__shots_fired,T3__shots_fired,False,-5.450135707855225,-0.0003010350337717682,0.0016406817868749174
126232,103.5,-0.037854015827178955,10,lag_00__T_place_ARCH,T_place_ARCH,False,-9.303513526916504,0.00017215023399330676,-0.0016016020306185708
126232,103.5,-0.037854015827178955,11,lag_01__T_kills_last_3s,T_kills_last_3s,False,3.1681017875671387,-0.0004472526197787374,-0.0014169418242151038
126232,103.5,-0.037854015827178955,12,lag_12__CT2__is_walking,CT2__is_walking,False,2.360051155090332,-0.0005939917173236609,-0.0014018508385837958
126232,103.5,-0.037854015827178955,13,lag_01__kill_diff_last_3s,kill_diff_last_3s,False,-2.4069459438323975,0.0005806471453979611,-0.001397586291413483
126232,103.5,-0.037854015827178955,14,lag_02__CT_flashed_players,CT_flashed_players,False,-2.1899399757385254,0.0005107324104756117,-0.0011184733226058396
126232,103.5,-0.037854015827178955,15,lag_09__CT5__is_scoped,CT5__is_scoped,False,-3.5760385990142822,-0.0002986537292599678,0.001067997263573206
126232,103.5,-0.037854015827178955,16,lag_01__T2__duck_amount,T2__duck_amount,False,3.8233180046081543,-0.0002749538398347795,-0.0010512359662764592
126232,103.5,-0.037854015827178955,17,lag_15__CT_shots_fired_sum,CT_shots_fired_sum,False,-1.389482021331787,-0.0007539220969192684,0.0010475611991540845
126232,103.5,-0.037854015827178955,18,lag_02__CT1__duck_amount,CT1__duck_amount,False,-2.194793462753296,0.00045581706217490137,-0.0010004243082728861
126232,103.5,-0.037854015827178955,19,lag_05__CT2__duck_amount,CT2__duck_amount,False,3.8097944259643555,0.0002463442797306925,0.0009385210637861963
126232,103.5,-0.037854015827178955,20,lag_14__T2__is_walking,T2__is_walking,False,-2.2968344688415527,0.0004084695829078555,-0.0009381870174960949
126296,104.5,0.02816501259803772,1,lag_13__T_place_QUAD,T_place_QUAD,False,24.086301803588867,0.0007305110339075327,0.017595309233548573
126296,104.5,0.02816501259803772,2,lag_09__T_place_QUAD,T_place_QUAD,False,-24.086301803588867,-0.0004143841506447643,0.009980981715053627
126296,104.5,0.02816501259803772,3,lag_07__T3__duck_amount,T3__duck_amount,False,3.7704498767852783,-0.0008297670283354819,-0.003128594989748004
126296,104.5,0.02816501259803772,4,lag_05__T_flash_duration_sum,T_flash_duration_sum,True,3.1388089656829834,-0.0009710621670819819,-0.003047978636272472
126296,104.5,0.02816501259803772,5,lag_06__T3__duck_amount,T3__duck_amount,False,-3.7704498767852783,-0.0007399225141853094,0.002789840752440653
126296,104.5,0.02816501259803772,6,lag_05__T_flashed_players,T_flashed_players,False,3.8592474460601807,-0.0006758904783055186,-0.0026084286022169667
126296,104.5,0.02816501259803772,7,lag_02__T2__duck_amount,T2__duck_amount,False,-3.8233180046081543,-0.0004818271554540843,0.0018421784385567325
126296,104.5,0.02816501259803772,8,lag_07__CT5__is_scoped,CT5__is_scoped,False,3.5760385990142822,0.0004739676951430738,0.001694926772517466
126296,104.5,0.02816501259803772,9,lag_12__CT_place_RUINS,CT_place_RUINS,False,-3.493913412094116,-0.00048437880468554795,0.0016923776022249523
126296,104.5,0.02816501259803772,10,lag_05__T_bomb_zone_count,T_bomb_zone_count,False,5.821373462677002,-0.000279464409686625,-0.0016268666983124125
126296,104.5,0.02816501259803772,11,lag_04__CT1__duck_amount,CT1__duck_amount,False,-2.194793462753296,-0.0007108165300451219,0.0015600954733600153
126296,104.5,0.02816501259803772,12,lag_12__CT5__is_scoped,CT5__is_scoped,False,3.5760385990142822,0.0003804228617809713,0.0013604068376762285
126296,104.5,0.02816501259803772,13,lag_15__T3__duck_amount,T3__duck_amount,False,-3.7704498767852783,-0.00035632168874144554,0.0013434930674111056
126296,104.5,0.02816501259803772,14,lag_07__CT2__duck_amount,CT2__duck_amount,False,3.8097944259643555,0.0003347429446876049,0.0012753018048017317
126296,104.5,0.02816501259803772,15,lag_10__T_place_ARCH,T_place_ARCH,False,9.303513526916504,-0.00013410633255261928,-0.0012476600789484565
126296,104.5,0.02816501259803772,16,lag_02__T_place_ARCH,T_place_ARCH,False,-9.303513526916504,-0.00011397759953979403,0.001060392139083946
126296,104.5,0.02816501259803772,17,lag_03__T2__duck_amount,T2__duck_amount,False,3.8233180046081543,-0.00026269908994436264,-0.0010043821603784586
126296,104.5,0.02816501259803772,18,lag_09__T_place_BOMBSITEA,T_place_BOMBSITEA,False,1.6668972969055176,-0.0005495849763974547,-0.0009161017115768
126296,104.5,0.02816501259803772,19,lag_09__T_macro_A,T_macro_A,False,1.6668972969055176,-0.0005495849763974547,-0.0009161017115768
126296,104.5,0.02816501259803772,20,lag_00__CT3__duck_amount,CT3__duck_amount,False,3.7208433151245117,0.00022309769701678306,0.000830111574564571
126360,105.5,0.026235878467559814,1,lag_15__T_place_QUAD,T_place_QUAD,False,24.086301803588867,0.001161513035185635,0.027976553514283742
126360,105.5,0.026235878467559814,2,lag_11__T_place_QUAD,T_place_QUAD,False,-24.086301803588867,-0.0005550772766582668,0.013369758809905208
126360,105.5,0.026235878467559814,3,lag_12__T_place_ARCH,T_place_ARCH,False,9.303513526916504,-0.0006627331604249775,-0.006165746922749904
126360,105.5,0.026235878467559814,4,lag_08__CT5__is_scoped,CT5__is_scoped,False,-3.5760385990142822,0.0011209924705326557,-0.004008712343829157
126360,105.5,0.026235878467559814,5,lag_14__CT5__is_scoped,CT5__is_scoped,False,3.5760385990142822,-0.0008743734215386212,-0.0031267931053742953
126360,105.5,0.026235878467559814,6,lag_00__CT_place_LIBRARY,CT_place_LIBRARY,False,6.411735534667969,-0.00038585709990002215,-0.0024740136787329003
126360,105.5,0.026235878467559814,7,lag_02__CT2__duck_amount,CT2__duck_amount,False,-3.8097944259643555,-0.0005480936379171908,0.002088124086643439
126360,105.5,0.026235878467559814,8,lag_09__T3__duck_amount,T3__duck_amount,False,3.7704498767852783,-0.0004805804055649787,-0.001812004330947893
126360,105.5,0.026235878467559814,9,lag_07__T4__flash_duration,T4__flash_duration,True,6.295469284057617,0.0002762229123618454,0.0017389528603269366
126360,105.5,0.026235878467559814,10,lag_14__CT_place_RUINS,CT_place_RUINS,False,-3.493913412094116,-0.0004953124444000423,0.001730578792666429
126360,105.5,0.026235878467559814,11,lag_07__T_flashed_players,T_flashed_players,False,3.8592474460601807,0.00044088633148930967,0.0017014894488029605
126360,105.5,0.026235878467559814,12,lag_08__CT_scoped_count,CT_scoped_count,False,-2.141930103302002,0.0006835056701675057,-0.0014640213707093896
126360,105.5,0.026235878467559814,13,lag_04__T2__duck_amount,T2__duck_amount,False,-3.8233180046081543,-0.00030877365497872233,0.0011805398744288154
126360,105.5,0.026235878467559814,14,lag_10__CT_flashed_players,CT_flashed_players,False,2.1899399757385254,-0.0005193882971070707,-0.0011374291947655324
126360,105.5,0.026235878467559814,15,lag_07__T_bomb_zone_count,T_bomb_zone_count,False,5.821373462677002,-0.0001937455526785925,-0.0011278652188748475
126360,105.5,0.026235878467559814,16,lag_07__CT_place_RUINS,CT_place_RUINS,False,3.493913412094116,0.0003142493078485131,0.0010979598714332128
126360,105.5,0.026235878467559814,17,lag_14__CT_scoped_count,CT_scoped_count,False,2.141930103302002,-0.0005059474497102201,-0.0010837040732231962
126360,105.5,0.026235878467559814,18,lag_09__CT5__is_scoped,CT5__is_scoped,False,3.5760385990142822,-0.0002986537292599678,-0.001067997263573206
126360,105.5,0.026235878467559814,19,lag_15__T_shots_fired_sum,T_shots_fired_sum,False,-6.747633457183838,-0.00015708190039731562,0.001059931086638946
126360,105.5,0.026235878467559814,20,lag_15__CT2__is_walking,CT2__is_walking,False,-2.360051155090332,-0.00043083936907351017,0.0010168029506403276
121112,23.5,0.02549952268600464,1,lag_00__T_place_KITCHEN,T_place_KITCHEN,False,-31.938587188720703,-0.0008732665446586907,0.027890899675574454
121112,23.5,0.02549952268600464,2,lag_00__T_place_DECK,T_place_DECK,False,24.256479263305664,0.00037007706123404205,0.008976766561648641
121112,23.5,0.02549952268600464,3,lag_02__T_place_KITCHEN,T_place_KITCHEN,False,31.938587188720703,-0.0001803362392820418,-0.005759684701595491
121112,23.5,0.02549952268600464,4,lag_02__T_place_UPSTAIRS,T_place_UPSTAIRS,False,-16.86671257019043,0.00032942730467766523,-0.005556355660770729
121112,23.5,0.02549952268600464,5,lag_05__T_place_BACKALLEY,T_place_BACKALLEY,False,-3.025209903717041,0.0005273811984807253,-0.0015954388246780526
121112,23.5,0.02549952268600464,6,lag_08__T_place_UPSTAIRS,T_place_UPSTAIRS,False,16.86671257019043,6.607223622268066e-05,0.0011144214172376793
121112,23.5,0.02549952268600464,7,lag_12__T4__duck_amount,T4__duck_amount,False,2.198122501373291,0.0004697070689871907,0.0010324736773948406
121112,23.5,0.02549952268600464,8,lag_03__T3__is_walking,T3__is_walking,False,-2.3223767280578613,-0.0004129338776692748,0.0009589880277258156
121112,23.5,0.02549952268600464,9,lag_08__T_active_infernos,T_active_infernos,True,-2.082643508911133,0.00034827395575121045,-0.0007253304932680615
121112,23.5,0.02549952268600464,10,lag_13__T5__is_walking,T5__is_walking,False,-2.3193888664245605,-0.000305213121464476,0.0007079079158113927
121112,23.5,0.02549952268600464,11,lag_13__T_place_LOWERMID,T_place_LOWERMID,False,3.3263463973999023,-0.0002098303084494546,-0.0006979682905761536
121112,23.5,0.02549952268600464,12,lag_01__CT_place_BALCONY,CT_place_BALCONY,False,6.417822360992432,-0.00010206730075879022,-0.0006550498051359037
121112,23.5,0.02549952268600464,13,lag_10__T_place_APARTMENTS,T_place_APARTMENTS,False,2.288959264755249,0.000269630691036582,0.0006171736683105444
121112,23.5,0.02549952268600464,14,lag_09__CT1__is_walking,CT1__is_walking,False,-2.3343825340270996,0.00022082190844230354,-0.0005154828061982447
121112,23.5,0.02549952268600464,15,lag_05__CT_active_infernos,CT_active_infernos,True,-2.30427622795105,0.00021868279145564884,-0.0005039055578132286
121112,23.5,0.02549952268600464,16,lag_04__CT1__is_walking,CT1__is_walking,False,-2.3343825340270996,-0.0002052854688372463,0.0004792148129432322
121112,23.5,0.02549952268600464,17,lag_03__CT_active_infernos,CT_active_infernos,True,2.30427622795105,0.00019968912238255143,0.00046013889768652116
121112,23.5,0.02549952268600464,18,lag_11__active_infernos_total,active_infernos_total,True,-2.8735575675964355,0.00015750945021864027,-0.0004526124726437278
121112,23.5,0.02549952268600464,19,lag_02__CT1__is_walking,CT1__is_walking,False,2.3343825340270996,0.00019256096857134253,0.00044951096176828326
121112,23.5,0.02549952268600464,20,lag_00__CT1__is_walking,CT1__is_walking,False,-2.3343825340270996,0.0001866538659669459,-0.00043572152462187375
126392,106.0,0.024136483669281006,1,lag_12__T_place_QUAD,T_place_QUAD,False,-24.086301803588867,-0.0002513895742595196,0.006055045155890504
126392,106.0,0.024136483669281006,2,lag_00__T_kills_last_3s,T_kills_last_3s,False,-3.1681017875671387,-0.0015966312494128942,0.005058290315350544
126392,106.0,0.024136483669281006,3,lag_00__kill_diff_last_3s,kill_diff_last_3s,False,2.4069459438323975,0.0016697304090484977,0.004018950835352891
126392,106.0,0.024136483669281006,4,lag_14__CT5__is_scoped,CT5__is_scoped,False,-3.5760385990142822,-0.0008743734215386212,0.0031267931053742953
126392,106.0,0.024136483669281006,5,lag_13__T_place_ARCH,T_place_ARCH,False,9.303513526916504,-0.00033208675449714065,-0.003089573612573948
126392,106.0,0.024136483669281006,6,lag_01__CT_place_LIBRARY,CT_place_LIBRARY,False,6.411735534667969,-0.00040003840695135295,-0.0025649404690819555
126392,106.0,0.024136483669281006,7,lag_09__T3__duck_amount,T3__duck_amount,False,-3.7704498767852783,-0.0004805804055649787,0.001812004330947893
126392,106.0,0.024136483669281006,8,lag_07__CT5__is_scoped,CT5__is_scoped,False,3.5760385990142822,0.0004739676951430738,0.001694926772517466
126392,106.0,0.024136483669281006,9,lag_05__T_flashed_players,T_flashed_players,False,-1.9296237230300903,-0.0006758904783055186,0.0013042143011084834
126392,106.0,0.024136483669281006,10,lag_08__T_bomb_zone_count,T_bomb_zone_count,False,5.821373462677002,-0.00020573113579303026,-0.001197637774351945
126392,106.0,0.024136483669281006,11,lag_11__CT_flashed_players,CT_flashed_players,False,2.1899399757385254,0.0005214161355979741,0.001141870039341103
126392,106.0,0.024136483669281006,12,lag_14__CT_scoped_count,CT_scoped_count,False,-2.141930103302002,-0.0005059474497102201,0.0010837040732231962
126392,106.0,0.024136483669281006,13,lag_09__CT5__is_scoped,CT5__is_scoped,False,-3.5760385990142822,-0.0002986537292599678,0.001067997263573206
126392,106.0,0.024136483669281006,14,lag_09__CT2__duck_amount,CT2__duck_amount,False,-3.8097944259643555,-0.00025416503194719553,0.0009683165219874779
126392,106.0,0.024136483669281006,15,lag_11__CT1__duck_amount,CT1__duck_amount,False,2.069709300994873,0.00044415416778065264,0.0009192700121312541
126392,106.0,0.024136483669281006,16,lag_06__T_kills_last_3s,T_kills_last_3s,False,3.1681017875671387,0.0002791396400425583,0.0008843427925996766
126392,106.0,0.024136483669281006,17,lag_00__CT3__duck_amount,CT3__duck_amount,False,-3.7208433151245117,0.00022309769701678306,-0.000830111574564571
126392,106.0,0.024136483669281006,18,lag_08__CT_place_RUINS,CT_place_RUINS,False,3.493913412094116,0.00023426191182807088,0.0008184908356789061
126392,106.0,0.024136483669281006,19,lag_06__kill_diff_last_3s,kill_diff_last_3s,False,-2.4069459438323975,-0.0003384974552318454,0.0008147450768678788
126392,106.0,0.024136483669281006,20,lag_10__T3__duck_amount,T3__duck_amount,False,3.7704498767852783,-0.00020265740749891847,-0.0007641095971339211
119928,5.0,0.023389339447021484,1,lag_00__T_place_LOWERMID,T_place_LOWERMID,False,6.6526923179626465,0.0005207075155340135,0.003464106888498547
119928,5.0,0.023389339447021484,2,lag_02__CT_place_LIBRARY,CT_place_LIBRARY,False,6.411735534667969,-0.0004168027953710407,-0.0026724292940294436
119928,5.0,0.023389339447021484,3,lag_01__CT_place_LIBRARY,CT_place_LIBRARY,False,-6.411735534667969,-0.00040003840695135295,0.0025649404690819555
119928,5.0,0.023389339447021484,4,lag_01__T_place_LOWERMID,T_place_LOWERMID,False,6.652692794799805,0.00023485113342758268,0.0015623924432042469
119928,5.0,0.023389339447021484,5,lag_09__T_velocity_mean,T_velocity_mean,False,3.396030902862549,0.0004063413944095373,0.001379947932527048
119928,5.0,0.023389339447021484,6,lag_01__T_macro_MID,T_macro_MID,False,2.0557379722595215,0.0004226144519634545,0.0008687845765269209
119928,5.0,0.023389339447021484,7,lag_02__CT3__duck_amount,CT3__duck_amount,False,3.7208433151245117,0.00017465600103605539,0.0006498676139013865
119928,5.0,0.023389339447021484,8,lag_10__CT_closest_enemy_dist,CT_closest_enemy_dist,False,4.124736785888672,0.00013464871153701097,0.0005553904936492216
119928,5.0,0.023389339447021484,9,lag_10__T_closest_enemy_dist,T_closest_enemy_dist,False,4.026003360748291,0.00012765335850417614,0.0005139328503486196
119928,5.0,0.023389339447021484,10,lag_10__CT_smoke_inv,CT_smoke_inv,True,2.3161351680755615,0.0002033148193731904,0.0004709046033411768
119928,5.0,0.023389339447021484,11,lag_00__T_macro_MID,T_macro_MID,False,2.0557377338409424,0.00020998525724280626,0.00043167461686433387
119928,5.0,0.023389339447021484,12,lag_10__CT1__utility_total,CT1__utility_total,True,1.9631518125534058,0.00019520630303304642,0.0003832196076211745
119928,5.0,0.023389339447021484,13,lag_01__T_macro_OTHER,T_macro_OTHER,False,-1.180625557899475,-0.00032117171213030815,0.0003791835318153747
119928,5.0,0.023389339447021484,14,lag_10__CT5__smoke,CT5__smoke,True,1.5474231243133545,0.00024344488338101655,0.00037671224203955286
119928,5.0,0.023389339447021484,15,lag_10__CT3__utility_total,CT3__utility_total,True,2.0430431365966797,0.0001827168744057417,0.0003732984561950481
119928,5.0,0.023389339447021484,16,lag_10__T3__flash,T3__flash,True,2.2380197048187256,0.00016493078146595508,0.0003691183388519585
119928,5.0,0.023389339447021484,17,lag_10__CT_utility_inv,CT_utility_inv,True,2.1124942302703857,0.00016247907478827983,0.00034323610802991164
119928,5.0,0.023389339447021484,18,lag_10__T4__flash,T4__flash,True,1.9732310771942139,0.00016451797273475677,0.0003246319765572124
119928,5.0,0.023389339447021484,19,lag_01__CT_unique_places,CT_unique_places,False,1.5985536575317383,0.00019863097986672074,0.0003175222793650595
119928,5.0,0.023389339447021484,20,lag_10__T_flashed_players,T_flashed_players,False,-0.2732827663421631,-0.0011602562153711915,0.0003170780282023278
122008,37.5,0.02329874038696289,1,lag_01__T_place_DECK,T_place_DECK,False,-24.256479263305664,-0.0006272147293202579,0.015214021075396711
122008,37.5,0.02329874038696289,2,lag_10__T4__flash_duration,T4__flash_duration,True,7.262770175933838,-0.0004943676758557558,-0.00359047881215091
122008,37.5,0.02329874038696289,3,lag_06__T3__duck_amount,T3__duck_amount,False,3.7704498767852783,-0.0007399225141853094,-0.002789840752440653
122008,37.5,0.02329874038696289,4,lag_01__T_place_SECONDMID,T_place_SECONDMID,False,3.2740612030029297,0.000686042825691402,0.0022461461991947207
122008,37.5,0.02329874038696289,5,lag_10__T_flashed_players,T_flashed_players,False,1.9296237230300903,-0.0011602562153711915,-0.002238857917973361
122008,37.5,0.02329874038696289,6,lag_14__T3__duck_amount,T3__duck_amount,False,3.7704498767852783,0.0005507018067874014,0.002076393559546988
122008,37.5,0.02329874038696289,7,lag_00__utility_damage_diff_last_5s,utility_damage_diff_last_5s,True,2.618265390396118,0.0007098214700818062,0.0018585009884752868
122008,37.5,0.02329874038696289,8,lag_10__T_flash_duration_sum,T_flash_duration_sum,True,2.9531896114349365,-0.0005733251455239952,-0.0016931378637358857
122008,37.5,0.02329874038696289,9,lag_05__CT3__duck_amount,CT3__duck_amount,False,3.7208433151245117,-0.0004106589185539633,-0.0015279974918977757
122008,37.5,0.02329874038696289,10,lag_08__T4__is_walking,T4__is_walking,False,2.307980537414551,0.0005761355278082192,0.0013297095850944296
122008,37.5,0.02329874038696289,11,lag_03__T3__duck_amount,T3__duck_amount,False,3.7704498767852783,0.0003396302054170519,0.0012805586661672821
122008,37.5,0.02329874038696289,12,lag_14__T4__is_walking,T4__is_walking,False,2.307980537414551,0.0005385952536016703,0.0012430673628565092
122008,37.5,0.02329874038696289,13,lag_02__T4__is_walking,T4__is_walking,False,-2.307980537414551,-0.000464164768345654,0.001071283251495303
122008,37.5,0.02329874038696289,14,lag_10__T3__is_walking,T3__is_walking,False,-2.3223767280578613,0.0004356538411229849,-0.001011752342113037
122008,37.5,0.02329874038696289,15,lag_11__T2__is_walking,T2__is_walking,False,2.2968344688415527,0.0004402948834467679,0.0010112844647551106
122008,37.5,0.02329874038696289,16,lag_03__T3__is_walking,T3__is_walking,False,-2.3223767280578613,-0.0004129338776692748,0.0009589880277258156
122008,37.5,0.02329874038696289,17,lag_15__CT4__is_walking,CT4__is_walking,False,-2.384641170501709,0.0003982839407399297,-0.0009497642826380992
122008,37.5,0.02329874038696289,18,lag_04__CT3__duck_amount,CT3__duck_amount,False,-3.7208433151245117,0.0002510395715944469,-0.000934078911798919
122008,37.5,0.02329874038696289,19,lag_11__CT2__is_walking,CT2__is_walking,False,2.360051155090332,0.0003682550450321287,0.0008691007443959176
122008,37.5,0.02329874038696289,20,lag_14__T3__is_walking,T3__is_walking,False,-2.3223767280578613,-0.00037350942147895694,0.0008674295881530847
122648,47.5,0.01782473921775818,1,lag_13__T_place_BALCONY,T_place_BALCONY,False,-13.751577377319336,-0.0006514210253953934,0.008958066635937456
122648,47.5,0.01782473921775818,2,lag_07__T_place_BALCONY,T_place_BALCONY,False,-13.751577377319336,0.0005254644784145057,-0.007225965433949821
122648,47.5,0.01782473921775818,3,lag_02__T_place_PIT,T_place_PIT,False,-6.3102264404296875,-0.0004979694494977593,0.003142299986746977
122648,47.5,0.01782473921775818,4,lag_02__T5__flash_duration,T5__flash_duration,True,-7.137953758239746,-0.00033940569846890867,0.0024226621809541327
122648,47.5,0.01782473921775818,5,lag_11__CT_flashed_players,CT_flashed_players,False,-4.379879951477051,0.0005214161355979741,-0.002283740078682206
122648,47.5,0.01782473921775818,6,lag_01__T_utility_damage_last_5s,T_utility_damage_last_5s,True,-6.710264205932617,-0.0002855222555808723,0.0019159297716214718
122648,47.5,0.01782473921775818,7,lag_07__CT5__is_scoped,CT5__is_scoped,False,3.5760385990142822,0.0004739676951430738,0.001694926772517466
122648,47.5,0.01782473921775818,8,lag_12__CT2__is_walking,CT2__is_walking,False,-2.360051155090332,-0.0005939917173236609,0.0014018508385837958
122648,47.5,0.01782473921775818,9,lag_09__T_place_SECONDMID,T_place_SECONDMID,False,-3.2740612030029297,0.000413242174545303,-0.0013529801711233413
122648,47.5,0.01782473921775818,10,lag_15__T3__duck_amount,T3__duck_amount,False,3.7704498767852783,-0.00035632168874144554,-0.0013434930674111056
122648,47.5,0.01782473921775818,11,lag_02__CT1__duck_amount,CT1__duck_amount,False,-2.863501787185669,0.00045581706217490137,-0.0013052329721675512
122648,47.5,0.01782473921775818,12,lag_09__T_place_BALCONY,T_place_BALCONY,False,13.751577377319336,8.928103488869965e-05,0.0012277550595991005
122648,47.5,0.01782473921775818,13,lag_03__T4__duck_amount,T4__duck_amount,False,3.6976382732391357,-0.00032167002791538835,-0.0011894194065738412
122648,47.5,0.01782473921775818,14,lag_10__T4__duck_amount,T4__duck_amount,False,-3.6976382732391357,0.00031839829171076417,-0.0011773217095636807
122648,47.5,0.01782473921775818,15,lag_11__T4__duck_amount,T4__duck_amount,False,3.6976382732391357,0.0003145233786199242,0.0011629936826135154
122648,47.5,0.01782473921775818,16,lag_10__CT_flashed_players,CT_flashed_players,False,-2.1899399757385254,-0.0005193882971070707,0.0011374291947655324
122648,47.5,0.01782473921775818,17,lag_15__T_flashed_players,T_flashed_players,False,-1.9296237230300903,-0.0005744826630689204,0.0011085353751272911
122648,47.5,0.01782473921775818,18,lag_06__T5__duck_amount,T5__duck_amount,False,-3.7970333099365234,-0.0002885430585592985,0.0010956076047006214
122648,47.5,0.01782473921775818,19,lag_01__utility_damage_diff_last_5s,utility_damage_diff_last_5s,True,4.243395805358887,0.00023207240155898035,0.0009847750553149404
122648,47.5,0.01782473921775818,20,lag_02__T_flash_duration_sum,T_flash_duration_sum,True,-2.899358034133911,-0.00032056396594271064,0.0009294297101098276
120792,18.5,-0.017792701721191406,1,lag_11__T_place_BACKALLEY,T_place_BACKALLEY,False,3.025209665298462,-0.0006680043879896402,-0.0020208533310080434
120792,18.5,-0.017792701721191406,2,lag_07__T4__flash_duration,T4__flash_duration,True,-6.504885196685791,0.0002762229123618454,-0.0017967983336080046
120792,18.5,-0.017792701721191406,3,lag_02__T4__duck_amount,T4__duck_amount,False,2.198122501373291,0.0007360627641901374,0.0016179561243893636
120792,18.5,-0.017792701721191406,4,lag_03__T_place_LOWERMID,T_place_LOWERMID,False,3.3263463973999023,-0.00043349445331841707,-0.0014419527130885568
120792,18.5,-0.017792701721191406,5,lag_12__CT2__is_walking,CT2__is_walking,False,-2.360051155090332,-0.0005939917173236609,0.0014018508385837958
120792,18.5,-0.017792701721191406,6,lag_11__T_place_SECONDMID,T_place_SECONDMID,False,-3.274061679840088,0.0003458225983195007,-0.0011322445171806084
120792,18.5,-0.017792701721191406,7,lag_06__T_place_APARTMENTS,T_place_APARTMENTS,False,-2.288959503173828,0.0004327136557549238,-0.0009904640344933213
120792,18.5,-0.017792701721191406,8,lag_13__T_place_UNDERPASS,T_place_UNDERPASS,False,3.9171202182769775,-0.00024025161110330373,-0.0009410944433263686
120792,18.5,-0.017792701721191406,9,lag_07__T_flashed_players,T_flashed_players,False,-1.9296237230300903,0.00044088633148930967,-0.0008507447244014803
120792,18.5,-0.017792701721191406,10,lag_06__T_place_BACKALLEY,T_place_BACKALLEY,False,3.025209903717041,-0.0002554414386395365,-0.0007727639699920547
120792,18.5,-0.017792701721191406,11,lag_10__CT1__is_walking,CT1__is_walking,False,-2.3343825340270996,0.00024633793509565294,-0.0005750469731555935
120792,18.5,-0.017792701721191406,12,lag_08__T_place_UNDERPASS,T_place_UNDERPASS,False,-3.9171202182769775,0.00014577530964743346,-0.0005710194127455485
120792,18.5,-0.017792701721191406,13,lag_05__T_active_infernos,T_active_infernos,True,2.082643747329712,-0.00026470990269444883,-0.0005512964237028503
120792,18.5,-0.017792701721191406,14,lag_05__T_B_site_active_infernos,T_B_site_active_infernos,True,2.8273046016693115,-0.00018572283443063498,-0.0005250950244208019
120792,18.5,-0.017792701721191406,15,lag_15__CT_velocity_mean,CT_velocity_mean,False,-1.6038880348205566,0.0003249151341151446,-0.0005211274959393969
120792,18.5,-0.017792701721191406,16,lag_09__CT1__is_walking,CT1__is_walking,False,2.3343825340270996,0.00022082190844230354,0.0005154828061982447
120792,18.5,-0.017792701721191406,17,lag_08__T3__is_walking,T3__is_walking,False,2.3223767280578613,-0.00021952461975160986,-0.0005098188681468899
120792,18.5,-0.017792701721191406,18,lag_01__T5__is_walking,T5__is_walking,False,2.3193888664245605,-0.00021687510889023542,-0.0005030177129646263
120792,18.5,-0.017792701721191406,19,lag_01__T_B_site_active_infernos,T_B_site_active_infernos,True,-2.8273046016693115,0.00017700808530207723,-0.000500455774107237
120792,18.5,-0.017792701721191406,20,lag_01__CT3__is_walking,CT3__is_walking,False,-2.387126922607422,-0.00020937243243679404,0.0004997985703216745
125880,98.0,0.017683029174804688,1,lag_00__T_place_QUAD,T_place_QUAD,False,24.086301803588867,0.000638709228951484,0.015384143253262983
125880,98.0,0.017683029174804688,2,lag_07__CT3__duck_amount,CT3__duck_amount,False,-3.7208433151245117,-0.0005844108527526259,0.0021745012147508236
125880,98.0,0.017683029174804688,3,lag_06__T4__duck_amount,T4__duck_amount,False,-3.6976382732391357,0.0004179595853202045,-0.0015454633593471462
125880,98.0,0.017683029174804688,4,lag_03__T3__duck_amount,T3__duck_amount,False,3.7704498767852783,0.0003396302054170519,0.0012805586661672821
125880,98.0,0.017683029174804688,5,lag_08__T4__duck_amount,T4__duck_amount,False,2.106947183609009,-0.0005750535638071597,-0.0012116074866878185
125880,98.0,0.017683029174804688,6,lag_12__CT3__duck_amount,CT3__duck_amount,False,-3.7208433151245117,0.0003121037152595818,-0.001161289022549139
125880,98.0,0.017683029174804688,7,lag_07__CT_place_RUINS,CT_place_RUINS,False,-3.493913412094116,0.0003142493078485131,-0.0010979598714332128
125880,98.0,0.017683029174804688,8,lag_02__T4__is_walking,T4__is_walking,False,-2.307980537414551,-0.000464164768345654,0.001071283251495303
125880,98.0,0.017683029174804688,9,lag_04__CT3__is_walking,CT3__is_walking,False,-2.387126922607422,0.0004291778604965657,-0.0010245020253784043
125880,98.0,0.017683029174804688,10,lag_10__T3__is_walking,T3__is_walking,False,-2.3223767280578613,0.0004356538411229849,-0.001011752342113037
125880,98.0,0.017683029174804688,11,lag_11__T2__is_walking,T2__is_walking,False,-2.2968344688415527,0.0004402948834467679,-0.0010112844647551106
125880,98.0,0.017683029174804688,12,lag_04__CT_place_RUINS,CT_place_RUINS,False,3.493913412094116,0.0002781023795250803,0.0009716656337579663
125880,98.0,0.017683029174804688,13,lag_11__CT2__is_walking,CT2__is_walking,False,2.360051155090332,0.0003682550450321287,0.0008691007443959176
125880,98.0,0.017683029174804688,14,lag_00__T2__duck_amount,T2__duck_amount,False,1.5465173721313477,-0.0005197543068788946,-0.0008038090648282981
125880,98.0,0.017683029174804688,15,lag_04__T_duck_amount_mean,T_duck_amount_mean,False,-1.4539684057235718,-0.0005479127285070717,0.0007966477963430793
125880,98.0,0.017683029174804688,16,lag_00__CT2__is_walking,CT2__is_walking,False,-2.360051155090332,-0.00033712375443428755,0.0007956293060610298
125880,98.0,0.017683029174804688,17,lag_02__T3__duck_amount,T3__duck_amount,False,-3.7704498767852783,-0.0002037809754256159,0.0007683459536846973
125880,98.0,0.017683029174804688,18,lag_13__T_place_TOPOFMID,T_place_TOPOFMID,False,2.0359649658203125,0.00031631396268494427,0.0006440041462263402
125880,98.0,0.017683029174804688,19,lag_13__T2__is_walking,T2__is_walking,False,2.2968344688415527,0.00027503244928084314,0.0006317040095581566
125880,98.0,0.017683029174804688,20,lag_06__CT2__is_walking,CT2__is_walking,False,-2.360051155090332,0.00024117632710840553,-0.0005691884693726362
120248,10.0,0.017679929733276367,1,lag_11__CT_place_LIBRARY,CT_place_LIBRARY,False,-6.411735534667969,-0.0005483959103003144,0.003516169545139114
120248,10.0,0.017679929733276367,2,lag_10__T_place_LOWERMID,T_place_LOWERMID,False,6.6526923179626465,0.00047533458564430475,0.003162254746377824
120248,10.0,0.017679929733276367,3,lag_01__T_place_SECONDMID,T_place_SECONDMID,False,3.274061679840088,0.000686042825691402,0.002246146526325432
120248,10.0,0.017679929733276367,4,lag_07__T_place_LOWERMID,T_place_LOWERMID,False,-6.652692794799805,-0.0003017595736309886,0.002007513741256739
120248,10.0,0.017679929733276367,5,lag_11__CT3__duck_amount,CT3__duck_amount,False,-3.7208433151245117,-0.00042933892109431326,0.0015975028544765457
120248,10.0,0.017679929733276367,6,lag_05__T_place_LOWERMID,T_place_LOWERMID,False,-3.3263461589813232,-0.000357313227141276,0.0011885474806546045
120248,10.0,0.017679929733276367,7,lag_02__T_flashed_players,T_flashed_players,False,3.8592474460601807,-0.0003077391011174768,-0.0011876413400404781
120248,10.0,0.017679929733276367,8,lag_12__CT3__duck_amount,CT3__duck_amount,False,3.7208433151245117,0.0003121037152595818,0.001161289022549139
120248,10.0,0.017679929733276367,9,lag_06__T_place_SECONDMID,T_place_SECONDMID,False,3.274061679840088,0.0003358133544679731,0.001099473635442147
120248,10.0,0.017679929733276367,10,lag_07__CT_place_RUINS,CT_place_RUINS,False,3.493913412094116,0.0003142493078485131,0.0010979598714332128
120248,10.0,0.017679929733276367,11,lag_02__T4__flash_duration,T4__flash_duration,True,6.504885196685791,-0.00016471736307721585,-0.0010714675367181
120248,10.0,0.017679929733276367,12,lag_08__CT_place_LIBRARY,CT_place_LIBRARY,False,-6.411735534667969,0.00015439282287843525,-0.000989925948747361
120248,10.0,0.017679929733276367,13,lag_01__CT5__duck_amount,CT5__duck_amount,False,3.7749595642089844,0.00025983434170484543,0.0009808641333286516
120248,10.0,0.017679929733276367,14,lag_04__CT_place_RUINS,CT_place_RUINS,False,-3.493913412094116,0.0002781023795250803,-0.0009716656337579663
120248,10.0,0.017679929733276367,15,lag_02__T_flash_duration_sum,T_flash_duration_sum,True,2.92400860786438,-0.00032056396594271064,-0.0009373317957876298
120248,10.0,0.017679929733276367,16,lag_11__T_place_LOWERMID,T_place_LOWERMID,False,6.652692794799805,-0.00013907683023717254,-0.0009252354264424334
120248,10.0,0.017679929733276367,17,lag_01__T_place_LOWERMID,T_place_LOWERMID,False,-3.3263463973999023,0.00023485113342758268,-0.0007811962216021234
120248,10.0,0.017679929733276367,18,lag_10__T_macro_MID,T_macro_MID,False,2.0557377338409424,0.0003666694101411849,0.0007537761422724346
120248,10.0,0.017679929733276367,19,lag_09__T_place_LOWERMID,T_place_LOWERMID,False,3.3263463973999023,0.00021904030290897936,0.0007286039224666668
120248,10.0,0.017679929733276367,20,lag_00__CT5__duck_amount,CT5__duck_amount,False,-3.7749595642089844,-0.00018746807472780347,0.0007076844016775663
126552,108.5,-0.01734301634132862,1,lag_03__T_place_GRAVEYARD,T_place_GRAVEYARD,False,19.65784454345703,-0.0008989752968773246,-0.01767191663442258
126552,108.5,-0.01734301634132862,2,lag_02__T_place_PIT,T_place_PIT,False,6.3102264404296875,-0.0004979694494977593,-0.003142299986746977
126552,108.5,-0.01734301634132862,3,lag_14__CT5__is_scoped,CT5__is_scoped,False,-3.5760385990142822,-0.0008743734215386212,0.0031267931053742953
126552,108.5,-0.01734301634132862,4,lag_10__T_flashed_players,T_flashed_players,False,-1.9296237230300903,-0.0011602562153711915,0.002238857917973361
126552,108.5,-0.01734301634132862,5,lag_07__CT3__duck_amount,CT3__duck_amount,False,-3.7208433151245117,-0.0005844108527526259,0.0021745012147508236
126552,108.5,-0.01734301634132862,6,lag_14__T3__duck_amount,T3__duck_amount,False,-3.7704498767852783,0.0005507018067874014,-0.002076393559546988
126552,108.5,-0.01734301634132862,7,lag_14__CT2__duck_amount,CT2__duck_amount,False,-3.8097944259643555,-0.00046352235949598253,0.0017659249015176404
126552,108.5,-0.01734301634132862,8,lag_05__CT3__duck_amount,CT3__duck_amount,False,-3.7208433151245117,-0.0004106589185539633,0.0015279974918977757
126552,108.5,-0.01734301634132862,9,lag_01__T_kills_last_3s,T_kills_last_3s,False,3.1681017875671387,-0.0004472526197787374,-0.0014169418242151038
126552,108.5,-0.01734301634132862,10,lag_01__kill_diff_last_3s,kill_diff_last_3s,False,-2.4069459438323975,0.0005806471453979611,-0.001397586291413483
126552,108.5,-0.01734301634132862,11,lag_12__CT5__is_scoped,CT5__is_scoped,False,3.5760385990142822,0.0003804228617809713,0.0013604068376762285
126552,108.5,-0.01734301634132862,12,lag_15__T3__duck_amount,T3__duck_amount,False,3.7704498767852783,-0.00035632168874144554,-0.0013434930674111056
126552,108.5,-0.01734301634132862,13,lag_10__T2__duck_amount,T2__duck_amount,False,-3.8233180046081543,-0.0003491787938401103,0.0013350215693162526
126552,108.5,-0.01734301634132862,14,lag_10__T_place_ARCH,T_place_ARCH,False,-9.303513526916504,-0.00013410633255261928,0.0012476600789484565
126552,108.5,-0.01734301634132862,15,lag_11__kill_diff_last_3s,kill_diff_last_3s,False,-2.4069459438323975,0.0004664371663238853,-0.0011226890455359531
126552,108.5,-0.01734301634132862,16,lag_07__CT_place_RUINS,CT_place_RUINS,False,-3.493913412094116,0.0003142493078485131,-0.0010979598714332128
126552,108.5,-0.01734301634132862,17,lag_14__CT_scoped_count,CT_scoped_count,False,-2.141930103302002,-0.0005059474497102201,0.0010837040732231962
126552,108.5,-0.01734301634132862,18,lag_02__T4__flash_duration,T4__flash_duration,True,-6.295469284057617,-0.00016471736307721585,0.0010369730998035787
126552,108.5,-0.01734301634132862,19,lag_03__T2__duck_amount,T2__duck_amount,False,3.8233180046081543,-0.00026269908994436264,-0.0010043821603784586
126552,108.5,-0.01734301634132862,20,lag_09__CT2__duck_amount,CT2__duck_amount,False,3.8097944259643555,-0.00025416503194719553,-0.0009683165219874779
120856,19.5,0.016695857048034668,1,lag_00__T_place_UPSTAIRS,T_place_UPSTAIRS,False,16.86671257019043,0.0009333100751973689,0.015741872777216837
120856,19.5,0.016695857048034668,2,lag_09__T4__flash_duration,T4__flash_duration,True,-6.504885196685791,0.0006221216171979904,-0.004046829698249432
120856,19.5,0.016695857048034668,3,lag_13__T_place_SECONDMID,T_place_SECONDMID,False,-3.274061679840088,-0.0007598143420182168,0.002487679020994754
120856,19.5,0.016695857048034668,4,lag_10__T_place_SECONDMID,T_place_SECONDMID,False,-3.2740612030029297,0.0006682166131213307,-0.0021877820882225674
120856,19.5,0.016695857048034668,5,lag_15__CT_place_BALCONY,CT_place_BALCONY,False,-6.417822360992432,-0.00030428869649767876,0.0019528708005800421
120856,19.5,0.016695857048034668,6,lag_00__T_place_LOWERMID,T_place_LOWERMID,False,-3.3263463973999023,0.0005207075155340135,-0.0017320535683956195
120856,19.5,0.016695857048034668,7,lag_05__T_place_BACKALLEY,T_place_BACKALLEY,False,3.025209903717041,0.0005273811984807253,0.0015954388246780526
120856,19.5,0.016695857048034668,8,lag_05__T_place_LOWERMID,T_place_LOWERMID,False,3.3263463973999023,-0.000357313227141276,-0.0011885475658447164
120856,19.5,0.016695857048034668,9,lag_08__T_place_BACKALLEY,T_place_BACKALLEY,False,3.025209903717041,-0.00034508525277487934,-0.0010439553243212635
120856,19.5,0.016695857048034668,10,lag_04__CT3__is_walking,CT3__is_walking,False,2.387126922607422,0.0004291778604965657,0.0010245020253784043
120856,19.5,0.016695857048034668,11,lag_10__T3__is_walking,T3__is_walking,False,2.3223767280578613,0.0004356538411229849,0.001011752342113037
120856,19.5,0.016695857048034668,12,lag_09__T_flashed_players,T_flashed_players,False,-1.9296237230300903,0.0005203051841817796,-0.0010039932266127025
120856,19.5,0.016695857048034668,13,lag_11__CT1__is_walking,CT1__is_walking,False,2.3343825340270996,0.0004205553268548101,0.0009817370096019268
120856,19.5,0.016695857048034668,14,lag_00__CT3__duck_amount,CT3__duck_amount,False,-3.7208433151245117,0.00022309769701678306,-0.000830111574564571
120856,19.5,0.016695857048034668,15,lag_13__T5__is_walking,T5__is_walking,False,2.3193888664245605,-0.000305213121464476,-0.0007079079158113927
120856,19.5,0.016695857048034668,16,lag_15__CT5__is_scoped,CT5__is_scoped,False,3.5760385990142822,-0.0001798135635908693,-0.0006430202440272578
120856,19.5,0.016695857048034668,17,lag_02__T_place_APARTMENTS,T_place_APARTMENTS,False,2.288959264755249,0.0002727363316807896,0.0006242823532361039
120856,19.5,0.016695857048034668,18,lag_10__T_place_APARTMENTS,T_place_APARTMENTS,False,2.288959503173828,0.000269630691036582,0.0006171737325955107
120856,19.5,0.016695857048034668,19,lag_09__T_flash_duration_sum,T_flash_duration_sum,True,-2.6450178623199463,0.00022275320952758193,-0.0005891862180895518
120856,19.5,0.016695857048034668,20,lag_09__T4__is_walking,T4__is_walking,False,2.307980537414551,0.0002548225165810436,0.0005881254087640453
121016,22.0,0.016610682010650635,1,lag_05__T_place_UPSTAIRS,T_place_UPSTAIRS,False,16.86671257019043,0.00012939689622726291,0.002182500256140002
121016,22.0,0.016610682010650635,2,lag_15__T3__is_walking,T3__is_walking,False,2.3223767280578613,0.0007450400153174996,0.0017302635930452337
121016,22.0,0.016610682010650635,3,lag_10__T_place_LOWERMID,T_place_LOWERMID,False,3.3263463973999023,0.00047533458564430475,0.0015811274865175085
121016,22.0,0.016610682010650635,4,lag_05__CT3__duck_amount,CT3__duck_amount,False,-3.7208433151245117,-0.0004106589185539633,0.0015279974918977757
121016,22.0,0.016610682010650635,5,lag_14__T4__is_walking,T4__is_walking,False,2.307980537414551,0.0005385952536016703,0.0012430673628565092
121016,22.0,0.016610682010650635,6,lag_05__T_place_LOWERMID,T_place_LOWERMID,False,-3.3263463973999023,-0.000357313227141276,0.0011885475658447164
121016,22.0,0.016610682010650635,7,lag_09__T4__duck_amount,T4__duck_amount,False,2.198122501373291,0.00043730647303164005,0.0009612531983670403
121016,22.0,0.016610682010650635,8,lag_00__CT3__duck_amount,CT3__duck_amount,False,3.7208433151245117,0.00022309769701678306,0.000830111574564571
121016,22.0,0.016610682010650635,9,lag_08__T_active_infernos,T_active_infernos,True,-2.082643508911133,0.00034827395575121045,-0.0007253304932680615
121016,22.0,0.016610682010650635,10,lag_07__T_place_APARTMENTS,T_place_APARTMENTS,False,2.288959264755249,0.0002947725879494101,0.0006747224461826837
121016,22.0,0.016610682010650635,11,lag_08__active_infernos_total,active_infernos_total,True,-2.8735575675964355,0.00022954336600378156,-0.0006596060764717249
121016,22.0,0.016610682010650635,12,lag_14__T4__flash_duration,T4__flash_duration,True,-6.504885196685791,-9.889166540233418e-05,0.000643278930351248
121016,22.0,0.016610682010650635,13,lag_13__T2__is_walking,T2__is_walking,False,2.2968344688415527,0.00027503244928084314,0.0006317040095581566
121016,22.0,0.016610682010650635,14,lag_02__T_place_APARTMENTS,T_place_APARTMENTS,False,2.288959503173828,0.0002727363316807896,0.0006242824182615125
121016,22.0,0.016610682010650635,15,lag_10__T_place_APARTMENTS,T_place_APARTMENTS,False,-2.288959264755249,0.000269630691036582,-0.0006171736683105444
121016,22.0,0.016610682010650635,16,lag_06__CT3__duck_amount,CT3__duck_amount,False,3.7208433151245117,0.00016185805725399405,0.0006022484703325642
121016,22.0,0.016610682010650635,17,lag_05__T_active_infernos,T_active_infernos,True,-2.082643508911133,-0.00026470990269444883,0.0005512963605910914
121016,22.0,0.016610682010650635,18,lag_05__T_B_site_active_infernos,T_B_site_active_infernos,True,-2.8273046016693115,-0.00018572283443063498,0.0005250950244208019
121016,22.0,0.016610682010650635,19,lag_15__T_place_SECONDMID,T_place_SECONDMID,False,-3.2740612030029297,0.0001526399137219414,-0.0004997524195467229
121016,22.0,0.016610682010650635,20,lag_10__T4__duck_amount,T4__duck_amount,False,1.4995158910751343,0.00031839829171076417,0.0004774432981114671
120312,11.0,-0.016413748264312744,1,lag_04__T4__flash_duration,T4__flash_duration,True,6.504885196685791,-0.00034007610520347953,-0.0022121560224846737
120312,11.0,-0.016413748264312744,2,lag_14__CT_place_LIBRARY,CT_place_LIBRARY,False,6.411735534667969,-0.00033181949402205646,-0.002127538840916765
120312,11.0,-0.016413748264312744,3,lag_13__CT3__duck_amount,CT3__duck_amount,False,-3.7208433151245117,0.0004851756093557924,-0.0018052624227329617
120312,11.0,-0.016413748264312744,4,lag_02__CT5__duck_amount,CT5__duck_amount,False,-3.7749595642089844,0.0004325854533817619,-0.0016329925945811619
120312,11.0,-0.016413748264312744,5,lag_00__T4__duck_amount,T4__duck_amount,False,-3.6976382732391357,-0.00042046597809530795,0.0015547310932001387
120312,11.0,-0.016413748264312744,6,lag_02__T_A_site_active_infernos,T_A_site_active_infernos,True,2.9764554500579834,-0.0005132655496709049,-0.0015277120426449714
120312,11.0,-0.016413748264312744,7,lag_09__T_place_LOWERMID,T_place_LOWERMID,False,-6.652692794799805,0.00021904030290897936,-0.0014572078449333337
120312,11.0,-0.016413748264312744,8,lag_03__T_place_LOWERMID,T_place_LOWERMID,False,-3.3263463973999023,-0.00043349445331841707,0.0014419527130885568
120312,11.0,-0.016413748264312744,9,lag_13__T_place_LOWERMID,T_place_LOWERMID,False,6.652692794799805,-0.0002098303084494546,-0.0013959365811523072
120312,11.0,-0.016413748264312744,10,lag_09__T_place_SECONDMID,T_place_SECONDMID,False,3.2740612030029297,0.000413242174545303,0.0013529801711233413
120312,11.0,-0.016413748264312744,11,lag_07__T_place_LOWERMID,T_place_LOWERMID,False,-3.3263461589813232,-0.0003017595736309886,0.0010037567986832807
120312,11.0,-0.016413748264312744,12,lag_08__CT_place_RUINS,CT_place_RUINS,False,-3.493913412094116,0.00023426191182807088,-0.0008184908356789061
120312,11.0,-0.016413748264312744,13,lag_03__T_place_SECONDMID,T_place_SECONDMID,False,3.274061679840088,0.0002490394690539688,0.0008153705823973206
120312,11.0,-0.016413748264312744,14,lag_01__T4__duck_amount,T4__duck_amount,False,3.6976382732391357,0.0002160709263989702,0.0007989521271870685
120312,11.0,-0.016413748264312744,15,lag_06__CT_place_ARCH,CT_place_ARCH,False,4.080447673797607,-0.00018434850790072232,-0.0007522244402315623
120312,11.0,-0.016413748264312744,16,lag_12__T_place_LOWERMID,T_place_LOWERMID,False,6.6526923179626465,-0.0001071493243216537,-0.0007128314867895537
120312,11.0,-0.016413748264312744,17,lag_10__CT_place_LIBRARY,CT_place_LIBRARY,False,-6.411735534667969,-0.00010870929691009223,0.0006970152619472092
120312,11.0,-0.016413748264312744,18,lag_01__CT_place_BALCONY,CT_place_BALCONY,False,6.417822360992432,-0.00010206730075879022,-0.0006550498051359037
120312,11.0,-0.016413748264312744,19,lag_02__T_active_infernos,T_active_infernos,True,2.082643508911133,-0.00029549957253038883,-0.0006154202666164288
120312,11.0,-0.016413748264312744,20,lag_09__CT_place_RUINS,CT_place_RUINS,False,3.493913412094116,0.0001700500288279727,0.000594140076449045
122264,41.5,0.016267895698547363,1,lag_01__T_place_BALCONY,T_place_BALCONY,False,-13.751577377319336,-0.0011894683120772243,0.016357065531399373
122264,41.5,0.016267895698547363,2,lag_09__T_place_DECK,T_place_DECK,False,-24.256479263305664,-0.0006251743761822581,0.015164529291814999
122264,41.5,0.016267895698547363,3,lag_06__T_place_BALCONY,T_place_BALCONY,False,13.751577377319336,-0.0008166214684024453,-0.011229833310716364
122264,41.5,0.016267895698547363,4,lag_01__T_place_PIT,T_place_PIT,False,6.3102264404296875,-0.001360524445772171,-0.0085852173305625
122264,41.5,0.016267895698547363,5,lag_01__T5__flash_duration,T5__flash_duration,True,7.137953758239746,-0.0004394265706650913,-0.0031366065415492916
122264,41.5,0.016267895698547363,6,lag_05__T_flash_duration_sum,T_flash_duration_sum,True,-3.156754732131958,-0.0009710621670819819,0.0030654050911303604
122264,41.5,0.016267895698547363,7,lag_05__T_flashed_players,T_flashed_players,False,-3.8592472076416016,-0.0006758904783055186,0.0026084284410721192
122264,41.5,0.016267895698547363,8,lag_14__T3__duck_amount,T3__duck_amount,False,3.7704498767852783,0.0005507018067874014,0.002076393559546988
122264,41.5,0.016267895698547363,9,lag_01__CT_flashed_players,CT_flashed_players,False,4.379879951477051,0.0004563998954836279,0.0019989767520849633
122264,41.5,0.016267895698547363,10,lag_13__CT3__duck_amount,CT3__duck_amount,False,3.7208433151245117,0.0004851756093557924,0.0018052624227329617
122264,41.5,0.016267895698547363,11,lag_00__CT_flashed_players,CT_flashed_players,False,2.1899399757385254,0.0007712539518252015,0.0016889998605483236
122264,41.5,0.016267895698547363,12,lag_06__damage_diff_last_5s,damage_diff_last_5s,False,2.5943760871887207,-0.0005864716367796063,-0.0015215279902754397
122264,41.5,0.016267895698547363,13,lag_08__CT_utility_damage_last_5s,CT_utility_damage_last_5s,True,3.1920034885406494,-0.0004678838886320591,-0.0014934870047454973
122264,41.5,0.016267895698547363,14,lag_00__T5__duck_amount,T5__duck_amount,False,3.7970333099365234,-0.0003858840500470251,-0.0014652145918017667
122264,41.5,0.016267895698547363,15,lag_09__T_place_SECONDMID,T_place_SECONDMID,False,3.2740612030029297,0.000413242174545303,0.0013529801711233413
122264,41.5,0.016267895698547363,16,lag_03__T3__duck_amount,T3__duck_amount,False,3.7704498767852783,0.0003396302054170519,0.0012805586661672821
122264,41.5,0.016267895698547363,17,lag_05__CT_flashed_players,CT_flashed_players,False,-2.1899399757385254,-0.000531210214830935,0.0011633184849789147
122264,41.5,0.016267895698547363,18,lag_12__CT3__duck_amount,CT3__duck_amount,False,-3.7208433151245117,0.0003121037152595818,-0.001161289022549139
122264,41.5,0.016267895698547363,19,lag_06__CT_damage_last_5s,CT_damage_last_5s,False,2.506845474243164,-0.00040612005977891386,-0.0010180802338561334
122264,41.5,0.016267895698547363,20,lag_10__T3__is_walking,T3__is_walking,False,2.3223767280578613,0.0004356538411229849,0.001011752342113037
126264,104.0,-0.016238629817962646,1,lag_09__T_place_ARCH,T_place_ARCH,False,9.303513526916504,0.0008100880077108741,0.007536664737730958
126264,104.0,-0.016238629817962646,2,lag_12__T_place_QUAD,T_place_QUAD,False,24.086301803588867,-0.0002513895742595196,-0.006055045155890504
126264,104.0,-0.016238629817962646,3,lag_08__T_place_QUAD,T_place_QUAD,False,-24.086301803588867,0.00013609950838144869,-0.0032781338341956456
126264,104.0,-0.016238629817962646,4,lag_14__CT5__is_scoped,CT5__is_scoped,False,-3.5760385990142822,-0.0008743734215386212,0.0031267931053742953
126264,104.0,-0.016238629817962646,5,lag_06__T3__duck_amount,T3__duck_amount,False,3.7704498767852783,-0.0007399225141853094,-0.002789840752440653
126264,104.0,-0.016238629817962646,6,lag_04__T4__flash_duration,T4__flash_duration,True,6.295469284057617,-0.00034007610520347953,-0.002140938674550452
126264,104.0,-0.016238629817962646,7,lag_14__T3__duck_amount,T3__duck_amount,False,-3.7704498767852783,0.0005507018067874014,-0.002076393559546988
126264,104.0,-0.016238629817962646,8,lag_04__T_bomb_zone_count,T_bomb_zone_count,False,5.821373462677002,-0.00034561974462121725,-0.0020119816095151566
126264,104.0,-0.016238629817962646,9,lag_02__T2__duck_amount,T2__duck_amount,False,3.8233180046081543,-0.0004818271554540843,-0.0018421784385567325
126264,104.0,-0.016238629817962646,10,lag_03__CT_flashed_players,CT_flashed_players,False,-2.1899399757385254,0.0006955666467547417,-0.0015232492055186064
126264,104.0,-0.016238629817962646,11,lag_12__CT2__is_walking,CT2__is_walking,False,-2.360051155090332,-0.0005939917173236609,0.0014018508385837958
126264,104.0,-0.016238629817962646,12,lag_12__T_shots_fired_sum,T_shots_fired_sum,False,-6.747633457183838,-0.0002027835143962875,0.00136830882630571
126264,104.0,-0.016238629817962646,13,lag_15__T3__duck_amount,T3__duck_amount,False,3.7704498767852783,-0.00035632168874144554,-0.0013434930674111056
126264,104.0,-0.016238629817962646,14,lag_14__T4__is_walking,T4__is_walking,False,-2.307980537414551,0.0005385952536016703,-0.0012430673628565092
126264,104.0,-0.016238629817962646,15,lag_04__CT1__duck_amount,CT1__duck_amount,False,-1.6206581592559814,-0.0007108165300451219,0.0011519906091516513
126264,104.0,-0.016238629817962646,16,lag_14__CT_scoped_count,CT_scoped_count,False,-2.141930103302002,-0.0005059474497102201,0.0010837040732231962
126264,104.0,-0.016238629817962646,17,lag_12__T3__shots_fired,T3__shots_fired,False,-5.450135707855225,-0.0001944454706972465,0.0010597542030777798
126264,104.0,-0.016238629817962646,18,lag_01__T2__duck_amount,T2__duck_amount,False,-3.8233180046081543,-0.0002749538398347795,0.0010512359662764592
126264,104.0,-0.016238629817962646,19,lag_04__CT_place_RUINS,CT_place_RUINS,False,3.493913412094116,0.0002781023795250803,0.0009716656337579663
126264,104.0,-0.016238629817962646,20,lag_05__CT2__duck_amount,CT2__duck_amount,False,-3.8097944259643555,0.0002463442797306925,-0.0009385210637861963
119960,5.5,0.01612800359725952,1,lag_03__CT_place_LIBRARY,CT_place_LIBRARY,False,6.411735534667969,-0.0007810965762473643,-0.005008184673932714
119960,5.5,0.01612800359725952,2,lag_02__CT_place_LIBRARY,CT_place_LIBRARY,False,-6.411735534667969,-0.0004168027953710407,0.0026724292940294436
119960,5.5,0.01612800359725952,3,lag_00__T_place_LOWERMID,T_place_LOWERMID,False,3.3263463973999023,0.0005207075155340135,0.0017320535683956195
119960,5.5,0.01612800359725952,4,lag_01__T_place_LOWERMID,T_place_LOWERMID,False,6.6526923179626465,0.00023485113342758268,0.0015623923312184998
119960,5.5,0.01612800359725952,5,lag_01__T_macro_MID,T_macro_MID,False,2.0557377338409424,0.0004226144519634545,0.0008687844757677837
119960,5.5,0.01612800359725952,6,lag_07__CT_place_LIBRARY,CT_place_LIBRARY,False,6.411735534667969,0.00012422824511304498,0.0007965186536007529
119960,5.5,0.01612800359725952,7,lag_11__CT_closest_enemy_dist,CT_closest_enemy_dist,False,4.124736785888672,0.0001921862130984664,0.0007927175429078837
119960,5.5,0.01612800359725952,8,lag_11__T_closest_enemy_dist,T_closest_enemy_dist,False,4.026003360748291,0.00016521204088348895,0.0006651442318330106
119960,5.5,0.01612800359725952,9,lag_02__CT3__duck_amount,CT3__duck_amount,False,-3.7208433151245117,0.00017465600103605539,-0.0006498676139013865
119960,5.5,0.01612800359725952,10,lag_11__CT1__molly,CT1__molly,True,1.985326886177063,-0.0003140128101222217,-0.0006234180745396598
119960,5.5,0.01612800359725952,11,lag_11__centroid_distance_xy,centroid_distance_xy,False,3.842611789703369,0.00015458768757525831,0.0005940204708196686
119960,5.5,0.01612800359725952,12,lag_11__CT_place_CTSPAWN,CT_place_CTSPAWN,False,4.78255033493042,0.00012025801697745919,0.0005751400193736156
119960,5.5,0.01612800359725952,13,lag_11__T3__flash,T3__flash,True,2.2380197048187256,0.00023790006525814533,0.00053242503382539
119960,5.5,0.01612800359725952,14,lag_10__CT_velocity_mean,CT_velocity_mean,False,2.835827350616455,-0.000168887636391446,-0.0004789361784598295
119960,5.5,0.01612800359725952,15,lag_11__T_velocity_mean,T_velocity_mean,False,-1.7359485626220703,-0.0002737102913670242,0.0004751469868734537
119960,5.5,0.01612800359725952,16,lag_11__T3__molly,T3__molly,True,1.5932272672653198,-0.0002823699323926121,-0.0004498794757437745
119960,5.5,0.01612800359725952,17,lag_11__CT_smoke_inv,CT_smoke_inv,True,2.3161351680755615,0.00019357740529812872,0.00044835143615581247
119960,5.5,0.01612800359725952,18,lag_11__CT_walking_count,CT_walking_count,False,-1.0355465412139893,0.00039668884710408747,-0.0004107897635568028
119960,5.5,0.01612800359725952,19,lag_03__CT_duck_amount_mean,CT_duck_amount_mean,False,1.197706937789917,-0.00033361322130076587,-0.0003995708696903702
119960,5.5,0.01612800359725952,20,lag_11__CT5__smoke,CT5__smoke,True,1.5474231243133545,0.00024661936913616955,0.00038162451470487996
120376,12.0,0.015686631202697754,1,lag_08__CT_place_ARCH,CT_place_ARCH,False,4.080447673797607,0.0009525534696877003,0.0038868445895550163
120376,12.0,0.015686631202697754,2,lag_02__T4__duck_amount,T4__duck_amount,False,-3.6976382732391357,0.0007360627641901374,-0.0027216938483756448
120376,12.0,0.015686631202697754,3,lag_06__T4__flash_duration,T4__flash_duration,True,6.504885196685791,-0.00036726653343066573,-0.0023890266365512447
120376,12.0,0.015686631202697754,4,lag_10__T_place_SECONDMID,T_place_SECONDMID,False,3.274061679840088,0.0006682166131213307,0.0021877824068530782
120376,12.0,0.015686631202697754,5,lag_00__CT5__is_scoped,CT5__is_scoped,False,3.5760385990142822,0.0005902426782995462,0.002110730600384747
120376,12.0,0.015686631202697754,6,lag_03__CT_place_BALCONY,CT_place_BALCONY,False,6.417822360992432,0.00027479376876726747,0.0017635775938559528
120376,12.0,0.015686631202697754,7,lag_10__T_place_LOWERMID,T_place_LOWERMID,False,-3.326345920562744,0.00047533458564430475,-0.0015811272598603154
120376,12.0,0.015686631202697754,8,lag_05__T_flashed_players,T_flashed_players,False,-1.9296237230300903,-0.0006758904783055186,0.0013042143011084834
120376,12.0,0.015686631202697754,9,lag_03__T4__duck_amount,T4__duck_amount,False,3.6976382732391357,-0.00032167002791538835,-0.0011894194065738412
120376,12.0,0.015686631202697754,10,lag_05__T_place_LOWERMID,T_place_LOWERMID,False,-3.3263463973999023,-0.000357313227141276,0.0011885475658447164
120376,12.0,0.015686631202697754,11,lag_11__T_place_SECONDMID,T_place_SECONDMID,False,3.2740612030029297,0.0003458225983195007,0.0011322443522795433
120376,12.0,0.015686631202697754,12,lag_05__CT5__duck_amount,CT5__duck_amount,False,3.7749595642089844,0.0002987968036904931,0.0011279458518465013
120376,12.0,0.015686631202697754,13,lag_11__T_place_LOWERMID,T_place_LOWERMID,False,-6.652692794799805,-0.00013907683023717254,0.0009252354264424334
120376,12.0,0.015686631202697754,14,lag_03__CT4__duck_amount,CT4__duck_amount,False,-3.6725916862487793,-0.00023289330420084298,0.0008553220127910238
120376,12.0,0.015686631202697754,15,lag_15__CT_place_LIBRARY,CT_place_LIBRARY,False,-6.411735534667969,-0.0001277854316867888,0.00081932639315907
120376,12.0,0.015686631202697754,16,lag_08__CT_place_RUINS,CT_place_RUINS,False,-3.493913412094116,0.00023426191182807088,-0.0008184908356789061
120376,12.0,0.015686631202697754,17,lag_00__CT_scoped_count,CT_scoped_count,False,2.141930103302002,0.00035353712155483663,0.0007572518032930436
120376,12.0,0.015686631202697754,18,lag_10__CT_place_RUINS,CT_place_RUINS,False,-3.493913412094116,-0.0002121785219060257,0.0007413333834457685
120376,12.0,0.015686631202697754,19,lag_05__CT_place_BANANA,CT_place_BANANA,False,2.960339307785034,0.000246574665652588,0.0007299446750353086
120376,12.0,0.015686631202697754,20,lag_09__T_place_LOWERMID,T_place_LOWERMID,False,-3.3263461589813232,0.00021904030290897936,-0.000728603870243389
126008,100.0,-0.01536107063293457,1,lag_00__T_place_QUAD,T_place_QUAD,False,-24.086301803588867,0.000638709228951484,-0.015384143253262983
126008,100.0,-0.01536107063293457,2,lag_07__T3__duck_amount,T3__duck_amount,False,3.7704498767852783,-0.0008297670283354819,-0.003128594989748004
126008,100.0,-0.01536107063293457,3,lag_06__T3__duck_amount,T3__duck_amount,False,-3.7704498767852783,-0.0007399225141853094,0.002789840752440653
126008,100.0,-0.01536107063293457,4,lag_04__T_place_QUAD,T_place_QUAD,False,24.086301803588867,-8.294910367112607e-05,-0.0019979371453599237
126008,100.0,-0.01536107063293457,5,lag_13__CT3__duck_amount,CT3__duck_amount,False,3.6246578693389893,0.0004851756093557924,0.0017585955904628123
126008,100.0,-0.01536107063293457,6,lag_11__CT3__duck_amount,CT3__duck_amount,False,-3.7208433151245117,-0.00042933892109431326,0.0015975028544765457
126008,100.0,-0.01536107063293457,7,lag_04__T_shots_fired_sum,T_shots_fired_sum,False,-6.747633457183838,-0.000219249734072946,0.0014794168411092698
126008,100.0,-0.01536107063293457,8,lag_14__T4__is_walking,T4__is_walking,False,-2.307980537414551,0.0005385952536016703,-0.0012430673628565092
126008,100.0,-0.01536107063293457,9,lag_10__T4__duck_amount,T4__duck_amount,False,-3.6976382732391357,0.00031839829171076417,-0.0011773217095636807
126008,100.0,-0.01536107063293457,10,lag_09__CT_shots_fired_sum,CT_shots_fired_sum,False,1.389482021331787,0.0007826819201000035,0.0010875224564003971
126008,100.0,-0.01536107063293457,11,lag_11__CT1__duck_amount,CT1__duck_amount,False,-2.392807960510254,0.00044415416778065264,-0.0010627756283593526
126008,100.0,-0.01536107063293457,12,lag_15__CT2__is_walking,CT2__is_walking,False,2.360051155090332,-0.00043083936907351017,-0.0010168029506403276
126008,100.0,-0.01536107063293457,13,lag_12__T4__duck_amount,T4__duck_amount,False,2.106947183609009,0.0004697070689871907,0.0009896479861238039
126008,100.0,-0.01536107063293457,14,lag_03__CT_place_RUINS,CT_place_RUINS,False,-3.493913412094116,-0.0002494043146725744,0.0008713970800686491
126008,100.0,-0.01536107063293457,15,lag_14__T3__is_walking,T3__is_walking,False,-2.3223767280578613,-0.00037350942147895694,0.0008674295881530847
126008,100.0,-0.01536107063293457,16,lag_08__CT_place_RUINS,CT_place_RUINS,False,3.493913412094116,0.00023426191182807088,0.0008184908356789061
126008,100.0,-0.01536107063293457,17,lag_14__T_walking_count,T_walking_count,False,-2.3912696838378906,0.00027143245097249746,-0.0006490681912203478
126008,100.0,-0.01536107063293457,18,lag_06__damage_diff_last_5s,damage_diff_last_5s,False,-1.1054296493530273,-0.0005864716367796063,0.0006483031358007763
126008,100.0,-0.01536107063293457,19,lag_05__CT2__is_walking,CT2__is_walking,False,2.360051155090332,-0.0002599559666123241,-0.0006135093792760393
126008,100.0,-0.01536107063293457,20,lag_03__T_macro_A,T_macro_A,False,1.6668975353240967,-0.0003512002876959741,-0.0005854148939655329
126328,105.0,-0.015143781900405884,1,lag_14__T_place_QUAD,T_place_QUAD,False,24.086301803588867,0.0006592530407942832,0.015878967705504787
126328,105.0,-0.015143781900405884,2,lag_11__T_place_ARCH,T_place_ARCH,False,9.303513526916504,-0.000999709009192884,-0.009300806290006292
126328,105.0,-0.015143781900405884,3,lag_10__T_place_QUAD,T_place_QUAD,False,-24.086301803588867,-0.0003109611279796809,0.0074899035777030165
126328,105.0,-0.015143781900405884,4,lag_08__CT5__is_scoped,CT5__is_scoped,False,3.5760385990142822,0.0011209924705326557,0.004008712343829157
126328,105.0,-0.015143781900405884,5,lag_06__T_bomb_zone_count,T_bomb_zone_count,False,5.821373462677002,-0.0006540647591464221,-0.0038075552317672068
126328,105.0,-0.015143781900405884,6,lag_07__T3__duck_amount,T3__duck_amount,False,-3.7704498767852783,-0.0008297670283354819,0.003128594989748004
126328,105.0,-0.015143781900405884,7,lag_03__T_place_ARCH,T_place_ARCH,False,-9.303513526916504,0.00026554823853075504,-0.00247053162921973
126328,105.0,-0.015143781900405884,8,lag_06__T4__flash_duration,T4__flash_duration,True,6.295469284057617,-0.00036726653343066573,-0.002312115180275076
126328,105.0,-0.015143781900405884,9,lag_00__CT_place_RUINS,CT_place_RUINS,False,-3.493913412094116,0.000645243504550308,-0.002254424934614932
126328,105.0,-0.015143781900405884,10,lag_02__CT2__duck_amount,CT2__duck_amount,False,3.8097944259643555,-0.0005480936379171908,-0.002088124086643439
126328,105.0,-0.015143781900405884,11,lag_07__CT5__is_scoped,CT5__is_scoped,False,-3.5760385990142822,0.0004739676951430738,-0.001694926772517466
126328,105.0,-0.015143781900405884,12,lag_08__CT_scoped_count,CT_scoped_count,False,2.141930103302002,0.0006835056701675057,0.0014640213707093896
126328,105.0,-0.015143781900405884,13,lag_14__T3__shots_fired,T3__shots_fired,False,-5.450135707855225,0.00025157679920084774,-0.001371127696592464
126328,105.0,-0.015143781900405884,14,lag_12__CT5__is_scoped,CT5__is_scoped,False,-3.5760385990142822,0.0003804228617809713,-0.0013604068376762285
126328,105.0,-0.015143781900405884,15,lag_07__CT2__duck_amount,CT2__duck_amount,False,-3.8097944259643555,0.0003347429446876049,-0.0012753018048017317
126328,105.0,-0.015143781900405884,16,lag_09__CT_flashed_players,CT_flashed_players,False,2.1899399757385254,-0.0005501515115611255,-0.0012047987878806843
126328,105.0,-0.015143781900405884,17,lag_04__T2__duck_amount,T2__duck_amount,False,3.8233180046081543,-0.00030877365497872233,-0.0011805398744288154
126328,105.0,-0.015143781900405884,18,lag_05__CT_flashed_players,CT_flashed_players,False,-2.1899399757385254,-0.000531210214830935,0.0011633184849789147
126328,105.0,-0.015143781900405884,19,lag_15__CT2__is_walking,CT2__is_walking,False,2.360051155090332,-0.00043083936907351017,-0.0010168029506403276
126328,105.0,-0.015143781900405884,20,lag_05__CT1__duck_amount,CT1__duck_amount,False,-2.194793462753296,0.00046185965766198933,-0.0010136865573460094
119896,4.5,0.014392256736755371,1,lag_00__T_place_LOWERMID,T_place_LOWERMID,False,6.652692794799805,0.0005207075155340135,0.003464107136791239
119896,4.5,0.014392256736755371,2,lag_01__CT_place_LIBRARY,CT_place_LIBRARY,False,6.411735534667969,-0.00040003840695135295,-0.0025649404690819555
119896,4.5,0.014392256736755371,3,lag_00__CT_place_LIBRARY,CT_place_LIBRARY,False,-6.411735534667969,-0.00038585709990002215,0.0024740136787329003
119896,4.5,0.014392256736755371,4,lag_00__CT_place_RUINS,CT_place_RUINS,False,3.493913412094116,0.000645243504550308,0.002254424934614932
119896,4.5,0.014392256736755371,5,lag_05__CT_place_LIBRARY,CT_place_LIBRARY,False,6.411735534667969,-0.00025681674014776945,-0.0016466410187030434
119896,4.5,0.014392256736755371,6,lag_00__CT3__duck_amount,CT3__duck_amount,False,-3.7208433151245117,0.00022309769701678306,-0.000830111574564571
119896,4.5,0.014392256736755371,7,lag_09__CT_place_CTSPAWN,CT_place_CTSPAWN,False,4.78255033493042,0.00016141976811923087,0.0007719981660830183
119896,4.5,0.014392256736755371,8,lag_09__T_velocity_mean,T_velocity_mean,False,-1.7359485626220703,0.0004063413944095373,-0.0007053877595590841
119896,4.5,0.014392256736755371,9,lag_09__CT_closest_enemy_dist,CT_closest_enemy_dist,False,4.124736785888672,0.0001543098915135488,0.0006364876859524249
119896,4.5,0.014392256736755371,10,lag_09__T_closest_enemy_dist,T_closest_enemy_dist,False,4.026003360748291,0.0001436058373656124,0.000578157583857028
119896,4.5,0.014392256736755371,11,lag_00__CT_unique_places,CT_unique_places,False,1.5985536575317383,0.0003242366074118763,0.0005183096146839372
119896,4.5,0.014392256736755371,12,lag_08__CT_velocity_mean,CT_velocity_mean,False,2.835827350616455,0.00015349125897046179,0.00043527471026898884
119896,4.5,0.014392256736755371,13,lag_00__T_macro_MID,T_macro_MID,False,2.0557379722595215,0.00020998525724280626,0.00043167466692872053
119896,4.5,0.014392256736755371,14,lag_09__centroid_distance_xy,centroid_distance_xy,False,3.842611789703369,0.000107597115857061,0.0004134539459304219
119896,4.5,0.014392256736755371,15,lag_00__CT_duck_amount_mean,CT_duck_amount_mean,False,-1.197706937789917,0.0003346470184624195,-0.0004008090557231503
119896,4.5,0.014392256736755371,16,lag_09__T4__flash,T4__flash,True,1.9732310771942139,0.00020002832752652466,0.0003947021121945213
119896,4.5,0.014392256736755371,17,lag_09__T2__smoke,T2__smoke,True,1.5516093969345093,0.00023987995518837124,0.0003721999926065058
119896,4.5,0.014392256736755371,18,lag_00__T_unique_places,T_unique_places,False,0.8783379793167114,-0.00040315845399163663,-0.0003541093818234635
119896,4.5,0.014392256736755371,19,lag_09__CT3__utility_total,CT3__utility_total,True,2.0430431365966797,0.00016303561278618872,0.00033308878972365674
119896,4.5,0.014392256736755371,20,lag_09__T3__flash,T3__flash,True,2.2380197048187256,0.0001466314133722335,0.00032816399247247857
121080,23.0,-0.013951361179351807,1,lag_01__T_place_KITCHEN,T_place_KITCHEN,False,31.938587188720703,-0.00033489384804852307,-0.010696036364863937
121080,23.0,-0.013951361179351807,2,lag_07__CT3__duck_amount,CT3__duck_amount,False,-3.7208433151245117,-0.0005844108527526259,0.0021745012147508236
121080,23.0,-0.013951361179351807,3,lag_01__T_place_UPSTAIRS,T_place_UPSTAIRS,False,-16.86671257019043,8.263877680292353e-05,-0.0013938444954870316
121080,23.0,-0.013951361179351807,4,lag_07__T_place_UPSTAIRS,T_place_UPSTAIRS,False,16.86671257019043,-7.951354928081855e-05,-0.0013411321811552385
121080,23.0,-0.013951361179351807,5,lag_12__T5__is_walking,T5__is_walking,False,-2.3193888664245605,0.0004636989033315331,-0.0010754980737604364
121080,23.0,-0.013951361179351807,6,lag_04__CT3__is_walking,CT3__is_walking,False,2.387126922607422,0.0004291778604965657,0.0010245020253784043
121080,23.0,-0.013951361179351807,7,lag_15__T_place_BACKALLEY,T_place_BACKALLEY,False,3.025209903717041,0.000332457508193329,0.0010057537463515481
121080,23.0,-0.013951361179351807,8,lag_07__T_place_LOWERMID,T_place_LOWERMID,False,-3.3263463973999023,-0.0003017595736309886,0.0010037568706283695
121080,23.0,-0.013951361179351807,9,lag_00__CT3__duck_amount,CT3__duck_amount,False,-3.7208433151245117,0.00022309769701678306,-0.000830111574564571
121080,23.0,-0.013951361179351807,10,lag_00__CT_place_BALCONY,CT_place_BALCONY,False,6.417822360992432,-0.00010988285794155672,-0.0007052086627870775
121080,23.0,-0.013951361179351807,11,lag_12__T4__duck_amount,T4__duck_amount,False,1.4995158910751343,0.0004697070689871907,0.0007043332140966169
121080,23.0,-0.013951361179351807,12,lag_11__T4__duck_amount,T4__duck_amount,False,2.198122501373291,0.0003145233786199242,0.0006913609157524064
121080,23.0,-0.013951361179351807,13,lag_02__CT3__duck_amount,CT3__duck_amount,False,3.7208433151245117,0.00017465600103605539,0.0006498676139013865
121080,23.0,-0.013951361179351807,14,lag_00__CT_place_APARTMENTS,CT_place_APARTMENTS,False,-3.8415112495422363,0.00016746626351960003,-0.0006433235352293482
121080,23.0,-0.013951361179351807,15,lag_02__T_place_APARTMENTS,T_place_APARTMENTS,False,2.28895902633667,0.0002727363316807896,0.0006242822882106952
121080,23.0,-0.013951361179351807,16,lag_12__T_place_BACKALLEY,T_place_BACKALLEY,False,3.025209903717041,-0.00019349594367668033,-0.0005853658451397681
121080,23.0,-0.013951361179351807,17,lag_12__T_walking_count,T_walking_count,False,-1.5941797494888306,0.00032866629771888256,-0.0005239531561629096
121080,23.0,-0.013951361179351807,18,lag_01__T5__is_walking,T5__is_walking,False,2.3193888664245605,-0.00021687510889023542,-0.0005030177129646263
121080,23.0,-0.013951361179351807,19,lag_15__T2__is_walking,T2__is_walking,False,2.2968344688415527,0.00019982857338618487,0.00045897315521282317
121080,23.0,-0.013951361179351807,20,lag_08__T5__is_walking,T5__is_walking,False,-2.3193888664245605,0.00018412854115013033,-0.00042706568833460884
121592,31.0,-0.013725817203521729,1,lag_15__T_place_DECK,T_place_DECK,False,24.256479263305664,-0.0005606307531706989,-0.013598928238656494
121592,31.0,-0.013725817203521729,2,lag_15__T_place_KITCHEN,T_place_KITCHEN,False,-31.938587188720703,-0.0003129063406959176,0.00999378644422011
121592,31.0,-0.013725817203521729,3,lag_15__T3__is_walking,T3__is_walking,False,-2.3223767280578613,0.0007450400153174996,-0.0017302635930452337
121592,31.0,-0.013725817203521729,4,lag_06__CT_place_BALCONY,CT_place_BALCONY,False,-6.417822360992432,0.00022888356761541218,-0.0014689340783059154
121592,31.0,-0.013725817203521729,5,lag_00__CT_place_BANANA,CT_place_BANANA,False,-2.960339307785034,0.00034520821645855904,-0.001021933452552637
121592,31.0,-0.013725817203521729,6,lag_11__T2__is_walking,T2__is_walking,False,-2.2968344688415527,0.0004402948834467679,-0.0010112844647551106
121592,31.0,-0.013725817203521729,7,lag_11__CT1__is_walking,CT1__is_walking,False,2.3343825340270996,0.0004205553268548101,0.0009817370096019268
121592,31.0,-0.013725817203521729,8,lag_11__T4__duck_amount,T4__duck_amount,False,-3.0681588649749756,0.0003145233786199242,-0.0009650076923546011
121592,31.0,-0.013725817203521729,9,lag_15__CT4__is_walking,CT4__is_walking,False,-2.384641170501709,0.0003982839407399297,-0.0009497642826380992
121592,31.0,-0.013725817203521729,10,lag_07__CT2__is_walking,CT2__is_walking,False,2.360051155090332,0.00038290611701086164,0.0009036780237426378
121592,31.0,-0.013725817203521729,11,lag_14__T3__is_walking,T3__is_walking,False,2.3223767280578613,-0.00037350942147895694,-0.0008674295881530847
121592,31.0,-0.013725817203521729,12,lag_04__T3__is_walking,T3__is_walking,False,2.3223767280578613,0.00036516980617307127,0.0008480618596457407
121592,31.0,-0.013725817203521729,13,lag_11__CT2__duck_amount,CT2__duck_amount,False,3.8097944259643555,0.00022204955166671425,0.0008459631442277321
121592,31.0,-0.013725817203521729,14,lag_09__T3__is_walking,T3__is_walking,False,2.3223767280578613,0.00036043141153641045,0.0008370575222132054
121592,31.0,-0.013725817203521729,15,lag_05__T3__is_walking,T3__is_walking,False,-2.3223767280578613,0.0003475644043646753,-0.000807175484197814
121592,31.0,-0.013725817203521729,16,lag_02__CT_place_PIT,CT_place_PIT,False,4.305429458618164,-0.0001728679344523698,-0.0007442706974417068
121592,31.0,-0.013725817203521729,17,lag_15__CT1__is_walking,CT1__is_walking,False,-2.3343825340270996,-0.00031160173239186406,0.0007273976416681538
121592,31.0,-0.013725817203521729,18,lag_11__CT_walking_count,CT_walking_count,False,1.7948951721191406,0.00039668884710408747,0.0007120148965006345
121592,31.0,-0.013725817203521729,19,lag_10__T2__is_walking,T2__is_walking,False,2.2968344688415527,-0.0003049870138056576,-0.0007005046858578889
121592,31.0,-0.013725817203521729,20,lag_07__T1__is_walking,T1__is_walking,False,2.281590461730957,0.00030015932861715555,0.00068484066117247
122520,45.5,-0.012390106916427612,1,lag_09__CT_flashed_players,CT_flashed_players,False,4.379879951477051,-0.0005501515115611255,-0.0024095975757613686
122520,45.5,-0.012390106916427612,2,lag_09__T_flashed_players,T_flashed_players,False,3.8592474460601807,0.0005203051841817796,0.002007986453225405
122520,45.5,-0.012390106916427612,3,lag_14__T_place_BALCONY,T_place_BALCONY,False,13.751577377319336,0.00014580889546778053,0.0020051023083266506
122520,45.5,-0.012390106916427612,4,lag_02__CT1__duck_amount,CT1__duck_amount,False,-3.8154516220092773,0.00045581706217490137,-0.001739147949214731
122520,45.5,-0.012390106916427612,5,lag_09__T_place_PIT,T_place_PIT,False,6.3102264404296875,-0.00024615039001218975,-0.0015532646993769994
122520,45.5,-0.012390106916427612,6,lag_06__T4__duck_amount,T4__duck_amount,False,-3.6976382732391357,0.0004179595853202045,-0.0015454633593471462
122520,45.5,-0.012390106916427612,7,lag_11__T5__flash_duration,T5__flash_duration,True,-1.5373594760894775,0.0009890110231935978,-0.0015204654684636276
122520,45.5,-0.012390106916427612,8,lag_05__T_place_BALCONY,T_place_BALCONY,False,13.751577377319336,-0.00010424953507026657,-0.0014335955480683366
122520,45.5,-0.012390106916427612,9,lag_03__T_place_BALCONY,T_place_BALCONY,False,-13.751577377319336,-0.0001041392024490051,0.0014320783004898169
122520,45.5,-0.012390106916427612,10,lag_12__CT2__is_walking,CT2__is_walking,False,2.360051155090332,-0.0005939917173236609,-0.0014018508385837958
122520,45.5,-0.012390106916427612,11,lag_12__CT5__is_scoped,CT5__is_scoped,False,-3.5760385990142822,0.0003804228617809713,-0.0013604068376762285
122520,45.5,-0.012390106916427612,12,lag_15__CT_flashed_players,CT_flashed_players,False,2.1899399757385254,-0.0006049094372428954,-0.0013247153583197113
122520,45.5,-0.012390106916427612,13,lag_07__T4__duck_amount,T4__duck_amount,False,3.6976382732391357,0.0003377425018697977,0.0012488496014133044
122520,45.5,-0.012390106916427612,14,lag_09__T_flash_duration_sum,T_flash_duration_sum,True,5.545591354370117,0.00022275320952758193,0.0012352982729143536
122520,45.5,-0.012390106916427612,15,lag_09__T_place_BALCONY,T_place_BALCONY,False,-13.751577377319336,8.928103488869965e-05,-0.0012277550595991005
122520,45.5,-0.012390106916427612,16,lag_07__T_utility_damage_last_5s,T_utility_damage_last_5s,True,6.710264205932617,0.00017898688383866102,0.0012010492799539862
122520,45.5,-0.012390106916427612,17,lag_07__CT_flashed_players,CT_flashed_players,False,-4.379879951477051,-0.0002563144953455776,0.0011226267194370532
122520,45.5,-0.012390106916427612,18,lag_15__CT_shots_fired_sum,CT_shots_fired_sum,False,1.389482021331787,-0.0007539220969192684,-0.0010475611991540845
122520,45.5,-0.012390106916427612,19,lag_15__CT2__is_walking,CT2__is_walking,False,-2.360051155090332,-0.00043083936907351017,0.0010168029506403276
122520,45.5,-0.012390106916427612,20,lag_09__T5__flash_duration,T5__flash_duration,True,7.137953758239746,-0.00014178191486280411,-0.0010120327520453803
122904,51.5,-0.011583566665649414,1,lag_09__T_utility_damage_last_5s,T_utility_damage_last_5s,True,-6.710264205932617,0.0011333293514326215,-0.007604939380451148
122904,51.5,-0.011583566665649414,2,lag_00__T_place_BALCONY,T_place_BALCONY,False,13.751577377319336,-0.00035783127532340586,-0.004920744470634675
122904,51.5,-0.011583566665649414,3,lag_09__utility_damage_diff_last_5s,utility_damage_diff_last_5s,True,4.243395805358887,-0.0009674347820691764,-0.004105208696190632
122904,51.5,-0.011583566665649414,4,lag_10__T5__flash_duration,T5__flash_duration,True,-7.137953758239746,-0.0003998923348262906,0.002854412994264588
122904,51.5,-0.011583566665649414,5,lag_10__T_place_PIT,T_place_PIT,False,-6.3102264404296875,-0.00041958672227337956,0.002647687228942708
122904,51.5,-0.011583566665649414,6,lag_10__T_flashed_players,T_flashed_players,False,-1.9296237230300903,-0.0011602562153711915,0.002238857917973361
122904,51.5,-0.011583566665649414,7,lag_10__kill_diff_last_3s,kill_diff_last_3s,False,4.813891887664795,0.00043957619345746934,0.002116072271695482
122904,51.5,-0.011583566665649414,8,lag_10__T5__duck_amount,T5__duck_amount,False,-2.954214334487915,0.0006660933722741902,-0.001967782588479808
122904,51.5,-0.011583566665649414,9,lag_10__T_flash_duration_sum,T_flash_duration_sum,True,-2.899358034133911,-0.0005733251455239952,0.0016622748668459891
122904,51.5,-0.011583566665649414,10,lag_09__T4__duck_amount,T4__duck_amount,False,-3.6976382732391357,0.00043730647303164005,-0.0016170011518170102
122904,51.5,-0.011583566665649414,11,lag_00__T4__duck_amount,T4__duck_amount,False,3.6976382732391357,-0.00042046597809530795,-0.0015547310932001387
122904,51.5,-0.011583566665649414,12,lag_00__T_duck_amount_mean,T_duck_amount_mean,False,2.9079365730285645,-0.0004539376823231578,-0.0013200219883033326
122904,51.5,-0.011583566665649414,13,lag_11__CT1__duck_amount,CT1__duck_amount,False,2.863501787185669,0.00044415416778065264,0.0012718362532258623
122904,51.5,-0.011583566665649414,14,lag_11__T4__duck_amount,T4__duck_amount,False,3.6976382732391357,0.0003145233786199242,0.0011629936826135154
122904,51.5,-0.011583566665649414,15,lag_15__CT1__duck_amount,CT1__duck_amount,False,3.8154516220092773,-0.0002918790269177407,-0.0011136503066837833
122904,51.5,-0.011583566665649414,16,lag_07__CT_place_RUINS,CT_place_RUINS,False,3.493913412094116,0.0003142493078485131,0.0010979598714332128
122904,51.5,-0.011583566665649414,17,lag_09__CT_shots_fired_sum,CT_shots_fired_sum,False,-1.389482021331787,0.0007826819201000035,-0.0010875224564003971
122904,51.5,-0.011583566665649414,18,lag_10__T_kills_last_3s,T_kills_last_3s,False,-3.1681017875671387,-0.0003286496503278613,0.0010411955446870125
122904,51.5,-0.011583566665649414,19,lag_09__T_flashed_players,T_flashed_players,False,-1.9296237230300903,0.0005203051841817796,-0.0010039932266127025
122904,51.5,-0.011583566665649414,20,lag_10__CT_shots_fired_sum,CT_shots_fired_sum,False,-1.3894821405410767,-0.0006777507369406521,0.0009417225447175895
121528,30.0,0.011256158351898193,1,lag_13__T_place_DECK,T_place_DECK,False,24.256479263305664,0.0031888566445559263,0.07735043507232531
121528,30.0,0.011256158351898193,2,lag_13__T_place_KITCHEN,T_place_KITCHEN,False,-31.938587188720703,0.0010356907732784748,-0.033078500062908134
121528,30.0,0.011256158351898193,3,lag_15__T_place_UPSTAIRS,T_place_UPSTAIRS,False,-16.86671257019043,0.0008645682246424258,-0.014582423742363626
121528,30.0,0.011256158351898193,4,lag_15__T_place_KITCHEN,T_place_KITCHEN,False,31.938587188720703,-0.0003129063406959176,-0.00999378644422011
121528,30.0,0.011256158351898193,5,lag_00__CT_place_PIT,CT_place_PIT,False,4.305429458618164,0.0010505440877750516,0.004523043463083853
121528,30.0,0.011256158351898193,6,lag_14__CT_place_BALCONY,CT_place_BALCONY,False,6.417822360992432,-0.0005877211224287748,-0.0037718897615509617
121528,30.0,0.011256158351898193,7,lag_09__T4__duck_amount,T4__duck_amount,False,-3.0681588649749756,0.00043730647303164005,-0.0013417257319429665
121528,30.0,0.011256158351898193,8,lag_04__CT_place_BALCONY,CT_place_BALCONY,False,-6.417822360992432,0.00020738481543958187,-0.001330958905858437
121528,30.0,0.011256158351898193,9,lag_11__T2__is_walking,T2__is_walking,False,-2.2968344688415527,0.0004402948834467679,-0.0010112844647551106
121528,30.0,0.011256158351898193,10,lag_11__CT1__is_walking,CT1__is_walking,False,-2.3343825340270996,0.0004205553268548101,-0.0009817370096019268
121528,30.0,0.011256158351898193,11,lag_09__CT2__duck_amount,CT2__duck_amount,False,3.8097944259643555,-0.00025416503194719553,-0.0009683165219874779
121528,30.0,0.011256158351898193,12,lag_03__T3__is_walking,T3__is_walking,False,-2.3223767280578613,-0.0004129338776692748,0.0009589880277258156
121528,30.0,0.011256158351898193,13,lag_14__CT_place_APARTMENTS,CT_place_APARTMENTS,False,-3.8415112495422363,0.0002449800376780331,-0.0009410935706534451
121528,30.0,0.011256158351898193,14,lag_14__T3__is_walking,T3__is_walking,False,2.3223767280578613,-0.00037350942147895694,-0.0008674295881530847
121528,30.0,0.011256158351898193,15,lag_04__T3__is_walking,T3__is_walking,False,2.3223767280578613,0.00036516980617307127,0.0008480618596457407
121528,30.0,0.011256158351898193,16,lag_05__CT_A_site_active_infernos,CT_A_site_active_infernos,True,-3.5290780067443848,0.00023374264128506184,-0.0008248960145974538
121528,30.0,0.011256158351898193,17,lag_05__T3__is_walking,T3__is_walking,False,-2.3223767280578613,0.0003475644043646753,-0.000807175484197814
121528,30.0,0.011256158351898193,18,lag_15__CT1__is_walking,CT1__is_walking,False,2.3343825340270996,-0.00031160173239186406,-0.0007273976416681538
121528,30.0,0.011256158351898193,19,lag_13__T5__is_walking,T5__is_walking,False,-2.3193888664245605,-0.000305213121464476,0.0007079079158113927
121528,30.0,0.011256158351898193,20,lag_10__T2__is_walking,T2__is_walking,False,2.2968344688415527,-0.0003049870138056576,-0.0007005046858578889
126424,106.5,-0.010644614696502686,1,lag_13__T_place_QUAD,T_place_QUAD,False,-24.086301803588867,0.0007305110339075327,-0.017595309233548573
126424,106.5,-0.010644614696502686,2,lag_14__T_place_ARCH,T_place_ARCH,False,9.303513526916504,-0.0008214685949496925,-0.0076425441850515585
126424,106.5,-0.010644614696502686,3,lag_08__CT5__is_scoped,CT5__is_scoped,False,3.5760385990142822,0.0011209924705326557,0.004008712343829157
126424,106.5,-0.010644614696502686,4,lag_09__T4__flash_duration,T4__flash_duration,True,6.295469284057617,0.0006221216171979904,0.0039165475320182
126424,106.5,-0.010644614696502686,5,lag_02__CT_place_LIBRARY,CT_place_LIBRARY,False,6.411735534667969,-0.0004168027953710407,-0.0026724292940294436
126424,106.5,-0.010644614696502686,6,lag_09__T_bomb_zone_count,T_bomb_zone_count,False,5.821373462677002,-0.0004507429839577526,-0.0026239432452995065
126424,106.5,-0.010644614696502686,7,lag_09__T_flashed_players,T_flashed_players,False,3.8592474460601807,0.0005203051841817796,0.002007986453225405
126424,106.5,-0.010644614696502686,8,lag_07__T2__duck_amount,T2__duck_amount,False,3.8233180046081543,0.0004784164484590292,0.0018291382210940954
126424,106.5,-0.010644614696502686,9,lag_07__CT5__is_scoped,CT5__is_scoped,False,-3.5760385990142822,0.0004739676951430738,-0.001694926772517466
126424,106.5,-0.010644614696502686,10,lag_08__CT_scoped_count,CT_scoped_count,False,2.141930103302002,0.0006835056701675057,0.0014640213707093896
126424,106.5,-0.010644614696502686,11,lag_01__T_kills_last_3s,T_kills_last_3s,False,-3.1681017875671387,-0.0004472526197787374,0.0014169418242151038
126424,106.5,-0.010644614696502686,12,lag_01__kill_diff_last_3s,kill_diff_last_3s,False,2.4069459438323975,0.0005806471453979611,0.001397586291413483
126424,106.5,-0.010644614696502686,13,lag_06__T_place_ARCH,T_place_ARCH,False,-9.303513526916504,0.00012352490739431232,-0.0011492156468540932
126424,106.5,-0.010644614696502686,14,lag_05__CT2__duck_amount,CT2__duck_amount,False,3.8097944259643555,0.0002463442797306925,0.0009385210637861963
126424,106.5,-0.010644614696502686,15,lag_04__CT3__duck_amount,CT3__duck_amount,False,3.7208433151245117,0.0002510395715944469,0.000934078911798919
126424,106.5,-0.010644614696502686,16,lag_03__CT_place_RUINS,CT_place_RUINS,False,-3.493913412094116,-0.0002494043146725744,0.0008713970800686491
126424,106.5,-0.010644614696502686,17,lag_11__CT2__duck_amount,CT2__duck_amount,False,3.8097944259643555,0.00022204955166671425,0.0008459631442277321
126424,106.5,-0.010644614696502686,18,lag_06__T_macro_A,T_macro_A,False,1.6668972969055176,-0.0005026106955483556,-0.000837800409805356
126424,106.5,-0.010644614696502686,19,lag_06__T_place_BOMBSITEA,T_place_BOMBSITEA,False,1.6668972969055176,-0.0005026106955483556,-0.000837800409805356
126424,106.5,-0.010644614696502686,20,lag_11__CT1__duck_amount,CT1__duck_amount,False,1.7457424402236938,0.00044415416778065264,0.0007753787806969205
124088,70.0,-0.01034766435623169,1,lag_00__CT_place_RUINS,CT_place_RUINS,False,-6.987826824188232,0.000645243504550308,-0.004508849869229864
124088,70.0,-0.01034766435623169,2,lag_15__CT_flashed_players,CT_flashed_players,False,-4.379879951477051,-0.0006049094372428954,0.0026494307166394226
124088,70.0,-0.01034766435623169,3,lag_15__T3__is_walking,T3__is_walking,False,-2.3223767280578613,0.0007450400153174996,-0.0017302635930452337
124088,70.0,-0.01034766435623169,4,lag_03__T_flashes_last_5s,T_flashes_last_5s,True,-9.0607271194458,0.0001861054915934801,-0.0016862510747588377
124088,70.0,-0.01034766435623169,5,lag_07__CT3__duck_amount,CT3__duck_amount,False,2.2156026363372803,-0.0005844108527526259,-0.0012948222260628361
124088,70.0,-0.01034766435623169,6,lag_10__T4__duck_amount,T4__duck_amount,False,3.6976382732391357,0.00031839829171076417,0.0011773217095636807
124088,70.0,-0.01034766435623169,7,lag_14__T3__duck_amount,T3__duck_amount,False,2.1249780654907227,0.0005507018067874014,0.001170229260049338
124088,70.0,-0.01034766435623169,8,lag_05__CT1__duck_amount,CT1__duck_amount,False,2.455442190170288,0.00046185965766198933,0.0011340696893608546
124088,70.0,-0.01034766435623169,9,lag_02__T4__is_walking,T4__is_walking,False,2.307980537414551,-0.000464164768345654,-0.001071283251495303
124088,70.0,-0.01034766435623169,10,lag_04__CT3__is_walking,CT3__is_walking,False,-2.387126922607422,0.0004291778604965657,-0.0010245020253784043
124088,70.0,-0.01034766435623169,11,lag_14__T2__is_walking,T2__is_walking,False,2.2968344688415527,0.0004084695829078555,0.0009381870174960949
124088,70.0,-0.01034766435623169,12,lag_01__T2__is_walking,T2__is_walking,False,-2.2968344688415527,0.00039995761471800506,-0.0009186364355599635
124088,70.0,-0.01034766435623169,13,lag_05__T3__is_walking,T3__is_walking,False,-2.3223767280578613,0.0003475644043646753,-0.000807175484197814
124088,70.0,-0.01034766435623169,14,lag_00__CT2__is_walking,CT2__is_walking,False,2.360051155090332,-0.00033712375443428755,-0.0007956293060610298
124088,70.0,-0.01034766435623169,15,lag_02__CT1__duck_amount,CT1__duck_amount,False,1.7344276905059814,0.00045581706217490137,0.0007905817344412355
124088,70.0,-0.01034766435623169,16,lag_08__T1__is_walking,T1__is_walking,False,-2.281590461730957,-0.0003247926651965827,0.0007410438469526992
124088,70.0,-0.01034766435623169,17,lag_11__T3__duck_amount,T3__duck_amount,False,-3.7704498767852783,0.00018992852710653096,-0.0007161159916268291
124088,70.0,-0.01034766435623169,18,lag_15__T_walking_count,T_walking_count,False,-1.5941797494888306,0.00041995709761977196,-0.0006694871006795444
124088,70.0,-0.01034766435623169,19,lag_14__CT1__is_walking,CT1__is_walking,False,-2.3343825340270996,0.0002578163694124669,-0.0006018420297427413
124088,70.0,-0.01034766435623169,20,lag_15__T3__duck_amount,T3__duck_amount,False,1.6454718112945557,-0.00035632168874144554,-0.0005863172945769213
121816,34.5,0.010059595108032227,1,lag_06__T3__duck_amount,T3__duck_amount,False,-3.7704498767852783,-0.0007399225141853094,0.002789840752440653
121816,34.5,0.010059595108032227,2,lag_04__T4__flash_duration,T4__flash_duration,True,7.262770175933838,-0.00034007610520347953,-0.0024698945944195694
121816,34.5,0.010059595108032227,3,lag_00__T3__duck_amount,T3__duck_amount,False,3.7704498767852783,0.00042161077726632357,0.0015896623031951551
121816,34.5,0.010059595108032227,4,lag_08__T4__is_walking,T4__is_walking,False,2.307980537414551,0.0005761355278082192,0.0013297095850944296
121816,34.5,0.010059595108032227,5,lag_12__T5__is_walking,T5__is_walking,False,2.3193888664245605,0.0004636989033315331,0.0010754980737604364
121816,34.5,0.010059595108032227,6,lag_02__T4__is_walking,T4__is_walking,False,2.307980537414551,-0.000464164768345654,-0.001071283251495303
121816,34.5,0.010059595108032227,7,lag_11__T2__is_walking,T2__is_walking,False,2.2968344688415527,0.0004402948834467679,0.0010112844647551106
121816,34.5,0.010059595108032227,8,lag_14__T2__is_walking,T2__is_walking,False,2.2968344688415527,0.0004084695829078555,0.0009381870174960949
121816,34.5,0.010059595108032227,9,lag_14__CT_A_site_active_infernos,CT_A_site_active_infernos,True,-3.5290780067443848,-0.00026329600950703025,0.0009291921564148209
121816,34.5,0.010059595108032227,10,lag_14__T3__is_walking,T3__is_walking,False,-2.3223767280578613,-0.00037350942147895694,0.0008674295881530847
121816,34.5,0.010059595108032227,11,lag_04__T3__is_walking,T3__is_walking,False,-2.3223767280578613,0.00036516980617307127,-0.0008480618596457407
121816,34.5,0.010059595108032227,12,lag_15__CT1__is_walking,CT1__is_walking,False,-2.3343825340270996,-0.00031160173239186406,0.0007273976416681538
121816,34.5,0.010059595108032227,13,lag_12__T3__is_walking,T3__is_walking,False,-2.3223767280578613,0.00029835361056029797,-0.0006928894818972742
121816,34.5,0.010059595108032227,14,lag_03__CT4__duck_amount,CT4__duck_amount,False,-2.9266834259033203,-0.00023289330420084298,0.0006816049734084673
121816,34.5,0.010059595108032227,15,lag_05__CT2__is_walking,CT2__is_walking,False,2.360051155090332,-0.0002599559666123241,-0.0006135093792760393
121816,34.5,0.010059595108032227,16,lag_02__CT2__is_walking,CT2__is_walking,False,2.360051155090332,0.00024049539933912456,0.0005675814450042116
121816,34.5,0.010059595108032227,17,lag_03__T2__is_walking,T2__is_walking,False,-2.2968344688415527,0.0002332256262889132,-0.0005356806574775344
121816,34.5,0.010059595108032227,18,lag_00__T_duck_amount_mean,T_duck_amount_mean,False,1.1631747484207153,-0.0004539376823231578,-0.0005280088494349217
121816,34.5,0.010059595108032227,19,lag_06__T3__is_walking,T3__is_walking,False,2.3223767280578613,0.00022186199203133583,0.000515247127134133
121816,34.5,0.010059595108032227,20,lag_08__T3__is_walking,T3__is_walking,False,-2.3223767280578613,-0.00021952461975160986,0.0005098188681468899
120216,9.5,0.00975191593170166,1,lag_11__CT_place_LIBRARY,CT_place_LIBRARY,False,6.411735534667969,-0.0005483959103003144,-0.003516169545139114
120216,9.5,0.00975191593170166,2,lag_10__T_place_LOWERMID,T_place_LOWERMID,False,6.652692794799805,0.00047533458564430475,0.003162254973035017
120216,9.5,0.00975191593170166,3,lag_01__T4__flash_duration,T4__flash_duration,True,6.504885196685791,0.0004236715321894735,0.002755934677996494
120216,9.5,0.00975191593170166,4,lag_00__T_place_LOWERMID,T_place_LOWERMID,False,-3.3263463973999023,0.0005207075155340135,-0.0017320535683956195
120216,9.5,0.00975191593170166,5,lag_11__CT3__duck_amount,CT3__duck_amount,False,3.7208433151245117,-0.00042933892109431326,-0.0015975028544765457
120216,9.5,0.00975191593170166,6,lag_09__T_place_LOWERMID,T_place_LOWERMID,False,6.6526923179626465,0.00021904030290897936,0.001457207740486778
120216,9.5,0.00975191593170166,7,lag_06__T_place_LOWERMID,T_place_LOWERMID,False,-6.652692794799805,-0.0001867877144832164,0.001242641282299617
120216,9.5,0.00975191593170166,8,lag_05__T_place_LOWERMID,T_place_LOWERMID,False,-3.326345920562744,-0.000357313227141276,0.0011885473954644926
120216,9.5,0.00975191593170166,9,lag_06__T_place_SECONDMID,T_place_SECONDMID,False,3.2740612030029297,0.0003358133544679731,0.0010994734753138613
120216,9.5,0.00975191593170166,10,lag_00__CT_place_BANANA,CT_place_BANANA,False,2.960339307785034,0.00034520821645855904,0.001021933452552637
120216,9.5,0.00975191593170166,11,lag_03__CT_place_RUINS,CT_place_RUINS,False,-3.493913412094116,-0.0002494043146725744,0.0008713970800686491
120216,9.5,0.00975191593170166,12,lag_15__CT_place_LIBRARY,CT_place_LIBRARY,False,6.411735534667969,-0.0001277854316867888,-0.00081932639315907
120216,9.5,0.00975191593170166,13,lag_07__CT_place_LIBRARY,CT_place_LIBRARY,False,-6.411735534667969,0.00012422824511304498,-0.0007965186536007529
120216,9.5,0.00975191593170166,14,lag_10__T_macro_MID,T_macro_MID,False,2.0557379722595215,0.0003666694101411849,0.0007537762296932343
120216,9.5,0.00975191593170166,15,lag_10__CT_place_RUINS,CT_place_RUINS,False,3.493913412094116,-0.0002121785219060257,-0.0007413333834457685
120216,9.5,0.00975191593170166,16,lag_00__CT5__duck_amount,CT5__duck_amount,False,3.7749595642089844,-0.00018746807472780347,-0.0007076844016775663
120216,9.5,0.00975191593170166,17,lag_10__CT_place_LIBRARY,CT_place_LIBRARY,False,-6.411735534667969,-0.00010870929691009223,0.0006970152619472092
120216,9.5,0.00975191593170166,18,lag_03__CT_place_ARCH,CT_place_ARCH,False,4.080447673797607,-0.00016647588927298784,-0.0006792961551273513
120216,9.5,0.00975191593170166,19,lag_09__T_macro_MID,T_macro_MID,False,2.0557377338409424,0.0003033240791410208,0.0006235547550727527
120216,9.5,0.00975191593170166,20,lag_04__T_place_LOWERMID,T_place_LOWERMID,False,-3.3263461589813232,-0.00018010982603300363,0.000599107628019676
122328,42.5,-0.009710311889648438,1,lag_11__T_place_DECK,T_place_DECK,False,-24.256479263305664,-0.00044287825585342944,0.010742667229277691
122328,42.5,-0.009710311889648438,2,lag_03__T_place_PIT,T_place_PIT,False,6.3102264404296875,-0.0005178432911634445,-0.0032677084278986968
122328,42.5,-0.009710311889648438,3,lag_08__T_place_BALCONY,T_place_BALCONY,False,13.751577377319336,-0.00022411263489630073,-0.003081902240011397
122328,42.5,-0.009710311889648438,4,lag_03__CT_flashed_players,CT_flashed_players,False,4.379879951477051,0.0006955666467547417,0.003046498411037213
122328,42.5,-0.009710311889648438,5,lag_13__T3__duck_amount,T3__duck_amount,False,3.7704498767852783,0.000605045526754111,0.002281293831799522
122328,42.5,-0.009710311889648438,6,lag_14__T3__duck_amount,T3__duck_amount,False,-3.7704498767852783,0.0005507018067874014,-0.002076393559546988
122328,42.5,-0.009710311889648438,7,lag_07__T4__flash_duration,T4__flash_duration,True,-7.262770175933838,0.0002762229123618454,-0.002006143529811197
122328,42.5,-0.009710311889648438,8,lag_01__CT_flashed_players,CT_flashed_players,False,-4.379879951477051,0.0004563998954836279,-0.0019989767520849633
122328,42.5,-0.009710311889648438,9,lag_01__T_utility_damage_last_5s,T_utility_damage_last_5s,True,6.710264205932617,-0.0002855222555808723,-0.0019159297716214718
122328,42.5,-0.009710311889648438,10,lag_00__utility_damage_diff_last_5s,utility_damage_diff_last_5s,True,-2.6182656288146973,0.0007098214700818062,-0.001858501157709913
122328,42.5,-0.009710311889648438,11,lag_07__T_flashed_players,T_flashed_players,False,-3.8592472076416016,0.00044088633148930967,-0.0017014893436874678
122328,42.5,-0.009710311889648438,12,lag_00__CT_flashed_players,CT_flashed_players,False,-2.1899399757385254,0.0007712539518252015,-0.0016889998605483236
122328,42.5,-0.009710311889648438,13,lag_05__T5__flash_duration,T5__flash_duration,True,-1.5373594760894775,-0.0010932679288089275,0.001680745810259121
122328,42.5,-0.009710311889648438,14,lag_00__T4__duck_amount,T4__duck_amount,False,-3.6976382732391357,-0.00042046597809530795,0.0015547310932001387
122328,42.5,-0.009710311889648438,15,lag_03__T_flash_duration_sum,T_flash_duration_sum,True,5.545591354370117,-0.0002626691712066531,-0.0014566558849031797
122328,42.5,-0.009710311889648438,16,lag_03__T_place_BALCONY,T_place_BALCONY,False,-13.751577377319336,-0.0001041392024490051,0.0014320783004898169
122328,42.5,-0.009710311889648438,17,lag_03__T5__flash_duration,T5__flash_duration,True,7.137953758239746,-0.0001884144003270194,-0.0013448932769207361
122328,42.5,-0.009710311889648438,18,lag_05__T_flashed_players,T_flashed_players,False,-1.9296237230300903,-0.0006758904783055186,0.0013042143011084834
122328,42.5,-0.009710311889648438,19,lag_09__CT_flashed_players,CT_flashed_players,False,2.1899399757385254,-0.0005501515115611255,-0.0012047987878806843
122328,42.5,-0.009710311889648438,20,lag_11__T_place_SECONDMID,T_place_SECONDMID,False,3.2740612030029297,0.0003458225983195007,0.0011322443522795433
120920,20.5,0.00952988862991333,1,lag_02__T_place_UPSTAIRS,T_place_UPSTAIRS,False,16.86671257019043,0.00032942730467766523,0.005556355660770729
120920,20.5,0.00952988862991333,2,lag_11__T4__flash_duration,T4__flash_duration,True,-6.504885196685791,-0.0005426176940090954,0.003529665805219545
120920,20.5,0.00952988862991333,3,lag_12__T_place_SECONDMID,T_place_SECONDMID,False,-3.2740612030029297,0.0004920939682051539,-0.0016111457695322517
120920,20.5,0.00952988862991333,4,lag_11__T_flash_duration_sum,T_flash_duration_sum,True,-2.6450178623199463,0.00046607301919721067,-0.0012327714609220095
120920,20.5,0.00952988862991333,5,lag_15__T_place_BACKALLEY,T_place_BACKALLEY,False,3.025209665298462,0.000332457508193329,0.0010057536670875014
120920,20.5,0.00952988862991333,6,lag_07__T_place_LOWERMID,T_place_LOWERMID,False,3.3263463973999023,-0.0003017595736309886,-0.0010037568706283695
120920,20.5,0.00952988862991333,7,lag_06__T4__duck_amount,T4__duck_amount,False,2.198122501373291,0.0004179595853202045,0.0009187263691569914
120920,20.5,0.00952988862991333,8,lag_10__T2__is_walking,T2__is_walking,False,2.2968344688415527,-0.0003049870138056576,-0.0007005046858578889
120920,20.5,0.00952988862991333,9,lag_12__T3__is_walking,T3__is_walking,False,2.3223767280578613,0.00029835361056029797,0.0006928894818972742
120920,20.5,0.00952988862991333,10,lag_07__T_place_APARTMENTS,T_place_APARTMENTS,False,-2.288959264755249,0.0002947725879494101,-0.0006747224461826837
120920,20.5,0.00952988862991333,11,lag_02__CT3__duck_amount,CT3__duck_amount,False,-3.7208433151245117,0.00017465600103605539,-0.0006498676139013865
120920,20.5,0.00952988862991333,12,lag_09__T_active_infernos,T_active_infernos,True,2.082643747329712,0.00030066556064412,0.0006261792499128588
120920,20.5,0.00952988862991333,13,lag_10__T_place_APARTMENTS,T_place_APARTMENTS,False,-2.288959503173828,0.000269630691036582,-0.0006171737325955107
120920,20.5,0.00952988862991333,14,lag_02__T_active_infernos,T_active_infernos,True,-2.082643508911133,-0.00029549957253038883,0.0006154202666164288
120920,20.5,0.00952988862991333,15,lag_14__CT1__is_walking,CT1__is_walking,False,-2.3343825340270996,0.0002578163694124669,-0.0006018420297427413
120920,20.5,0.00952988862991333,16,lag_12__T_place_UNDERPASS,T_place_UNDERPASS,False,-3.9171202182769775,-0.0001456922327633947,0.0005706939906034089
120920,20.5,0.00952988862991333,17,lag_05__T_active_infernos,T_active_infernos,True,-2.082643508911133,-0.00026470990269444883,0.0005512963605910914
120920,20.5,0.00952988862991333,18,lag_05__T_B_site_active_infernos,T_B_site_active_infernos,True,-2.8273046016693115,-0.00018572283443063498,0.0005250950244208019
120920,20.5,0.00952988862991333,19,lag_07__T4__duck_amount,T4__duck_amount,False,1.4995158910751343,0.0003377425018697977,0.0005064502486452349
120920,20.5,0.00952988862991333,20,lag_05__CT_active_infernos,CT_active_infernos,True,-2.304276466369629,0.00021868279145564884,-0.000503905609951269
121976,37.0,-0.009420990943908691,1,lag_00__T_place_DECK,T_place_DECK,False,-24.256479263305664,0.00037007706123404205,-0.008976766561648641
121976,37.0,-0.009420990943908691,2,lag_09__T4__flash_duration,T4__flash_duration,True,7.262770175933838,0.0006221216171979904,0.004518326327189293
121976,37.0,-0.009420990943908691,3,lag_13__T3__duck_amount,T3__duck_amount,False,3.7704498767852783,0.000605045526754111,0.002281293831799522
121976,37.0,-0.009420990943908691,4,lag_03__T3__duck_amount,T3__duck_amount,False,-3.7704498767852783,0.0003396302054170519,-0.0012805586661672821
121976,37.0,-0.009420990943908691,5,lag_11__T2__is_walking,T2__is_walking,False,-2.2968344688415527,0.0004402948834467679,-0.0010112844647551106
121976,37.0,-0.009420990943908691,6,lag_09__T_flashed_players,T_flashed_players,False,1.9296237230300903,0.0005203051841817796,0.0010039932266127025
121976,37.0,-0.009420990943908691,7,lag_11__CT1__is_walking,CT1__is_walking,False,2.3343825340270996,0.0004205553268548101,0.0009817370096019268
121976,37.0,-0.009420990943908691,8,lag_03__T3__is_walking,T3__is_walking,False,2.3223767280578613,-0.0004129338776692748,-0.0009589880277258156
121976,37.0,-0.009420990943908691,9,lag_04__CT3__duck_amount,CT3__duck_amount,False,3.7208433151245117,0.0002510395715944469,0.000934078911798919
121976,37.0,-0.009420990943908691,10,lag_01__T2__is_walking,T2__is_walking,False,-2.2968344688415527,0.00039995761471800506,-0.0009186364355599635
121976,37.0,-0.009420990943908691,11,lag_07__CT2__is_walking,CT2__is_walking,False,2.360051155090332,0.00038290611701086164,0.0009036780237426378
121976,37.0,-0.009420990943908691,12,lag_11__CT4__duck_amount,CT4__duck_amount,False,3.6725916862487793,-0.00024584264610894024,-0.0009028796582250948
121976,37.0,-0.009420990943908691,13,lag_09__T3__is_walking,T3__is_walking,False,-2.3223767280578613,0.00036043141153641045,-0.0008370575222132054
121976,37.0,-0.009420990943908691,14,lag_05__T3__is_walking,T3__is_walking,False,-2.3223767280578613,0.0003475644043646753,-0.000807175484197814
121976,37.0,-0.009420990943908691,15,lag_00__CT2__is_walking,CT2__is_walking,False,-2.360051155090332,-0.00033712375443428755,0.0007956293060610298
121976,37.0,-0.009420990943908691,16,lag_05__T3__duck_amount,T3__duck_amount,False,3.7704498767852783,0.00020415440667420626,0.0007697539574899326
121976,37.0,-0.009420990943908691,17,lag_02__T3__duck_amount,T3__duck_amount,False,3.7704498767852783,-0.0002037809754256159,-0.0007683459536846973
121976,37.0,-0.009420990943908691,18,lag_11__T3__duck_amount,T3__duck_amount,False,-3.7704498767852783,0.00018992852710653096,-0.0007161159916268291
121976,37.0,-0.009420990943908691,19,lag_13__T5__is_walking,T5__is_walking,False,2.3193888664245605,-0.000305213121464476,-0.0007079079158113927
121976,37.0,-0.009420990943908691,20,lag_10__T2__is_walking,T2__is_walking,False,2.2968344688415527,-0.0003049870138056576,-0.0007005046858578889
120568,15.0,0.009323716163635254,1,lag_01__T_place_SECONDMID,T_place_SECONDMID,False,-3.2740612030029297,0.000686042825691402,-0.0022461461991947207
120568,15.0,0.009323716163635254,2,lag_14__CT_place_ARCH,CT_place_ARCH,False,4.080447673797607,-0.0005219546728767455,-0.002129808730767707
120568,15.0,0.009323716163635254,3,lag_08__T4__duck_amount,T4__duck_amount,False,-3.6976382732391357,-0.0005750535638071597,0.002126340066695917
120568,15.0,0.009323716163635254,4,lag_00__T4__flash_duration,T4__flash_duration,True,-6.504885196685791,0.0002691930567380041,-0.001751069929825641
120568,15.0,0.009323716163635254,5,lag_14__CT_place_RUINS,CT_place_RUINS,False,-3.493913412094116,-0.0004953124444000423,0.001730578792666429
120568,15.0,0.009323716163635254,6,lag_09__T4__duck_amount,T4__duck_amount,False,3.6976382732391357,0.00043730647303164005,0.0016170011518170102
120568,15.0,0.009323716163635254,7,lag_06__CT_place_BALCONY,CT_place_BALCONY,False,-6.417822360992432,0.00022888356761541218,-0.0014689340783059154
120568,15.0,0.009323716163635254,8,lag_12__T4__flash_duration,T4__flash_duration,True,6.504885196685791,-0.00017882423708215356,-0.001163231132604331
120568,15.0,0.009323716163635254,9,lag_11__T_place_SECONDMID,T_place_SECONDMID,False,3.274061679840088,0.0003458225983195007,0.0011322445171806084
120568,15.0,0.009323716163635254,10,lag_00__T_flash_duration_sum,T_flash_duration_sum,True,-2.6450178623199463,-0.00037209742004051805,0.0009842043225303382
120568,15.0,0.009323716163635254,11,lag_07__CT2__is_walking,CT2__is_walking,False,2.360051155090332,0.00038290611701086164,0.0009036780237426378
120568,15.0,0.009323716163635254,12,lag_08__T_active_infernos,T_active_infernos,True,2.082643508911133,0.00034827395575121045,0.0007253304932680615
120568,15.0,0.009323716163635254,13,lag_12__T_flash_duration_sum,T_flash_duration_sum,True,2.92400860786438,0.0002320565836271271,0.00067853544803732
120568,15.0,0.009323716163635254,14,lag_05__CT2__is_walking,CT2__is_walking,False,-2.360051155090332,-0.0002599559666123241,0.0006135093792760393
120568,15.0,0.009323716163635254,15,lag_15__T_place_TRAMP,T_place_TRAMP,False,2.926727533340454,0.00018810498295351863,0.0005505320327685997
120568,15.0,0.009323716163635254,16,lag_11__CT5__duck_amount,CT5__duck_amount,False,3.7749595642089844,-0.00014127699250821024,-0.0005333149340715493
120568,15.0,0.009323716163635254,17,lag_06__T_place_UNDERPASS,T_place_UNDERPASS,False,3.9171202182769775,0.00013327773194760084,0.0005220648984580467
120568,15.0,0.009323716163635254,18,lag_09__CT1__is_walking,CT1__is_walking,False,2.3343825340270996,0.00022082190844230354,0.0005154828061982447
120568,15.0,0.009323716163635254,19,lag_05__CT_active_infernos,CT_active_infernos,True,2.30427622795105,0.00021868279145564884,0.0005039055578132286
120568,15.0,0.009323716163635254,20,lag_01__T_place_MIDDLE,T_place_MIDDLE,False,1.6254756450653076,0.00030776814674027264,0.0005002696268531989
123928,67.5,0.00912696123123169,1,lag_06__T3__duck_amount,T3__duck_amount,False,-3.7704498767852783,-0.0007399225141853094,0.002789840752440653
123928,67.5,0.00912696123123169,2,lag_01__CT_place_LIBRARY,CT_place_LIBRARY,False,-6.411735534667969,-0.00040003840695135295,0.0025649404690819555
123928,67.5,0.00912696123123169,3,lag_10__CT_flashed_players,CT_flashed_players,False,-4.379879951477051,-0.0005193882971070707,0.002274858389531065
123928,67.5,0.00912696123123169,4,lag_00__T4__duck_amount,T4__duck_amount,False,-3.6976382732391357,-0.00042046597809530795,0.0015547310932001387
123928,67.5,0.00912696123123169,5,lag_15__CT1__duck_amount,CT1__duck_amount,False,3.8154516220092773,-0.0002918790269177407,-0.0011136503066837833
123928,67.5,0.00912696123123169,6,lag_09__T3__duck_amount,T3__duck_amount,False,2.1249780654907227,-0.0004805804055649787,-0.0010212228205302154
123928,67.5,0.00912696123123169,7,lag_15__CT2__is_walking,CT2__is_walking,False,2.360051155090332,-0.00043083936907351017,-0.0010168029506403276
123928,67.5,0.00912696123123169,8,lag_10__T3__is_walking,T3__is_walking,False,-2.3223767280578613,0.0004356538411229849,-0.001011752342113037
123928,67.5,0.00912696123123169,9,lag_14__T3__is_walking,T3__is_walking,False,-2.3223767280578613,-0.00037350942147895694,0.0008674295881530847
123928,67.5,0.00912696123123169,10,lag_12__CT_flashed_players,CT_flashed_players,False,4.379879951477051,0.00019602752581704408,0.0008585770302637213
123928,67.5,0.00912696123123169,11,lag_15__CT_place_LIBRARY,CT_place_LIBRARY,False,6.411735534667969,-0.0001277854316867888,-0.00081932639315907
123928,67.5,0.00912696123123169,12,lag_08__CT_place_RUINS,CT_place_RUINS,False,3.493913412094116,0.00023426191182807088,0.0008184908356789061
123928,67.5,0.00912696123123169,13,lag_08__T_flashes_last_5s,T_flashes_last_5s,True,9.0607271194458,-8.841422823024914e-05,-0.0008010971954706889
123928,67.5,0.00912696123123169,14,lag_03__T1__is_walking,T1__is_walking,False,-2.281590461730957,0.00033243795041926205,-0.0007584872567939771
123928,67.5,0.00912696123123169,15,lag_10__T2__is_walking,T2__is_walking,False,-2.2968344688415527,-0.0003049870138056576,0.0007005046858578889
123928,67.5,0.00912696123123169,16,lag_12__T3__is_walking,T3__is_walking,False,2.3223767280578613,0.00029835361056029797,0.0006928894818972742
123928,67.5,0.00912696123123169,17,lag_00__T_duck_amount_mean,T_duck_amount_mean,False,-1.4539684057235718,-0.0004539376823231578,0.0006600110482652549
123928,67.5,0.00912696123123169,18,lag_05__T4__is_walking,T4__is_walking,False,-2.307980537414551,-0.00022469049145001918,0.0005185812812087548
123928,67.5,0.00912696123123169,19,lag_09__CT1__is_walking,CT1__is_walking,False,-2.3343825340270996,0.00022082190844230354,-0.0005154828061982447
123928,67.5,0.00912696123123169,20,lag_06__T3__is_walking,T3__is_walking,False,2.3223767280578613,0.00022186199203133583,0.000515247127134133
121912,36.0,0.00904536247253418,1,lag_07__T4__flash_duration,T4__flash_duration,True,7.262770175933838,0.0002762229123618454,0.002006143529811197
121912,36.0,0.00904536247253418,2,lag_09__T3__duck_amount,T3__duck_amount,False,-3.7704498767852783,-0.0004805804055649787,0.001812004330947893
121912,36.0,0.00904536247253418,3,lag_15__T3__is_walking,T3__is_walking,False,-2.3223767280578613,0.0007450400153174996,-0.0017302635930452337
121912,36.0,0.00904536247253418,4,lag_00__T3__duck_amount,T3__duck_amount,False,3.7704498767852783,0.00042161077726632357,0.0015896623031951551
121912,36.0,0.00904536247253418,5,lag_03__T3__duck_amount,T3__duck_amount,False,3.7704498767852783,0.0003396302054170519,0.0012805586661672821
121912,36.0,0.00904536247253418,6,lag_12__T5__is_walking,T5__is_walking,False,-2.3193888664245605,0.0004636989033315331,-0.0010754980737604364
121912,36.0,0.00904536247253418,7,lag_03__T3__is_walking,T3__is_walking,False,-2.3223767280578613,-0.0004129338776692748,0.0009589880277258156
121912,36.0,0.00904536247253418,8,lag_14__T2__is_walking,T2__is_walking,False,2.2968344688415527,0.0004084695829078555,0.0009381870174960949
121912,36.0,0.00904536247253418,9,lag_07__CT2__is_walking,CT2__is_walking,False,-2.360051155090332,0.00038290611701086164,-0.0009036780237426378
121912,36.0,0.00904536247253418,10,lag_11__CT2__is_walking,CT2__is_walking,False,-2.360051155090332,0.0003682550450321287,-0.0008691007443959176
121912,36.0,0.00904536247253418,11,lag_14__T3__is_walking,T3__is_walking,False,2.3223767280578613,-0.00037350942147895694,-0.0008674295881530847
121912,36.0,0.00904536247253418,12,lag_07__T_flashed_players,T_flashed_players,False,1.9296237230300903,0.00044088633148930967,0.0008507447244014803
121912,36.0,0.00904536247253418,13,lag_09__T3__is_walking,T3__is_walking,False,2.3223767280578613,0.00036043141153641045,0.0008370575222132054
121912,36.0,0.00904536247253418,14,lag_05__T3__is_walking,T3__is_walking,False,2.3223767280578613,0.0003475644043646753,0.000807175484197814
121912,36.0,0.00904536247253418,15,lag_15__CT1__is_walking,CT1__is_walking,False,2.3343825340270996,-0.00031160173239186406,-0.0007273976416681538
121912,36.0,0.00904536247253418,16,lag_11__T3__duck_amount,T3__duck_amount,False,3.7704498767852783,0.00018992852710653096,0.0007161159916268291
121912,36.0,0.00904536247253418,17,lag_07__T1__is_walking,T1__is_walking,False,2.281590461730957,0.00030015932861715555,0.00068484066117247
121912,36.0,0.00904536247253418,18,lag_02__CT3__duck_amount,CT3__duck_amount,False,3.7208433151245117,0.00017465600103605539,0.0006498676139013865
121912,36.0,0.00904536247253418,19,lag_09__T1__is_walking,T1__is_walking,False,-2.281590461730957,-0.00027209060499444604,0.0006207993290819336
121912,36.0,0.00904536247253418,20,lag_05__CT2__is_walking,CT2__is_walking,False,2.360051155090332,-0.0002599559666123241,-0.0006135093792760393
123320,58.0,-0.008887708187103271,1,lag_13__T_place_BALCONY,T_place_BALCONY,False,13.751577377319336,-0.0006514210253953934,-0.008958066635937456
123320,58.0,-0.008887708187103271,2,lag_11__T_place_BALCONY,T_place_BALCONY,False,-13.751577377319336,-0.00026792773860506713,0.0036844290289577697
123320,58.0,-0.008887708187103271,3,lag_09__T4__duck_amount,T4__duck_amount,False,3.6976382732391357,0.00043730647303164005,0.0016170011518170102
123320,58.0,-0.008887708187103271,4,lag_00__T3__duck_amount,T3__duck_amount,False,3.227454900741577,0.00042161077726632357,0.0013607297692936615
123320,58.0,-0.008887708187103271,5,lag_14__T4__is_walking,T4__is_walking,False,-2.307980537414551,0.0005385952536016703,-0.0012430673628565092
123320,58.0,-0.008887708187103271,6,lag_11__T4__duck_amount,T4__duck_amount,False,-3.6976382732391357,0.0003145233786199242,-0.0011629936826135154
123320,58.0,-0.008887708187103271,7,lag_11__T_place_SECONDMID,T_place_SECONDMID,False,3.2740612030029297,0.0003458225983195007,0.0011322443522795433
123320,58.0,-0.008887708187103271,8,lag_04__CT3__is_walking,CT3__is_walking,False,-2.387126922607422,0.0004291778604965657,-0.0010245020253784043
123320,58.0,-0.008887708187103271,9,lag_03__T2__duck_amount,T2__duck_amount,False,3.8233180046081543,-0.00026269908994436264,-0.0010043821603784586
123320,58.0,-0.008887708187103271,10,lag_14__T3__is_walking,T3__is_walking,False,-2.3223767280578613,-0.00037350942147895694,0.0008674295881530847
123320,58.0,-0.008887708187103271,11,lag_00__CT3__duck_amount,CT3__duck_amount,False,3.7208433151245117,0.00022309769701678306,0.000830111574564571
123320,58.0,-0.008887708187103271,12,lag_14__T_walking_count,T_walking_count,False,-2.3912696838378906,0.00027143245097249746,-0.0006490681912203478
123320,58.0,-0.008887708187103271,13,lag_13__T_place_TOPOFMID,T_place_TOPOFMID,False,-2.0359649658203125,0.00031631396268494427,-0.0006440041462263402
123320,58.0,-0.008887708187103271,14,lag_10__CT_place_PIT,CT_place_PIT,False,4.305429458618164,-0.00013520919310394675,-0.0005821336430657242
123320,58.0,-0.008887708187103271,15,lag_00__T_duck_amount_mean,T_duck_amount_mean,False,1.2445776462554932,-0.0004539376823231578,-0.0005649606922124295
123320,58.0,-0.008887708187103271,16,lag_00__CT_duck_amount_mean,CT_duck_amount_mean,False,1.4971336126327515,0.0003346470184624195,0.0005010112997074212
123320,58.0,-0.008887708187103271,17,lag_15__CT_velocity_mean,CT_velocity_mean,False,-1.4760315418243408,0.0003249151341151446,-0.0004795849863700394
123320,58.0,-0.008887708187103271,18,lag_04__CT1__is_walking,CT1__is_walking,False,2.3343825340270996,-0.0002052854688372463,-0.0004792148129432322
123320,58.0,-0.008887708187103271,19,lag_06__T1__is_walking,T1__is_walking,False,-2.281590461730957,-0.0002062799467239529,0.0004706463588917409
123320,58.0,-0.008887708187103271,20,lag_15__T2__is_walking,T2__is_walking,False,2.2968344688415527,0.00019982857338618487,0.00045897315521282317
123384,59.0,0.0088270902633667,1,lag_13__T_place_BALCONY,T_place_BALCONY,False,-13.751577377319336,-0.0006514210253953934,0.008958066635937456
123384,59.0,0.0088270902633667,2,lag_13__T_place_SECONDMID,T_place_SECONDMID,False,3.2740612030029297,-0.0007598143420182168,-0.0024876786586870425
123384,59.0,0.0088270902633667,3,lag_00__T2__duck_amount,T2__duck_amount,False,-3.8233180046081543,-0.0005197543068788946,0.0019871859994627095
123384,59.0,0.0088270902633667,4,lag_15__T3__is_walking,T3__is_walking,False,2.3223767280578613,0.0007450400153174996,0.0017302635930452337
123384,59.0,0.0088270902633667,5,lag_00__T4__duck_amount,T4__duck_amount,False,-3.6976382732391357,-0.00042046597809530795,0.0015547310932001387
123384,59.0,0.0088270902633667,6,lag_00__T_duck_amount_mean,T_duck_amount_mean,False,-3.2354815006256104,-0.0004539376823231578,0.0014687069735934422
123384,59.0,0.0088270902633667,7,lag_12__CT2__is_walking,CT2__is_walking,False,2.360051155090332,-0.0005939917173236609,-0.0014018508385837958
123384,59.0,0.0088270902633667,8,lag_14__T1__duck_amount,T1__duck_amount,False,-3.915480136871338,0.0003490946546662599,-0.0013668731862336997
123384,59.0,0.0088270902633667,9,lag_11__T4__duck_amount,T4__duck_amount,False,3.6976382732391357,0.0003145233786199242,0.0011629936826135154
123384,59.0,0.0088270902633667,10,lag_06__T_place_SECONDMID,T_place_SECONDMID,False,-3.274061679840088,0.0003358133544679731,-0.001099473635442147
123384,59.0,0.0088270902633667,11,lag_08__T1__is_walking,T1__is_walking,False,-2.281590461730957,-0.0003247926651965827,0.0007410438469526992
123384,59.0,0.0088270902633667,12,lag_04__CT5__is_scoped,CT5__is_scoped,False,3.5760385990142822,0.0002065018779831007,0.0007384586864365057
123384,59.0,0.0088270902633667,13,lag_07__T1__is_walking,T1__is_walking,False,2.281590461730957,0.00030015932861715555,0.00068484066117247
123384,59.0,0.0088270902633667,14,lag_02__T3__duck_amount,T3__duck_amount,False,3.227454900741577,-0.0002037809754256159,-0.000657693907815303
123384,59.0,0.0088270902633667,15,lag_02__CT3__duck_amount,CT3__duck_amount,False,3.7208433151245117,0.00017465600103605539,0.0006498676139013865
123384,59.0,0.0088270902633667,16,lag_12__T1__is_walking,T1__is_walking,False,2.281590461730957,0.000268021656665951,0.0006115156553863632
123384,59.0,0.0088270902633667,17,lag_06__CT2__is_walking,CT2__is_walking,False,-2.360051155090332,0.00024117632710840553,-0.0005691884693726362
123384,59.0,0.0088270902633667,18,lag_09__CT1__is_walking,CT1__is_walking,False,-2.3343825340270996,0.00022082190844230354,-0.0005154828061982447
123384,59.0,0.0088270902633667,19,lag_00__CT_duck_amount_mean,CT_duck_amount_mean,False,1.4971336126327515,0.0003346470184624195,0.0005010112997074212
123384,59.0,0.0088270902633667,20,lag_12__T_velocity_mean,T_velocity_mean,False,-2.2435293197631836,-0.00021636106248479337,0.0004854123873397481
123768,65.0,-0.008816361427307129,1,lag_05__CT_flashed_players,CT_flashed_players,False,-4.379879951477051,-0.000531210214830935,0.0023266369699578293
123768,65.0,-0.008816361427307129,2,lag_13__CT3__duck_amount,CT3__duck_amount,False,-3.7208433151245117,0.0004851756093557924,-0.0018052624227329617
123768,65.0,-0.008816361427307129,3,lag_14__T3__duck_amount,T3__duck_amount,False,3.227454900741577,0.0005507018067874014,0.00177736524516324
123768,65.0,-0.008816361427307129,4,lag_12__T4__duck_amount,T4__duck_amount,False,-3.6976382732391357,0.0004697070689871907,-0.0017368068354980115
123768,65.0,-0.008816361427307129,5,lag_11__CT1__duck_amount,CT1__duck_amount,False,-3.8154516220092773,0.00044415416778065264,-0.0016946487398808718
123768,65.0,-0.008816361427307129,6,lag_03__T_flashes_last_5s,T_flashes_last_5s,True,9.0607271194458,0.0001861054915934801,0.0016862510747588377
123768,65.0,-0.008816361427307129,7,lag_00__T4__duck_amount,T4__duck_amount,False,3.6976382732391357,-0.00042046597809530795,-0.0015547310932001387
123768,65.0,-0.008816361427307129,8,lag_13__T3__duck_amount,T3__duck_amount,False,-2.378060817718506,0.000605045526754111,-0.0014388350601098054
123768,65.0,-0.008816361427307129,9,lag_10__CT1__duck_amount,CT1__duck_amount,False,3.8154516220092773,0.00031154786120168865,0.0011886957923555042
123768,65.0,-0.008816361427307129,10,lag_07__CT_flashed_players,CT_flashed_players,False,4.379879951477051,-0.0002563144953455776,-0.0011226267194370532
123768,65.0,-0.008816361427307129,11,lag_11__T2__is_walking,T2__is_walking,False,2.2968344688415527,0.0004402948834467679,0.0010112844647551106
123768,65.0,-0.008816361427307129,12,lag_12__T_duck_amount_mean,T_duck_amount_mean,False,-3.2354815006256104,0.00030070022330619395,-0.0009729100097411805
123768,65.0,-0.008816361427307129,13,lag_03__CT_place_RUINS,CT_place_RUINS,False,3.493913412094116,-0.0002494043146725744,-0.0008713970800686491
123768,65.0,-0.008816361427307129,14,lag_14__T3__is_walking,T3__is_walking,False,-2.3223767280578613,-0.00037350942147895694,0.0008674295881530847
123768,65.0,-0.008816361427307129,15,lag_09__T3__is_walking,T3__is_walking,False,-2.3223767280578613,0.00036043141153641045,-0.0008370575222132054
123768,65.0,-0.008816361427307129,16,lag_05__T3__is_walking,T3__is_walking,False,-2.3223767280578613,0.0003475644043646753,-0.000807175484197814
123768,65.0,-0.008816361427307129,17,lag_10__CT_place_LIBRARY,CT_place_LIBRARY,False,6.411735534667969,-0.00010870929691009223,-0.0006970152619472092
123768,65.0,-0.008816361427307129,18,lag_00__T_duck_amount_mean,T_duck_amount_mean,False,1.4539684057235718,-0.0004539376823231578,-0.0006600110482652549
123768,65.0,-0.008816361427307129,19,lag_05__CT5__duck_amount,CT5__duck_amount,False,-2.1153035163879395,0.0002987968036904931,-0.0006320459295319769
123768,65.0,-0.008816361427307129,20,lag_12__T1__is_walking,T1__is_walking,False,-2.281590461730957,0.000268021656665951,-0.0006115156553863632
122488,45.0,-0.008740097284317017,1,lag_13__T_place_BALCONY,T_place_BALCONY,False,13.751577377319336,-0.0006514210253953934,-0.008958066635937456
122488,45.0,-0.008740097284317017,2,lag_08__T_place_BALCONY,T_place_BALCONY,False,-13.751577377319336,-0.00022411263489630073,0.003081902240011397
122488,45.0,-0.008740097284317017,3,lag_02__T_place_BALCONY,T_place_BALCONY,False,-13.751577377319336,0.0001789078232832253,-0.0024602647752870466
122488,45.0,-0.008740097284317017,4,lag_10__T_flashed_players,T_flashed_players,False,-1.9296237230300903,-0.0011602562153711915,0.002238857917973361
122488,45.0,-0.008740097284317017,5,lag_04__T_place_BALCONY,T_place_BALCONY,False,13.751577377319336,0.00016187154687941074,0.002225989102098591
122488,45.0,-0.008740097284317017,6,lag_00__CT5__is_scoped,CT5__is_scoped,False,-3.5760385990142822,0.0005902426782995462,-0.002110730600384747
122488,45.0,-0.008740097284317017,7,lag_11__T_place_BACKALLEY,T_place_BACKALLEY,False,3.025209665298462,-0.0006680043879896402,-0.0020208533310080434
122488,45.0,-0.008740097284317017,8,lag_03__T_utility_damage_last_5s,T_utility_damage_last_5s,True,1.5704874992370605,-0.001282121054828167,-0.00201355508911627
122488,45.0,-0.008740097284317017,9,lag_02__CT1__duck_amount,CT1__duck_amount,False,3.8154516220092773,0.00045581706217490137,0.001739147949214731
122488,45.0,-0.008740097284317017,10,lag_15__T3__is_walking,T3__is_walking,False,-2.3223767280578613,0.0007450400153174996,-0.0017302635930452337
122488,45.0,-0.008740097284317017,11,lag_06__T4__duck_amount,T4__duck_amount,False,3.6976382732391357,0.0004179595853202045,0.0015454633593471462
122488,45.0,-0.008740097284317017,12,lag_03__CT_flashed_players,CT_flashed_players,False,-2.1899399757385254,0.0006955666467547417,-0.0015232492055186064
122488,45.0,-0.008740097284317017,13,lag_08__CT_flashed_players,CT_flashed_players,False,4.379879951477051,-0.00033950540819205344,-0.0014869929307584073
122488,45.0,-0.008740097284317017,14,lag_12__CT2__is_walking,CT2__is_walking,False,-2.360051155090332,-0.0005939917173236609,0.0014018508385837958
122488,45.0,-0.008740097284317017,15,lag_12__T4__flash_duration,T4__flash_duration,True,-7.262770175933838,-0.00017882423708215356,0.0012987593358143867
122488,45.0,-0.008740097284317017,16,lag_06__CT_flashed_players,CT_flashed_players,False,-4.379879951477051,-0.00028297476819716394,0.001239395514000624
122488,45.0,-0.008740097284317017,17,lag_03__T3__duck_amount,T3__duck_amount,False,-3.5818843841552734,0.0003396302054170519,-0.001216516129170786
122488,45.0,-0.008740097284317017,18,lag_05__CT_flashed_players,CT_flashed_players,False,-2.1899399757385254,-0.000531210214830935,0.0011633184849789147
122488,45.0,-0.008740097284317017,19,lag_06__T_utility_damage_last_5s,T_utility_damage_last_5s,True,6.710264205932617,0.0001723830500850454,0.0011567358106951697
122488,45.0,-0.008740097284317017,20,lag_01__T5__duck_amount,T5__duck_amount,False,-3.7970333099365234,0.00028102376381866634,-0.0010670565921032105
120056,7.0,-0.008678078651428223,1,lag_02__CT_place_LIBRARY,CT_place_LIBRARY,False,-6.411735534667969,-0.0004168027953710407,0.0026724292940294436
120056,7.0,-0.008678078651428223,2,lag_05__T_place_LOWERMID,T_place_LOWERMID,False,6.652692794799805,-0.000357313227141276,-0.002377095131689433
120056,7.0,-0.008678078651428223,3,lag_00__CT_place_RUINS,CT_place_RUINS,False,-3.493913412094116,0.000645243504550308,-0.002254424934614932
120056,7.0,-0.008678078651428223,4,lag_01__T_place_SECONDMID,T_place_SECONDMID,False,3.2740612030029297,0.000686042825691402,0.0022461461991947207
120056,7.0,-0.008678078651428223,5,lag_00__T_place_LOWERMID,T_place_LOWERMID,False,-3.326345920562744,0.0005207075155340135,-0.0017320533201029276
120056,7.0,-0.008678078651428223,6,lag_05__CT_place_LIBRARY,CT_place_LIBRARY,False,-6.411735534667969,-0.00025681674014776945,0.0016466410187030434
120056,7.0,-0.008678078651428223,7,lag_01__T_place_LOWERMID,T_place_LOWERMID,False,-6.652692794799805,0.00023485113342758268,-0.0015623924432042469
120056,7.0,-0.008678078651428223,8,lag_05__CT3__duck_amount,CT3__duck_amount,False,-3.7208433151245117,-0.0004106589185539633,0.0015279974918977757
120056,7.0,-0.008678078651428223,9,lag_03__T_place_LOWERMID,T_place_LOWERMID,False,3.3263463973999023,-0.00043349445331841707,-0.0014419527130885568
120056,7.0,-0.008678078651428223,10,lag_04__T_place_LOWERMID,T_place_LOWERMID,False,6.6526923179626465,-0.00018010982603300363,-0.001198215256039352
120056,7.0,-0.008678078651428223,11,lag_10__CT_place_LIBRARY,CT_place_LIBRARY,False,6.411735534667969,-0.00010870929691009223,-0.0006970152619472092
120056,7.0,-0.008678078651428223,12,lag_14__T_place_TSPAWN,T_place_TSPAWN,False,4.428390979766846,-0.0001417863240931183,-0.0006278852786682637
120056,7.0,-0.008678078651428223,13,lag_06__CT3__duck_amount,CT3__duck_amount,False,3.7208433151245117,0.00016185805725399405,0.0006022484703325642
120056,7.0,-0.008678078651428223,14,lag_05__CT_place_RUINS,CT_place_RUINS,False,3.493913412094116,-0.00016692806093487889,-0.0005832321909552372
120056,7.0,-0.008678078651428223,15,lag_13__T_velocity_mean,T_velocity_mean,False,3.396030902862549,-0.00016209286695811898,-0.0005504723853233598
120056,7.0,-0.008678078651428223,16,lag_01__T_unique_places,T_unique_places,False,1.7566759586334229,-0.0002709591935854405,-0.0004759875011422429
120056,7.0,-0.008678078651428223,17,lag_14__CT_macro_OTHER,CT_macro_OTHER,False,1.8060362339019775,-0.00024090797523967922,-0.0004350885323188211
120056,7.0,-0.008678078651428223,18,lag_01__T_macro_MID,T_macro_MID,False,-1.0278692245483398,0.0004226144519634545,-0.0004343923890225976
120056,7.0,-0.008678078651428223,19,lag_13__CT_velocity_mean,CT_velocity_mean,False,2.835827350616455,0.00013297551777213812,0.0003770956102606138
120056,7.0,-0.008678078651428223,20,lag_14__CT1__utility_total,CT1__utility_total,True,1.9631518125534058,-0.0001830344699556008,-0.0003593244514530896
126136,102.0,0.008350670337677002,1,lag_08__T_place_QUAD,T_place_QUAD,False,24.086301803588867,0.00013609950838144869,0.0032781338341956456
126136,102.0,0.008350670337677002,2,lag_00__CT_place_RUINS,CT_place_RUINS,False,3.493913412094116,0.000645243504550308,0.002254424934614932
126136,102.0,0.008350670337677002,3,lag_02__CT2__duck_amount,CT2__duck_amount,False,3.8097944259643555,-0.0005480936379171908,-0.002088124086643439
126136,102.0,0.008350670337677002,4,lag_04__T_place_QUAD,T_place_QUAD,False,-24.086301803588867,-8.294910367112607e-05,0.0019979371453599237
126136,102.0,0.008350670337677002,5,lag_07__CT5__is_scoped,CT5__is_scoped,False,3.5760385990142822,0.0004739676951430738,0.001694926772517466
126136,102.0,0.008350670337677002,6,lag_00__T4__flash_duration,T4__flash_duration,True,6.295469284057617,0.0002691930567380041,0.0016946966201756841
126136,102.0,0.008350670337677002,7,lag_12__CT_place_RUINS,CT_place_RUINS,False,3.493913412094116,-0.00048437880468554795,-0.0016923776022249523
126136,102.0,0.008350670337677002,8,lag_03__CT_flashed_players,CT_flashed_players,False,2.1899399757385254,0.0006955666467547417,0.0015232492055186064
126136,102.0,0.008350670337677002,9,lag_00__T_bomb_zone_count,T_bomb_zone_count,False,5.821373462677002,-0.0002381188387516886,-0.0013861786888725441
126136,102.0,0.008350670337677002,10,lag_00__damage_diff_last_5s,damage_diff_last_5s,False,1.1054296493530273,0.0012363108107820153,0.0013666546260541201
126136,102.0,0.008350670337677002,11,lag_14__T4__is_walking,T4__is_walking,False,2.307980537414551,0.0005385952536016703,0.0012430673628565092
126136,102.0,0.008350670337677002,12,lag_00__T_flash_duration_sum,T_flash_duration_sum,True,3.1388089656829834,-0.00037209742004051805,-0.001167942718130685
126136,102.0,0.008350670337677002,13,lag_10__T3__shots_fired,T3__shots_fired,False,2.4222826957702637,0.0004715117102023214,0.0011421346564761264
126136,102.0,0.008350670337677002,14,lag_07__CT_place_RUINS,CT_place_RUINS,False,-3.493913412094116,0.0003142493078485131,-0.0010979598714332128
126136,102.0,0.008350670337677002,15,lag_11__T2__is_walking,T2__is_walking,False,-2.2968344688415527,0.0004402948834467679,-0.0010112844647551106
126136,102.0,0.008350670337677002,16,lag_10__T2__shots_fired,T2__shots_fired,False,1.7650995254516602,-0.0004990908782929182,-0.0008809450724320822
126136,102.0,0.008350670337677002,17,lag_08__T_shots_fired_sum,T_shots_fired_sum,False,-6.747633457183838,-0.0001267556071979925,0.0008553003760148267
126136,102.0,0.008350670337677002,18,lag_02__CT1__duck_amount,CT1__duck_amount,False,1.7457424402236938,0.00045581706217490137,0.0007957391904168075
126136,102.0,0.008350670337677002,19,lag_07__T_place_BOMBSITEA,T_place_BOMBSITEA,False,1.6668975353240967,-0.0004629176401067525,-0.000771636273351993
126136,102.0,0.008350670337677002,20,lag_07__T_macro_A,T_macro_A,False,1.6668975353240967,-0.0004629176401067525,-0.000771636273351993
122360,43.0,-0.008287429809570312,1,lag_00__T_place_BALCONY,T_place_BALCONY,False,13.751577377319336,-0.00035783127532340586,-0.004920744470634675
122360,43.0,-0.008287429809570312,2,lag_02__utility_damage_diff_last_5s,utility_damage_diff_last_5s,True,-4.2433953285217285,0.000760890543460846,-0.003228759377638113
122360,43.0,-0.008287429809570312,3,lag_06__T3__duck_amount,T3__duck_amount,False,3.7704498767852783,-0.0007399225141853094,-0.002789840752440653
122360,43.0,-0.008287429809570312,4,lag_02__T4__duck_amount,T4__duck_amount,False,3.6976382732391357,0.0007360627641901374,0.0027216938483756448
122360,43.0,-0.008287429809570312,5,lag_09__CT_shots_fired_sum,CT_shots_fired_sum,False,3.473705291748047,0.0007826819201000035,0.002718806327606904
122360,43.0,-0.008287429809570312,6,lag_12__T_place_DECK,T_place_DECK,False,-24.256479263305664,9.64395294431597e-05,-0.0023392834461009593
122360,43.0,-0.008287429809570312,7,lag_13__T3__duck_amount,T3__duck_amount,False,-3.7704498767852783,0.000605045526754111,-0.002281293831799522
122360,43.0,-0.008287429809570312,8,lag_00__CT_place_RUINS,CT_place_RUINS,False,3.493913412094116,0.000645243504550308,0.002254424934614932
122360,43.0,-0.008287429809570312,9,lag_02__CT_flashed_players,CT_flashed_players,False,-4.379879951477051,0.0005107324104756117,-0.0022369466452116793
122360,43.0,-0.008287429809570312,10,lag_04__T_place_BALCONY,T_place_BALCONY,False,-13.751577377319336,0.00016187154687941074,-0.002225989102098591
122360,43.0,-0.008287429809570312,11,lag_14__T3__duck_amount,T3__duck_amount,False,3.7704498767852783,0.0005507018067874014,0.002076393559546988
122360,43.0,-0.008287429809570312,12,lag_09__T_flashed_players,T_flashed_players,False,3.8592472076416016,0.0005203051841817796,0.002007986329174982
122360,43.0,-0.008287429809570312,13,lag_09__CT4__shots_fired,CT4__shots_fired,False,2.6937177181243896,0.0006772417109459639,0.0018242979962280192
122360,43.0,-0.008287429809570312,14,lag_12__CT2__duck_amount,CT2__duck_amount,False,3.8097944259643555,0.0004578091611620039,0.0017441587903504197
122360,43.0,-0.008287429809570312,15,lag_15__T3__is_walking,T3__is_walking,False,2.3223767280578613,0.0007450400153174996,0.0017302635930452337
122360,43.0,-0.008287429809570312,16,lag_07__CT5__is_scoped,CT5__is_scoped,False,-3.5760385990142822,0.0004739676951430738,-0.001694926772517466
122360,43.0,-0.008287429809570312,17,lag_04__CT_flashed_players,CT_flashed_players,False,4.379879951477051,-0.00037005386548116803,-0.0016207915063875533
122360,43.0,-0.008287429809570312,18,lag_12__T_place_SECONDMID,T_place_SECONDMID,False,3.2740612030029297,0.0004920939682051539,0.0016111457695322517
122360,43.0,-0.008287429809570312,19,lag_03__CT_flashed_players,CT_flashed_players,False,2.1899399757385254,0.0006955666467547417,0.0015232492055186064
122360,43.0,-0.008287429809570312,20,lag_12__CT2__is_walking,CT2__is_walking,False,-2.360051155090332,-0.0005939917173236609,0.0014018508385837958
120440,13.0,0.008140802383422852,1,lag_13__T_place_SECONDMID,T_place_SECONDMID,False,3.2740612030029297,-0.0007598143420182168,-0.0024876786586870425
120440,13.0,0.008140802383422852,2,lag_14__CT_place_LIBRARY,CT_place_LIBRARY,False,-6.411735534667969,-0.00033181949402205646,0.002127538840916765
120440,13.0,0.008140802383422852,3,lag_12__CT_place_RUINS,CT_place_RUINS,False,-3.493913412094116,-0.00048437880468554795,0.0016923776022249523
120440,13.0,0.008140802383422852,4,lag_12__T_place_SECONDMID,T_place_SECONDMID,False,3.274061679840088,0.0004920939682051539,0.0016111460041809411
120440,13.0,0.008140802383422852,5,lag_13__T_place_LOWERMID,T_place_LOWERMID,False,-6.652692794799805,-0.0002098303084494546,0.0013959365811523072
120440,13.0,0.008140802383422852,6,lag_02__CT_place_BALCONY,CT_place_BALCONY,False,-6.417822360992432,0.00018000691488850862,-0.001155252403504732
120440,13.0,0.008140802383422852,7,lag_07__T_place_LOWERMID,T_place_LOWERMID,False,-3.3263463973999023,-0.0003017595736309886,0.0010037568706283695
120440,13.0,0.008140802383422852,8,lag_07__T_flashed_players,T_flashed_players,False,-1.9296237230300903,0.00044088633148930967,-0.0008507447244014803
120440,13.0,0.008140802383422852,9,lag_07__CT5__duck_amount,CT5__duck_amount,False,3.7749595642089844,-0.00020857041818089783,-0.0007873448949230477
120440,13.0,0.008140802383422852,10,lag_10__CT_place_RUINS,CT_place_RUINS,False,-3.493913412094116,-0.0002121785219060257,0.0007413333834457685
120440,13.0,0.008140802383422852,11,lag_05__CT_place_BANANA,CT_place_BANANA,False,2.9603395462036133,0.000246574665652588,0.0007299447338232901
120440,13.0,0.008140802383422852,12,lag_04__T_duck_amount_mean,T_duck_amount_mean,False,-1.1631747484207153,-0.0005479127285070717,0.0006373182501377209
120440,13.0,0.008140802383422852,13,lag_05__CT_place_BALCONY,CT_place_BALCONY,False,6.417822360992432,8.664354390930384e-05,0.0005560628735367598
120440,13.0,0.008140802383422852,14,lag_08__T_flashed_players,T_flashed_players,False,3.8592474460601807,0.0001360825408482924,0.0005251761982221527
120440,13.0,0.008140802383422852,15,lag_14__CT_place_BOMBSITEA,CT_place_BOMBSITEA,False,1.300473928451538,0.00036826770519837737,0.00047892254930116673
120440,13.0,0.008140802383422852,16,lag_14__CT_macro_A,CT_macro_A,False,1.300473928451538,0.00036826770519837737,0.00047892254930116673
120440,13.0,0.008140802383422852,17,lag_11__T_place_LOWERMID,T_place_LOWERMID,False,-3.3263461589813232,-0.00013907683023717254,0.00046261768006271645
120440,13.0,0.008140802383422852,18,lag_04__CT_velocity_mean,CT_velocity_mean,False,-1.6038880348205566,-0.0002810515579767525,0.00045077523100658934
120440,13.0,0.008140802383422852,19,lag_05__T4__duck_amount,T4__duck_amount,False,3.6976382732391357,0.00011999207345070317,0.00044368728327664163
120440,13.0,0.008140802383422852,20,lag_07__CT_place_BANANA,CT_place_BANANA,False,2.960339307785034,0.00013378549192566425,0.0003960504505589012
122968,52.5,0.007925748825073242,1,lag_11__T3__flash_duration,T3__flash_duration,True,-6.350583076477051,0.00083276501391083,-0.005288543404024293
122968,52.5,0.007925748825073242,2,lag_00__T_place_BALCONY,T_place_BALCONY,False,-13.751577377319336,-0.00035783127532340586,0.004920744470634675
122968,52.5,0.007925748825073242,3,lag_02__T4__duck_amount,T4__duck_amount,False,3.6976382732391357,0.0007360627641901374,0.0027216938483756448
122968,52.5,0.007925748825073242,4,lag_02__T_place_BALCONY,T_place_BALCONY,False,13.751577377319336,0.0001789078232832253,0.0024602647752870466
122968,52.5,0.007925748825073242,5,lag_12__T5__flash_duration,T5__flash_duration,True,-7.137953758239746,0.0003275982744526118,-0.0023383813343218762
122968,52.5,0.007925748825073242,6,lag_15__T3__is_walking,T3__is_walking,False,-2.3223767280578613,0.0007450400153174996,-0.0017302635930452337
122968,52.5,0.007925748825073242,7,lag_00__T4__duck_amount,T4__duck_amount,False,-3.6976382732391357,-0.00042046597809530795,0.0015547310932001387
122968,52.5,0.007925748825073242,8,lag_08__T4__is_walking,T4__is_walking,False,2.307980537414551,0.0005761355278082192,0.0013297095850944296
122968,52.5,0.007925748825073242,9,lag_14__T4__is_walking,T4__is_walking,False,-2.307980537414551,0.0005385952536016703,-0.0012430673628565092
122968,52.5,0.007925748825073242,10,lag_11__T_flash_duration_sum,T_flash_duration_sum,True,-2.646233320236206,0.00046607301919721067,-0.0012333379530627478
122968,52.5,0.007925748825073242,11,lag_11__T4__duck_amount,T4__duck_amount,False,-3.6976382732391357,0.0003145233786199242,-0.0011629936826135154
122968,52.5,0.007925748825073242,12,lag_05__CT_kills_last_3s,CT_kills_last_3s,False,-2.8871407508850098,-0.0003704983682837337,0.0010696809372083699
122968,52.5,0.007925748825073242,13,lag_04__CT3__is_walking,CT3__is_walking,False,2.387126922607422,0.0004291778604965657,0.0010245020253784043
122968,52.5,0.007925748825073242,14,lag_10__T3__is_walking,T3__is_walking,False,2.3223767280578613,0.0004356538411229849,0.001011752342113037
122968,52.5,0.007925748825073242,15,lag_04__CT_place_RUINS,CT_place_RUINS,False,-3.493913412094116,0.0002781023795250803,-0.0009716656337579663
122968,52.5,0.007925748825073242,16,lag_03__T3__is_walking,T3__is_walking,False,-2.3223767280578613,-0.0004129338776692748,0.0009589880277258156
122968,52.5,0.007925748825073242,17,lag_05__kill_diff_last_3s,kill_diff_last_3s,False,-2.4069459438323975,-0.00036400335375219584,0.0008761363958552371
122968,52.5,0.007925748825073242,18,lag_09__T3__is_walking,T3__is_walking,False,-2.3223767280578613,0.00036043141153641045,-0.0008370575222132054
122968,52.5,0.007925748825073242,19,lag_12__kill_diff_last_3s,kill_diff_last_3s,False,4.813891887664795,0.00016264335135929286,0.0007829475096911148
122968,52.5,0.007925748825073242,20,lag_12__T_place_PIT,T_place_PIT,False,-6.3102264404296875,-0.00012246718688402325,0.0007727956807606073
121432,28.5,0.007910013198852539,1,lag_10__T_place_DECK,T_place_DECK,False,24.256479263305664,0.00027856079395860434,0.006756904122226848
121432,28.5,0.007910013198852539,2,lag_10__T_place_KITCHEN,T_place_KITCHEN,False,-31.938587188720703,0.0001053520682035014,-0.0033647962158295797
121432,28.5,0.007910013198852539,3,lag_13__CT3__duck_amount,CT3__duck_amount,False,3.7208433151245117,0.0004851756093557924,0.0018052624227329617
121432,28.5,0.007910013198852539,4,lag_11__CT3__duck_amount,CT3__duck_amount,False,-3.7208433151245117,-0.00042933892109431326,0.0015975028544765457
121432,28.5,0.007910013198852539,5,lag_06__T4__duck_amount,T4__duck_amount,False,-3.0681588649749756,0.0004179595853202045,-0.00128236640690145
121432,28.5,0.007910013198852539,6,lag_12__T5__is_walking,T5__is_walking,False,2.3193888664245605,0.0004636989033315331,0.0010754980737604364
121432,28.5,0.007910013198852539,7,lag_12__T_place_KITCHEN,T_place_KITCHEN,False,31.938587188720703,3.232964445487596e-05,0.0010325631682023967
121432,28.5,0.007910013198852539,8,lag_10__T3__is_walking,T3__is_walking,False,-2.3223767280578613,0.0004356538411229849,-0.001011752342113037
121432,28.5,0.007910013198852539,9,lag_15__T_place_BACKALLEY,T_place_BACKALLEY,False,-3.025209903717041,0.000332457508193329,-0.0010057537463515481
121432,28.5,0.007910013198852539,10,lag_05__CT2__duck_amount,CT2__duck_amount,False,-3.8097944259643555,0.0002463442797306925,-0.0009385210637861963
121432,28.5,0.007910013198852539,11,lag_04__T3__is_walking,T3__is_walking,False,2.3223767280578613,0.00036516980617307127,0.0008480618596457407
121432,28.5,0.007910013198852539,12,lag_09__T3__is_walking,T3__is_walking,False,2.3223767280578613,0.00036043141153641045,0.0008370575222132054
121432,28.5,0.007910013198852539,13,lag_01__CT_place_BALCONY,CT_place_BALCONY,False,-6.417822360992432,-0.00010206730075879022,0.0006550498051359037
121432,28.5,0.007910013198852539,14,lag_14__CT1__is_walking,CT1__is_walking,False,-2.3343825340270996,0.0002578163694124669,-0.0006018420297427413
121432,28.5,0.007910013198852539,15,lag_10__CT1__is_walking,CT1__is_walking,False,-2.3343825340270996,0.00024633793509565294,-0.0005750469731555935
121432,28.5,0.007910013198852539,16,lag_02__CT2__is_walking,CT2__is_walking,False,2.360051155090332,0.00024049539933912456,0.0005675814450042116
121432,28.5,0.007910013198852539,17,lag_02__T1__is_walking,T1__is_walking,False,2.281590461730957,0.00023264085757546127,0.0005307911616530825
121432,28.5,0.007910013198852539,18,lag_09__CT1__is_walking,CT1__is_walking,False,2.3343825340270996,0.00022082190844230354,0.0005154828061982447
121432,28.5,0.007910013198852539,19,lag_11__CT_place_BALCONY,CT_place_BALCONY,False,6.417822360992432,-7.95057276263833e-05,-0.0005102536365875765
121432,28.5,0.007910013198852539,20,lag_08__T3__is_walking,T3__is_walking,False,-2.3223767280578613,-0.00021952461975160986,0.0005098188681468899
120024,6.5,-0.007884323596954346,1,lag_04__CT_place_LIBRARY,CT_place_LIBRARY,False,-6.411735534667969,-0.0005715794977732003,0.0036648165767600993
120024,6.5,-0.007884323596954346,2,lag_00__T_place_LOWERMID,T_place_LOWERMID,False,-6.652692794799805,0.0005207075155340135,-0.003464107136791239
120024,6.5,-0.007884323596954346,3,lag_03__T_place_LOWERMID,T_place_LOWERMID,False,6.6526923179626465,-0.00043349445331841707,-0.0028839052194708503
120024,6.5,-0.007884323596954346,4,lag_01__CT_place_LIBRARY,CT_place_LIBRARY,False,-6.411735534667969,-0.00040003840695135295,0.0025649404690819555
120024,6.5,-0.007884323596954346,5,lag_00__CT_place_RUINS,CT_place_RUINS,False,3.493913412094116,0.000645243504550308,0.002254424934614932
120024,6.5,-0.007884323596954346,6,lag_05__CT_place_LIBRARY,CT_place_LIBRARY,False,6.411735534667969,-0.00025681674014776945,-0.0016466410187030434
120024,6.5,-0.007884323596954346,7,lag_05__CT3__duck_amount,CT3__duck_amount,False,3.7208433151245117,-0.0004106589185539633,-0.0015279974918977757
120024,6.5,-0.007884323596954346,8,lag_04__T_place_LOWERMID,T_place_LOWERMID,False,6.652692794799805,-0.00018010982603300363,-0.0011982153419224095
120024,6.5,-0.007884323596954346,9,lag_09__CT_place_LIBRARY,CT_place_LIBRARY,False,6.411735534667969,-0.00018677295884117484,-0.0011975388171170387
120024,6.5,-0.007884323596954346,10,lag_04__CT_place_RUINS,CT_place_RUINS,False,3.493913412094116,0.0002781023795250803,0.0009716656337579663
120024,6.5,-0.007884323596954346,11,lag_04__CT3__duck_amount,CT3__duck_amount,False,-3.7208433151245117,0.0002510395715944469,-0.000934078911798919
120024,6.5,-0.007884323596954346,12,lag_12__T_velocity_mean,T_velocity_mean,False,3.396030902862549,-0.00021636106248479337,-0.0007347688543745332
120024,6.5,-0.007884323596954346,13,lag_00__T_unique_places,T_unique_places,False,1.7566759586334229,-0.00040315845399163663,-0.000708218763646927
120024,6.5,-0.007884323596954346,14,lag_13__T4__flash,T4__flash,True,1.9732310771942139,0.0002738763578236103,0.0005404213405663105
120024,6.5,-0.007884323596954346,15,lag_13__T3__flash,T3__flash,True,2.2380197048187256,0.00018471157818567008,0.0004133881516876943
120024,6.5,-0.007884323596954346,16,lag_13__CT3__flash,CT3__flash,True,1.1698546409606934,-0.0003266334533691406,-0.0003821136613169074
120024,6.5,-0.007884323596954346,17,lag_13__CT_walking_count,CT_walking_count,False,-1.0355465412139893,0.00032104263664223254,-0.00033245459195708343
120024,6.5,-0.007884323596954346,18,lag_05__CT_duck_amount_mean,CT_duck_amount_mean,False,1.197706937789917,0.0002677079173736274,0.0003206356299396834
120024,6.5,-0.007884323596954346,19,lag_13__CT3__utility_total,CT3__utility_total,True,2.0430431365966797,-0.0001555885246489197,-0.0003178740674171787
120024,6.5,-0.007884323596954346,20,lag_13__T_place_TSPAWN,T_place_TSPAWN,False,4.428390979766846,-6.858155393274501e-05,-0.00030370593481416144
123352,58.5,0.007815122604370117,1,lag_12__T_place_BALCONY,T_place_BALCONY,False,-13.751577377319336,-0.0008701588376425207,0.011966056586399376
123352,58.5,0.007815122604370117,2,lag_14__T_place_BALCONY,T_place_BALCONY,False,13.751577377319336,0.00014580889546778053,0.0020051023083266506
123352,58.5,0.007815122604370117,3,lag_12__T4__duck_amount,T4__duck_amount,False,-3.6976382732391357,0.0004697070689871907,-0.0017368068354980115
123352,58.5,0.007815122604370117,4,lag_15__T3__is_walking,T3__is_walking,False,-2.3223767280578613,0.0007450400153174996,-0.0017302635930452337
123352,58.5,0.007815122604370117,5,lag_12__T_place_SECONDMID,T_place_SECONDMID,False,3.2740612030029297,0.0004920939682051539,0.0016111457695322517
123352,58.5,0.007815122604370117,6,lag_14__T1__duck_amount,T1__duck_amount,False,3.915480136871338,0.0003490946546662599,0.0013668731862336997
123352,58.5,0.007815122604370117,7,lag_04__T2__duck_amount,T2__duck_amount,False,3.8233180046081543,-0.00030877365497872233,-0.0011805398744288154
123352,58.5,0.007815122604370117,8,lag_10__T4__duck_amount,T4__duck_amount,False,3.6976382732391357,0.00031839829171076417,0.0011773217095636807
123352,58.5,0.007815122604370117,9,lag_06__T_place_SECONDMID,T_place_SECONDMID,False,3.274061679840088,0.0003358133544679731,0.001099473635442147
123352,58.5,0.007815122604370117,10,lag_15__T_walking_count,T_walking_count,False,-2.3912696838378906,0.00041995709761977196,-0.0010042306760507103
123352,58.5,0.007815122604370117,11,lag_00__T3__duck_amount,T3__duck_amount,False,-2.378060817718506,0.00042161077726632357,-0.0010026160697448883
123352,58.5,0.007815122604370117,12,lag_11__CT_place_PIT,CT_place_PIT,False,4.305429458618164,0.0002079895930364728,0.0008954845209452333
123352,58.5,0.007815122604370117,13,lag_11__CT2__is_walking,CT2__is_walking,False,2.360051155090332,0.0003682550450321287,0.0008691007443959176
123352,58.5,0.007815122604370117,14,lag_14__T3__is_walking,T3__is_walking,False,2.3223767280578613,-0.00037350942147895694,-0.0008674295881530847
123352,58.5,0.007815122604370117,15,lag_00__CT3__duck_amount,CT3__duck_amount,False,-3.7208433151245117,0.00022309769701678306,-0.000830111574564571
123352,58.5,0.007815122604370117,16,lag_04__T_duck_amount_mean,T_duck_amount_mean,False,1.4539681673049927,-0.0005479127285070717,-0.0007966476657105051
123352,58.5,0.007815122604370117,17,lag_14__T_place_APARTMENTS,T_place_APARTMENTS,False,-2.28895902633667,0.0002994941605720669,-0.0006855298621765565
123352,58.5,0.007815122604370117,18,lag_07__T1__is_walking,T1__is_walking,False,-2.281590461730957,0.00030015932861715555,-0.00068484066117247
123352,58.5,0.007815122604370117,19,lag_11__T_velocity_mean,T_velocity_mean,False,-2.2435293197631836,-0.0002737102913670242,0.0006140770638028425
123352,58.5,0.007815122604370117,20,lag_05__CT2__is_walking,CT2__is_walking,False,-2.360051155090332,-0.0002599559666123241,0.0006135093792760393
126168,102.5,-0.007723510265350342,1,lag_09__T_place_QUAD,T_place_QUAD,False,24.086301803588867,-0.0004143841506447643,-0.009980981715053627
126168,102.5,-0.007723510265350342,2,lag_08__CT5__is_scoped,CT5__is_scoped,False,3.5760385990142822,0.0011209924705326557,0.004008712343829157
126168,102.5,-0.007723510265350342,3,lag_05__T_place_QUAD,T_place_QUAD,False,-24.086301803588867,0.00011384524259483442,-0.0027421108720419723
126168,102.5,-0.007723510265350342,4,lag_01__T4__flash_duration,T4__flash_duration,True,6.295469284057617,0.0004236715321894735,0.0026672111174284585
126168,102.5,-0.007723510265350342,5,lag_01__T_bomb_zone_count,T_bomb_zone_count,False,5.821373462677002,-0.00043515925062820315,-0.0025332245136454323
126168,102.5,-0.007723510265350342,6,lag_00__CT5__is_scoped,CT5__is_scoped,False,3.5760385990142822,0.0005902426782995462,0.002110730600384747
126168,102.5,-0.007723510265350342,7,lag_02__CT2__duck_amount,CT2__duck_amount,False,-3.8097944259643555,-0.0005480936379171908,0.002088124086643439
126168,102.5,-0.007723510265350342,8,lag_07__CT5__is_scoped,CT5__is_scoped,False,-3.5760385990142822,0.0004739676951430738,-0.001694926772517466
126168,102.5,-0.007723510265350342,9,lag_00__CT_flashed_players,CT_flashed_players,False,-2.1899399757385254,0.0007712539518252015,-0.0016889998605483236
126168,102.5,-0.007723510265350342,10,lag_09__T_shots_fired_sum,T_shots_fired_sum,False,-6.747633457183838,0.00022793433163315058,-0.0015380173221686833
126168,102.5,-0.007723510265350342,11,lag_04__CT1__duck_amount,CT1__duck_amount,False,2.069709300994873,-0.0007108165300451219,-0.0014711835835352904
126168,102.5,-0.007723510265350342,12,lag_08__CT_scoped_count,CT_scoped_count,False,2.141930103302002,0.0006835056701675057,0.0014640213707093896
126168,102.5,-0.007723510265350342,13,lag_10__T3__shots_fired,T3__shots_fired,False,3.027853012084961,0.0004715117102023214,0.00142766815196943
126168,102.5,-0.007723510265350342,14,lag_14__T1__duck_amount,T1__duck_amount,False,3.915480136871338,0.0003490946546662599,0.0013668731862336997
126168,102.5,-0.007723510265350342,15,lag_03__T3__duck_amount,T3__duck_amount,False,3.7704498767852783,0.0003396302054170519,0.0012805586661672821
126168,102.5,-0.007723510265350342,16,lag_06__T_place_ARCH,T_place_ARCH,False,9.303513526916504,0.00012352490739431232,0.0011492156468540932
126168,102.5,-0.007723510265350342,17,lag_15__CT2__is_walking,CT2__is_walking,False,-2.360051155090332,-0.00043083936907351017,0.0010168029506403276
126168,102.5,-0.007723510265350342,18,lag_10__T2__shots_fired,T2__shots_fired,False,-1.7650995254516602,-0.0004990908782929182,0.0008809450724320822
126168,102.5,-0.007723510265350342,19,lag_08__CT_place_RUINS,CT_place_RUINS,False,-3.493913412094116,0.00023426191182807088,-0.0008184908356789061
126168,102.5,-0.007723510265350342,20,lag_04__CT_flashed_players,CT_flashed_players,False,2.1899399757385254,-0.00037005386548116803,-0.0008103957531937767
119832,3.5,-0.0076920390129089355,1,lag_03__CT_place_LIBRARY,CT_place_LIBRARY,False,6.411735534667969,-0.0007810965762473643,-0.005008184673932714
119832,3.5,-0.0076920390129089355,2,lag_06__CT_velocity_mean,CT_velocity_mean,False,2.835827350616455,-0.00025028790696524084,-0.0007097732921005767
119832,3.5,-0.0076920390129089355,3,lag_07__CT_velocity_mean,CT_velocity_mean,False,-1.694637656211853,0.00029181677382439375,-0.000494523693637075
119832,3.5,-0.0076920390129089355,4,lag_07__CT_place_CTSPAWN,CT_place_CTSPAWN,False,4.78255033493042,-9.567516826791689e-05,-0.0004575713080442502
119832,3.5,-0.0076920390129089355,5,lag_07__CT3__utility_total,CT3__utility_total,True,2.0430431365966797,0.00021403751452453434,0.00043728787502356203
119832,3.5,-0.0076920390129089355,6,lag_07__CT3__flash,CT3__flash,True,1.1698546409606934,0.00033080228604376316,0.00038699058956870314
119832,3.5,-0.0076920390129089355,7,lag_07__T_unique_places,T_unique_places,False,-1.3668794631958008,0.00027185698854736984,-0.00037159573457165584
119832,3.5,-0.0076920390129089355,8,lag_07__T3__duck_amount,T3__duck_amount,False,-0.3402969241142273,-0.0008297670283354819,0.00028236716747396737
119832,3.5,-0.0076920390129089355,9,lag_07__CT4__has_defuser,CT4__has_defuser,False,1.568546175956726,-0.00017503932758700103,-0.00027455726792862713
119832,3.5,-0.0076920390129089355,10,lag_07__T_velocity_mean,T_velocity_mean,False,-1.7359485626220703,-0.0001576550566824153,0.00027368106903793987
119832,3.5,-0.0076920390129089355,11,lag_07__CT4__utility_total,CT4__utility_total,True,1.935933232307434,-0.0001353145344182849,-0.0002619599039945658
119832,3.5,-0.0076920390129089355,12,lag_07__CT_mean_X,CT_mean_X,False,2.121032476425171,-0.00012186759704491124,-0.0002584851311561529
119832,3.5,-0.0076920390129089355,13,lag_07__T3__flash,T3__flash,True,2.2380197048187256,0.00011433086183387786,0.00025587472165312583
119832,3.5,-0.0076920390129089355,14,lag_07__CT_walking_count,CT_walking_count,False,-1.0355465412139893,0.000245927891228348,-0.00025466977714956596
119832,3.5,-0.0076920390129089355,15,lag_07__CT_unique_places,CT_unique_places,False,-1.6410033702850342,0.00013451185077428818,-0.00022073440046388448
119832,3.5,-0.0076920390129089355,16,lag_07__CT_macro_OTHER,CT_macro_OTHER,False,1.8060362339019775,0.00012055003026034683,0.00021771772264816622
119832,3.5,-0.0076920390129089355,17,lag_07__CT2__is_walking,CT2__is_walking,False,-0.5535590052604675,0.00038290611701086164,-0.00021196112924068075
119832,3.5,-0.0076920390129089355,18,lag_07__CT3__duck_amount,CT3__duck_amount,False,-0.34332263469696045,-0.0005844108527526259,0.00020064147371252894
119832,3.5,-0.0076920390129089355,19,lag_07__CT4__smoke,CT4__smoke,True,1.5279382467269897,-0.00011962834105361253,-0.0001827847176883151
119832,3.5,-0.0076920390129089355,20,lag_00__CT1__smoke,CT1__smoke,True,-2.167475461959839,8.394028554903343e-05,-0.00018193850919743203
125016,84.5,0.007319271564483643,1,lag_13__T3__duck_amount,T3__duck_amount,False,2.3649792671203613,0.000605045526754111,0.0014309201264373905
125016,84.5,0.007319271564483643,2,lag_12__CT2__is_walking,CT2__is_walking,False,-2.360051155090332,-0.0005939917173236609,0.0014018508385837958
125016,84.5,0.007319271564483643,3,lag_09__T3__duck_amount,T3__duck_amount,False,-2.4053947925567627,-0.0004805804055649787,0.0011559856049508169
125016,84.5,0.007319271564483643,4,lag_02__T4__is_walking,T4__is_walking,False,2.307980537414551,-0.000464164768345654,-0.001071283251495303
125016,84.5,0.007319271564483643,5,lag_07__CT2__is_walking,CT2__is_walking,False,-2.360051155090332,0.00038290611701086164,-0.0009036780237426378
125016,84.5,0.007319271564483643,6,lag_14__T3__is_walking,T3__is_walking,False,-2.3223767280578613,-0.00037350942147895694,0.0008674295881530847
125016,84.5,0.007319271564483643,7,lag_00__CT2__is_walking,CT2__is_walking,False,-2.360051155090332,-0.00033712375443428755,0.0007956293060610298
125016,84.5,0.007319271564483643,8,lag_14__T3__duck_amount,T3__duck_amount,False,1.405470609664917,0.0005507018067874014,0.0007739952041290604
125016,84.5,0.007319271564483643,9,lag_00__CT5__duck_amount,CT5__duck_amount,False,3.7749595642089844,-0.00018746807472780347,-0.0007076844016775663
125016,84.5,0.007319271564483643,10,lag_12__T1__is_walking,T1__is_walking,False,-2.281590461730957,0.000268021656665951,-0.0006115156553863632
125016,84.5,0.007319271564483643,11,lag_06__CT2__is_walking,CT2__is_walking,False,2.360051155090332,0.00024117632710840553,0.0005691884693726362
125016,84.5,0.007319271564483643,12,lag_15__T2__duck_amount,T2__duck_amount,False,-3.8233180046081543,-0.0001485953398514539,0.0005681272382549313
125016,84.5,0.007319271564483643,13,lag_01__T4__is_walking,T4__is_walking,False,-2.307980537414551,-0.0002342455554753542,0.0005406341830129779
125016,84.5,0.007319271564483643,14,lag_12__CT1__duck_amount,CT1__duck_amount,False,3.8154516220092773,0.00013971011503599584,0.0005330571850251931
125016,84.5,0.007319271564483643,15,lag_08__T3__is_walking,T3__is_walking,False,2.3223767280578613,-0.00021952461975160986,-0.0005098188681468899
125016,84.5,0.007319271564483643,16,lag_00__CT_duck_amount_mean,CT_duck_amount_mean,False,1.497133493423462,0.0003346470184624195,0.0005010112598143879
125016,84.5,0.007319271564483643,17,lag_08__T_place_SECONDMID,T_place_SECONDMID,False,3.2740612030029297,0.00015165191143751144,0.0004965176395987925
125016,84.5,0.007319271564483643,18,lag_07__CT5__duck_amount,CT5__duck_amount,False,-2.2742724418640137,-0.00020857041818089783,0.000474345954256869
125016,84.5,0.007319271564483643,19,lag_06__T1__is_walking,T1__is_walking,False,-2.281590461730957,-0.0002062799467239529,0.0004706463588917409
125016,84.5,0.007319271564483643,20,lag_06__T2__is_walking,T2__is_walking,False,-2.2968344688415527,0.00019905308727174997,-0.0004571919919750811
121880,35.5,-0.006854414939880371,1,lag_06__T4__flash_duration,T4__flash_duration,True,7.262770175933838,-0.00036726653343066573,-0.002667372425618847
121880,35.5,-0.006854414939880371,2,lag_15__CT_place_BALCONY,CT_place_BALCONY,False,-6.417822360992432,-0.00030428869649767876,0.0019528708005800421
121880,35.5,-0.006854414939880371,3,lag_15__T3__is_walking,T3__is_walking,False,2.3223767280578613,0.0007450400153174996,0.0017302635930452337
121880,35.5,-0.006854414939880371,4,lag_00__T3__duck_amount,T3__duck_amount,False,-3.7704498767852783,0.00042161077726632357,-0.0015896623031951551
121880,35.5,-0.006854414939880371,5,lag_08__T4__is_walking,T4__is_walking,False,2.307980537414551,0.0005761355278082192,0.0013297095850944296
121880,35.5,-0.006854414939880371,6,lag_04__CT3__is_walking,CT3__is_walking,False,-2.387126922607422,0.0004291778604965657,-0.0010245020253784043
121880,35.5,-0.006854414939880371,7,lag_10__T3__is_walking,T3__is_walking,False,-2.3223767280578613,0.0004356538411229849,-0.001011752342113037
121880,35.5,-0.006854414939880371,8,lag_15__CT4__is_walking,CT4__is_walking,False,2.384641170501709,0.0003982839407399297,0.0009497642826380992
121880,35.5,-0.006854414939880371,9,lag_14__T2__is_walking,T2__is_walking,False,-2.2968344688415527,0.0004084695829078555,-0.0009381870174960949
121880,35.5,-0.006854414939880371,10,lag_07__CT2__is_walking,CT2__is_walking,False,2.360051155090332,0.00038290611701086164,0.0009036780237426378
121880,35.5,-0.006854414939880371,11,lag_11__CT_place_PIT,CT_place_PIT,False,4.305429458618164,0.0002079895930364728,0.0008954845209452333
121880,35.5,-0.006854414939880371,12,lag_14__T3__is_walking,T3__is_walking,False,-2.3223767280578613,-0.00037350942147895694,0.0008674295881530847
121880,35.5,-0.006854414939880371,13,lag_04__T3__is_walking,T3__is_walking,False,2.3223767280578613,0.00036516980617307127,0.0008480618596457407
121880,35.5,-0.006854414939880371,14,lag_00__CT3__duck_amount,CT3__duck_amount,False,-3.7208433151245117,0.00022309769701678306,-0.000830111574564571
121880,35.5,-0.006854414939880371,15,lag_02__T3__duck_amount,T3__duck_amount,False,3.7704498767852783,-0.0002037809754256159,-0.0007683459536846973
121880,35.5,-0.006854414939880371,16,lag_10__T3__duck_amount,T3__duck_amount,False,3.7704498767852783,-0.00020265740749891847,-0.0007641095971339211
121880,35.5,-0.006854414939880371,17,lag_03__T1__is_walking,T1__is_walking,False,-2.281590461730957,0.00033243795041926205,-0.0007584872567939771
121880,35.5,-0.006854414939880371,18,lag_08__T1__is_walking,T1__is_walking,False,-2.281590461730957,-0.0003247926651965827,0.0007410438469526992
121880,35.5,-0.006854414939880371,19,lag_11__CT_walking_count,CT_walking_count,False,-1.7948954105377197,0.00039668884710408747,-0.0007120149910786258
121880,35.5,-0.006854414939880371,20,lag_13__T2__is_walking,T2__is_walking,False,2.2968344688415527,0.00027503244928084314,0.0006317040095581566
120504,14.0,0.006638288497924805,1,lag_10__T_flashed_players,T_flashed_players,False,3.8592474460601807,-0.0011602562153711915,-0.004477715835946722
120504,14.0,0.006638288497924805,2,lag_10__T4__flash_duration,T4__flash_duration,True,6.504885196685791,-0.0004943676758557558,-0.0032158049763940655
120504,14.0,0.006638288497924805,3,lag_07__CT_place_BALCONY,CT_place_BALCONY,False,6.417822360992432,0.0002719649055507034,0.001745422452248499
120504,14.0,0.006638288497924805,4,lag_14__CT_place_RUINS,CT_place_RUINS,False,-3.493913412094116,-0.0004953124444000423,0.001730578792666429
120504,14.0,0.006638288497924805,5,lag_12__CT_place_RUINS,CT_place_RUINS,False,-3.493913412094116,-0.00048437880468554795,0.0016923776022249523
120504,14.0,0.006638288497924805,6,lag_10__T_flash_duration_sum,T_flash_duration_sum,True,2.92400860786438,-0.0005733251455239952,-0.00167640766061726
120504,14.0,0.006638288497924805,7,lag_06__T4__duck_amount,T4__duck_amount,False,-3.6976382732391357,0.0004179595853202045,-0.0015454633593471462
120504,14.0,0.006638288497924805,8,lag_08__T_A_site_active_infernos,T_A_site_active_infernos,True,2.9764554500579834,0.0004672471550293267,0.0013907403411111269
120504,14.0,0.006638288497924805,9,lag_09__T_place_SECONDMID,T_place_SECONDMID,False,3.274061679840088,0.000413242174545303,0.0013529803681725655
120504,14.0,0.006638288497924805,10,lag_04__CT_place_BALCONY,CT_place_BALCONY,False,-6.417822360992432,0.00020738481543958187,-0.001330958905858437
120504,14.0,0.006638288497924805,11,lag_07__T4__duck_amount,T4__duck_amount,False,3.6976382732391357,0.0003377425018697977,0.0012488496014133044
120504,14.0,0.006638288497924805,12,lag_06__T_place_SECONDMID,T_place_SECONDMID,False,-3.274061679840088,0.0003358133544679731,-0.001099473635442147
120504,14.0,0.006638288497924805,13,lag_09__T_flashed_players,T_flashed_players,False,-1.9296237230300903,0.0005203051841817796,-0.0010039932266127025
120504,14.0,0.006638288497924805,14,lag_06__T_place_APARTMENTS,T_place_APARTMENTS,False,2.288959264755249,0.0004327136557549238,0.0009904639313263464
120504,14.0,0.006638288497924805,15,lag_14__T_place_SECONDMID,T_place_SECONDMID,False,3.274061679840088,0.00027202742057852447,0.0008906345535818899
120504,14.0,0.006638288497924805,16,lag_12__CT_place_ARCH,CT_place_ARCH,False,4.080447673797607,0.00020850097644142807,0.0008507773243049549
120504,14.0,0.006638288497924805,17,lag_04__CT5__is_scoped,CT5__is_scoped,False,3.5760385990142822,0.0002065018779831007,0.0007384586864365057
120504,14.0,0.006638288497924805,18,lag_09__T_place_LOWERMID,T_place_LOWERMID,False,-3.3263463973999023,0.00021904030290897936,-0.0007286039224666668
120504,14.0,0.006638288497924805,19,lag_08__T_active_infernos,T_active_infernos,True,2.082643508911133,0.00034827395575121045,0.0007253304932680615
120504,14.0,0.006638288497924805,20,lag_13__T_place_LOWERMID,T_place_LOWERMID,False,-3.3263461589813232,-0.0002098303084494546,0.0006979682405487096
125656,94.5,-0.006603360176086426,1,lag_00__CT_place_RUINS,CT_place_RUINS,False,-3.493913412094116,0.000645243504550308,-0.002254424934614932
125656,94.5,-0.006603360176086426,2,lag_05__CT3__duck_amount,CT3__duck_amount,False,-3.7208433151245117,-0.0004106589185539633,0.0015279974918977757
125656,94.5,-0.006603360176086426,3,lag_11__T2__is_walking,T2__is_walking,False,-2.2968344688415527,0.0004402948834467679,-0.0010112844647551106
125656,94.5,-0.006603360176086426,4,lag_03__T3__is_walking,T3__is_walking,False,-2.3223767280578613,-0.0004129338776692748,0.0009589880277258156
125656,94.5,-0.006603360176086426,5,lag_14__T2__is_walking,T2__is_walking,False,-2.2968344688415527,0.0004084695829078555,-0.0009381870174960949
125656,94.5,-0.006603360176086426,6,lag_01__T2__is_walking,T2__is_walking,False,2.2968344688415527,0.00039995761471800506,0.0009186364355599635
125656,94.5,-0.006603360176086426,7,lag_07__CT2__is_walking,CT2__is_walking,False,-2.360051155090332,0.00038290611701086164,-0.0009036780237426378
125656,94.5,-0.006603360176086426,8,lag_11__CT2__is_walking,CT2__is_walking,False,-2.360051155090332,0.0003682550450321287,-0.0008691007443959176
125656,94.5,-0.006603360176086426,9,lag_00__CT3__duck_amount,CT3__duck_amount,False,-3.7208433151245117,0.00022309769701678306,-0.000830111574564571
125656,94.5,-0.006603360176086426,10,lag_00__CT_duck_amount_mean,CT_duck_amount_mean,False,-2.436040163040161,0.0003346470184624195,-0.0008152135774160962
125656,94.5,-0.006603360176086426,11,lag_03__T1__is_walking,T1__is_walking,False,-2.281590461730957,0.00033243795041926205,-0.0007584872567939771
125656,94.5,-0.006603360176086426,12,lag_07__CT3__duck_amount,CT3__duck_amount,False,1.2049734592437744,-0.0005844108527526259,-0.0007041995668609358
125656,94.5,-0.006603360176086426,13,lag_00__T4__duck_amount,T4__duck_amount,False,1.590691089630127,-0.00042046597809530795,-0.0006688314848488225
125656,94.5,-0.006603360176086426,14,lag_02__CT3__duck_amount,CT3__duck_amount,False,3.6246578693389893,0.00017465600103605539,0.0006330682485826168
125656,94.5,-0.006603360176086426,15,lag_13__T2__is_walking,T2__is_walking,False,2.2968344688415527,0.00027503244928084314,0.0006317040095581566
125656,94.5,-0.006603360176086426,16,lag_12__T1__is_walking,T1__is_walking,False,2.281590461730957,0.000268021656665951,0.0006115156553863632
125656,94.5,-0.006603360176086426,17,lag_02__CT2__is_walking,CT2__is_walking,False,2.360051155090332,0.00024049539933912456,0.0005675814450042116
125656,94.5,-0.006603360176086426,18,lag_06__T2__is_walking,T2__is_walking,False,2.2968344688415527,0.00019905308727174997,0.0004571919919750811
125656,94.5,-0.006603360176086426,19,lag_01__T4__duck_amount,T4__duck_amount,False,2.106947183609009,0.0002160709263989702,0.00045525002983609966
125656,94.5,-0.006603360176086426,20,lag_05__CT_duck_amount_mean,CT_duck_amount_mean,False,-1.497133493423462,0.0002677079173736274,-0.0004007944895546983
121784,34.0,-0.0063741207122802734,1,lag_03__T4__flash_duration,T4__flash_duration,True,7.262770175933838,-0.0004984004190191627,-0.0036197676989253025
121784,34.0,-0.0063741207122802734,2,lag_07__T3__duck_amount,T3__duck_amount,False,3.7704498767852783,-0.0008297670283354819,-0.003128594989748004
121784,34.0,-0.0063741207122802734,3,lag_15__T3__is_walking,T3__is_walking,False,2.3223767280578613,0.0007450400153174996,0.0017302635930452337
121784,34.0,-0.0063741207122802734,4,lag_10__T3__is_walking,T3__is_walking,False,2.3223767280578613,0.0004356538411229849,0.001011752342113037
121784,34.0,-0.0063741207122802734,5,lag_11__T2__is_walking,T2__is_walking,False,-2.2968344688415527,0.0004402948834467679,-0.0010112844647551106
121784,34.0,-0.0063741207122802734,6,lag_11__CT1__is_walking,CT1__is_walking,False,2.3343825340270996,0.0004205553268548101,0.0009817370096019268
121784,34.0,-0.0063741207122802734,7,lag_03__T3__is_walking,T3__is_walking,False,-2.3223767280578613,-0.0004129338776692748,0.0009589880277258156
121784,34.0,-0.0063741207122802734,8,lag_01__T2__is_walking,T2__is_walking,False,2.2968344688415527,0.00039995761471800506,0.0009186364355599635
121784,34.0,-0.0063741207122802734,9,lag_07__CT2__is_walking,CT2__is_walking,False,-2.360051155090332,0.00038290611701086164,-0.0009036780237426378
121784,34.0,-0.0063741207122802734,10,lag_12__CT_place_BALCONY,CT_place_BALCONY,False,-6.417822360992432,0.0001269819913432002,-0.0008149478634857377
121784,34.0,-0.0063741207122802734,11,lag_05__T3__is_walking,T3__is_walking,False,2.3223767280578613,0.0003475644043646753,0.000807175484197814
121784,34.0,-0.0063741207122802734,12,lag_03__T_flash_duration_sum,T_flash_duration_sum,True,2.9531896114349365,-0.0002626691712066531,-0.0007757118676517127
121784,34.0,-0.0063741207122802734,13,lag_05__T3__duck_amount,T3__duck_amount,False,-3.7704498767852783,0.00020415440667420626,-0.0007697539574899326
121784,34.0,-0.0063741207122802734,14,lag_03__T1__is_walking,T1__is_walking,False,2.281590461730957,0.00033243795041926205,0.0007584872567939771
121784,34.0,-0.0063741207122802734,15,lag_15__CT1__is_walking,CT1__is_walking,False,2.3343825340270996,-0.00031160173239186406,-0.0007273976416681538
121784,34.0,-0.0063741207122802734,16,lag_10__T2__is_walking,T2__is_walking,False,2.2968344688415527,-0.0003049870138056576,-0.0007005046858578889
121784,34.0,-0.0063741207122802734,17,lag_12__T3__is_walking,T3__is_walking,False,2.3223767280578613,0.00029835361056029797,0.0006928894818972742
121784,34.0,-0.0063741207122802734,18,lag_13__T2__is_walking,T2__is_walking,False,2.2968344688415527,0.00027503244928084314,0.0006317040095581566
121784,34.0,-0.0063741207122802734,19,lag_14__CT1__is_walking,CT1__is_walking,False,-2.3343825340270996,0.0002578163694124669,-0.0006018420297427413
121784,34.0,-0.0063741207122802734,20,lag_01__T4__is_walking,T4__is_walking,False,2.307980537414551,-0.0002342455554753542,-0.0005406341830129779
122168,40.0,-0.006352901458740234,1,lag_15__T4__flash_duration,T4__flash_duration,True,7.262770175933838,-0.000848471827339381,-0.006162255882720541
122168,40.0,-0.006352901458740234,2,lag_07__T3__duck_amount,T3__duck_amount,False,-3.7704498767852783,-0.0008297670283354819,0.003128594989748004
122168,40.0,-0.006352901458740234,3,lag_09__T3__duck_amount,T3__duck_amount,False,-3.7704498767852783,-0.0004805804055649787,0.001812004330947893
122168,40.0,-0.006352901458740234,4,lag_15__T3__is_walking,T3__is_walking,False,-2.3223767280578613,0.0007450400153174996,-0.0017302635930452337
122168,40.0,-0.006352901458740234,5,lag_00__T3__duck_amount,T3__duck_amount,False,3.7704498767852783,0.00042161077726632357,0.0015896623031951551
122168,40.0,-0.006352901458740234,6,lag_03__CT_flashed_players,CT_flashed_players,False,2.1899399757385254,0.0006955666467547417,0.0015232492055186064
122168,40.0,-0.006352901458740234,7,lag_03__T_place_BALCONY,T_place_BALCONY,False,13.751577377319336,-0.0001041392024490051,-0.0014320783004898169
122168,40.0,-0.006352901458740234,8,lag_06__T_place_DECK,T_place_DECK,False,-24.256479263305664,-5.833483373862691e-05,0.0014149976849093873
122168,40.0,-0.006352901458740234,9,lag_00__T5__flash_duration,T5__flash_duration,True,-1.5373594760894775,-0.0009003113373182714,0.0013841021658570346
122168,40.0,-0.006352901458740234,10,lag_15__T_flash_duration_sum,T_flash_duration_sum,True,2.9531896114349365,-0.00040812636143527925,-0.0012052745307434068
122168,40.0,-0.006352901458740234,11,lag_02__T4__flash_duration,T4__flash_duration,True,-7.262770175933838,-0.00016471736307721585,0.0011963043520156688
122168,40.0,-0.006352901458740234,12,lag_02__T_flashed_players,T_flashed_players,False,-3.8592472076416016,-0.0003077391011174768,0.0011876412666697589
122168,40.0,-0.006352901458740234,13,lag_02__CT_flashed_players,CT_flashed_players,False,-2.1899399757385254,0.0005107324104756117,-0.0011184733226058396
122168,40.0,-0.006352901458740234,14,lag_15__T_flashed_players,T_flashed_players,False,1.9296237230300903,-0.0005744826630689204,-0.0011085353751272911
122168,40.0,-0.006352901458740234,15,lag_06__T_place_SECONDMID,T_place_SECONDMID,False,3.2740612030029297,0.0003358133544679731,0.0010994734753138613
122168,40.0,-0.006352901458740234,16,lag_14__CT4__duck_amount,CT4__duck_amount,False,-2.9266834259033203,0.0003630915016401559,-0.0010626538799365925
122168,40.0,-0.006352901458740234,17,lag_15__CT2__is_walking,CT2__is_walking,False,-2.360051155090332,-0.00043083936907351017,0.0010168029506403276
122168,40.0,-0.006352901458740234,18,lag_02__T_flash_duration_sum,T_flash_duration_sum,True,-3.156754732131958,-0.00032056396594271064,0.0010119418164406396
122168,40.0,-0.006352901458740234,19,lag_01__CT_place_ARCH,CT_place_ARCH,False,-4.080447673797607,-0.00024102495808620006,0.0009834897295500009
122168,40.0,-0.006352901458740234,20,lag_05__CT2__duck_amount,CT2__duck_amount,False,-3.8097944259643555,0.0002463442797306925,-0.0009385210637861963
121688,32.5,0.006229758262634277,1,lag_00__T4__flash_duration,T4__flash_duration,True,7.262770175933838,0.0002691930567380041,0.0019550873040452416
121688,32.5,0.006229758262634277,2,lag_14__CT2__duck_amount,CT2__duck_amount,False,3.8097944259643555,-0.00046352235949598253,-0.0017659249015176404
121688,32.5,0.006229758262634277,3,lag_13__CT2__duck_amount,CT2__duck_amount,False,-3.8097944259643555,-0.00034235691418871284,0.0013043094633665153
121688,32.5,0.006229758262634277,4,lag_14__T4__is_walking,T4__is_walking,False,2.307980537414551,0.0005385952536016703,0.0012430673628565092
121688,32.5,0.006229758262634277,5,lag_00__T_flash_duration_sum,T_flash_duration_sum,True,2.9531896114349365,-0.00037209742004051805,-0.0010988742353053998
121688,32.5,0.006229758262634277,6,lag_02__T4__is_walking,T4__is_walking,False,2.307980537414551,-0.000464164768345654,-0.001071283251495303
121688,32.5,0.006229758262634277,7,lag_00__CT_place_BANANA,CT_place_BANANA,False,2.960339307785034,0.00034520821645855904,0.001021933452552637
121688,32.5,0.006229758262634277,8,lag_10__T3__is_walking,T3__is_walking,False,-2.3223767280578613,0.0004356538411229849,-0.001011752342113037
121688,32.5,0.006229758262634277,9,lag_11__CT1__is_walking,CT1__is_walking,False,-2.3343825340270996,0.0004205553268548101,-0.0009817370096019268
121688,32.5,0.006229758262634277,10,lag_14__T2__is_walking,T2__is_walking,False,-2.2968344688415527,0.0004084695829078555,-0.0009381870174960949
121688,32.5,0.006229758262634277,11,lag_01__T2__is_walking,T2__is_walking,False,2.2968344688415527,0.00039995761471800506,0.0009186364355599635
121688,32.5,0.006229758262634277,12,lag_04__T3__is_walking,T3__is_walking,False,-2.3223767280578613,0.00036516980617307127,-0.0008480618596457407
121688,32.5,0.006229758262634277,13,lag_09__T3__is_walking,T3__is_walking,False,2.3223767280578613,0.00036043141153641045,0.0008370575222132054
121688,32.5,0.006229758262634277,14,lag_00__CT2__is_walking,CT2__is_walking,False,-2.360051155090332,-0.00033712375443428755,0.0007956293060610298
121688,32.5,0.006229758262634277,15,lag_02__T3__duck_amount,T3__duck_amount,False,-3.7704498767852783,-0.0002037809754256159,0.0007683459536846973
121688,32.5,0.006229758262634277,16,lag_14__CT4__duck_amount,CT4__duck_amount,False,2.115873098373413,0.0003630915016401559,0.0007682555405684119
121688,32.5,0.006229758262634277,17,lag_10__T2__is_walking,T2__is_walking,False,2.2968344688415527,-0.0003049870138056576,-0.0007005046858578889
121688,32.5,0.006229758262634277,18,lag_12__T3__is_walking,T3__is_walking,False,2.3223767280578613,0.00029835361056029797,0.0006928894818972742
121688,32.5,0.006229758262634277,19,lag_04__T3__duck_amount,T3__duck_amount,False,3.7704498767852783,-0.00018243497470393777,-0.0006878619278937875
121688,32.5,0.006229758262634277,20,lag_04__T_duck_amount_mean,T_duck_amount_mean,False,1.1631747484207153,-0.0005479127285070717,-0.0006373182501377209
121560,30.5,-0.006202876567840576,1,lag_14__T_place_DECK,T_place_DECK,False,24.256479263305664,-0.00014682246546726674,-0.0035613960889941676
121560,30.5,-0.006202876567840576,2,lag_15__CT_place_BALCONY,CT_place_BALCONY,False,6.417822360992432,-0.00030428869649767876,-0.0019528708005800421
121560,30.5,-0.006202876567840576,3,lag_15__T3__is_walking,T3__is_walking,False,2.3223767280578613,0.0007450400153174996,0.0017302635930452337
121560,30.5,-0.006202876567840576,4,lag_00__T3__duck_amount,T3__duck_amount,False,3.7704498767852783,0.00042161077726632357,0.0015896623031951551
121560,30.5,-0.006202876567840576,5,lag_14__T_place_KITCHEN,T_place_KITCHEN,False,-31.938587188720703,4.821431139134802e-05,-0.0015398969881166985
121560,30.5,-0.006202876567840576,6,lag_08__T4__is_walking,T4__is_walking,False,-2.307980537414551,0.0005761355278082192,-0.0013297095850944296
121560,30.5,-0.006202876567840576,7,lag_00__CT_place_BANANA,CT_place_BANANA,False,-2.9603395462036133,0.00034520821645855904,-0.0010219335348566894
121560,30.5,-0.006202876567840576,8,lag_11__T2__is_walking,T2__is_walking,False,2.2968344688415527,0.0004402948834467679,0.0010112844647551106
121560,30.5,-0.006202876567840576,9,lag_10__T4__duck_amount,T4__duck_amount,False,-3.0681588649749756,0.00031839829171076417,-0.0009768965413052694
121560,30.5,-0.006202876567840576,10,lag_09__CT2__duck_amount,CT2__duck_amount,False,-3.8097944259643555,-0.00025416503194719553,0.0009683165219874779
121560,30.5,-0.006202876567840576,11,lag_03__T3__is_walking,T3__is_walking,False,2.3223767280578613,-0.0004129338776692748,-0.0009589880277258156
121560,30.5,-0.006202876567840576,12,lag_14__T3__is_walking,T3__is_walking,False,-2.3223767280578613,-0.00037350942147895694,0.0008674295881530847
121560,30.5,-0.006202876567840576,13,lag_04__T3__is_walking,T3__is_walking,False,-2.3223767280578613,0.00036516980617307127,-0.0008480618596457407
121560,30.5,-0.006202876567840576,14,lag_05__T3__is_walking,T3__is_walking,False,2.3223767280578613,0.0003475644043646753,0.000807175484197814
121560,30.5,-0.006202876567840576,15,lag_00__CT2__is_walking,CT2__is_walking,False,-2.360051155090332,-0.00033712375443428755,0.0007956293060610298
121560,30.5,-0.006202876567840576,16,lag_10__T2__is_walking,T2__is_walking,False,-2.2968344688415527,-0.0003049870138056576,0.0007005046858578889
121560,30.5,-0.006202876567840576,17,lag_12__T3__is_walking,T3__is_walking,False,-2.3223767280578613,0.00029835361056029797,-0.0006928894818972742
121560,30.5,-0.006202876567840576,18,lag_01__CT_place_PIT,CT_place_PIT,False,4.305429458618164,0.00015701130905654281,0.0006760011153482404
121560,30.5,-0.006202876567840576,19,lag_14__CT1__is_walking,CT1__is_walking,False,-2.3343825340270996,0.0002578163694124669,-0.0006018420297427413
121560,30.5,-0.006202876567840576,20,lag_14__CT4__duck_amount,CT4__duck_amount,False,1.6251803636550903,0.0003630915016401559,0.0005900891786756214
121624,31.5,-0.006045222282409668,1,lag_07__CT_place_BALCONY,CT_place_BALCONY,False,-6.417822360992432,0.0002719649055507034,-0.001745422452248499
121624,31.5,-0.006045222282409668,2,lag_12__CT2__duck_amount,CT2__duck_amount,False,3.8097944259643555,0.0004578091611620039,0.0017441587903504197
121624,31.5,-0.006045222282409668,3,lag_15__T3__is_walking,T3__is_walking,False,2.3223767280578613,0.0007450400153174996,0.0017302635930452337
121624,31.5,-0.006045222282409668,4,lag_00__T3__duck_amount,T3__duck_amount,False,-3.7704498767852783,0.00042161077726632357,-0.0015896623031951551
121624,31.5,-0.006045222282409668,5,lag_12__T4__duck_amount,T4__duck_amount,False,-3.0681588649749756,0.0004697070689871907,-0.0014411359076544616
121624,31.5,-0.006045222282409668,6,lag_02__T4__is_walking,T4__is_walking,False,2.307980537414551,-0.000464164768345654,-0.001071283251495303
121624,31.5,-0.006045222282409668,7,lag_10__T3__is_walking,T3__is_walking,False,2.3223767280578613,0.0004356538411229849,0.001011752342113037
121624,31.5,-0.006045222282409668,8,lag_11__T2__is_walking,T2__is_walking,False,2.2968344688415527,0.0004402948834467679,0.0010112844647551106
121624,31.5,-0.006045222282409668,9,lag_11__CT1__is_walking,CT1__is_walking,False,-2.3343825340270996,0.0004205553268548101,-0.0009817370096019268
121624,31.5,-0.006045222282409668,10,lag_14__T2__is_walking,T2__is_walking,False,-2.2968344688415527,0.0004084695829078555,-0.0009381870174960949
121624,31.5,-0.006045222282409668,11,lag_14__T3__is_walking,T3__is_walking,False,-2.3223767280578613,-0.00037350942147895694,0.0008674295881530847
121624,31.5,-0.006045222282409668,12,lag_11__CT2__duck_amount,CT2__duck_amount,False,-3.8097944259643555,0.00022204955166671425,-0.0008459631442277321
121624,31.5,-0.006045222282409668,13,lag_05__T3__is_walking,T3__is_walking,False,2.3223767280578613,0.0003475644043646753,0.000807175484197814
121624,31.5,-0.006045222282409668,14,lag_02__T3__duck_amount,T3__duck_amount,False,3.7704498767852783,-0.0002037809754256159,-0.0007683459536846973
121624,31.5,-0.006045222282409668,15,lag_08__T1__is_walking,T1__is_walking,False,2.281590461730957,-0.0003247926651965827,-0.0007410438469526992
121624,31.5,-0.006045222282409668,16,lag_15__CT1__is_walking,CT1__is_walking,False,2.3343825340270996,-0.00031160173239186406,-0.0007273976416681538
121624,31.5,-0.006045222282409668,17,lag_10__T2__is_walking,T2__is_walking,False,-2.2968344688415527,-0.0003049870138056576,0.0007005046858578889
121624,31.5,-0.006045222282409668,18,lag_13__T2__is_walking,T2__is_walking,False,2.2968344688415527,0.00027503244928084314,0.0006317040095581566
121624,31.5,-0.006045222282409668,19,lag_14__CT1__is_walking,CT1__is_walking,False,-2.3343825340270996,0.0002578163694124669,-0.0006018420297427413
121624,31.5,-0.006045222282409668,20,lag_01__CT_place_BANANA,CT_place_BANANA,False,-2.960339307785034,-0.0001999672967940569,0.0005919710489709629
125976,99.5,-0.005872964859008789,1,lag_06__T3__duck_amount,T3__duck_amount,False,3.7704498767852783,-0.0007399225141853094,-0.002789840752440653
125976,99.5,-0.005872964859008789,2,lag_09__T4__duck_amount,T4__duck_amount,False,-3.6976382732391357,0.00043730647303164005,-0.0016170011518170102
125976,99.5,-0.005872964859008789,3,lag_00__T_place_ARCH,T_place_ARCH,False,9.303513526916504,0.00017215023399330676,0.0016016020306185708
125976,99.5,-0.005872964859008789,4,lag_12__CT2__is_walking,CT2__is_walking,False,2.360051155090332,-0.0005939917173236609,-0.0014018508385837958
125976,99.5,-0.005872964859008789,5,lag_14__T4__is_walking,T4__is_walking,False,2.307980537414551,0.0005385952536016703,0.0012430673628565092
125976,99.5,-0.005872964859008789,6,lag_12__CT3__duck_amount,CT3__duck_amount,False,3.6246578693389893,0.0003121037152595818,0.0011312691875655784
125976,99.5,-0.005872964859008789,7,lag_07__CT_place_RUINS,CT_place_RUINS,False,3.493913412094116,0.0003142493078485131,0.0010979598714332128
125976,99.5,-0.005872964859008789,8,lag_11__T2__is_walking,T2__is_walking,False,2.2968344688415527,0.0004402948834467679,0.0010112844647551106
125976,99.5,-0.005872964859008789,9,lag_05__T_shots_fired_sum,T_shots_fired_sum,False,5.248159408569336,-0.00018803225248120725,-0.0009868232349737327
125976,99.5,-0.005872964859008789,10,lag_14__T2__is_walking,T2__is_walking,False,-2.2968344688415527,0.0004084695829078555,-0.0009381870174960949
125976,99.5,-0.005872964859008789,11,lag_03__T_place_QUAD,T_place_QUAD,False,24.086301803588867,3.737743099918589e-05,0.0009002840836892095
125976,99.5,-0.005872964859008789,12,lag_05__CT5__is_scoped,CT5__is_scoped,False,-3.5760385990142822,0.0002259655448142439,-0.0008080615103030278
125976,99.5,-0.005872964859008789,13,lag_05__T3__duck_amount,T3__duck_amount,False,-3.7704498767852783,0.00020415440667420626,-0.0007697539574899326
125976,99.5,-0.005872964859008789,14,lag_03__T1__is_walking,T1__is_walking,False,-2.281590461730957,0.00033243795041926205,-0.0007584872567939771
125976,99.5,-0.005872964859008789,15,lag_10__CT1__duck_amount,CT1__duck_amount,False,-2.392807960510254,0.00031154786120168865,-0.0007454742023633443
125976,99.5,-0.005872964859008789,16,lag_10__CT_place_RUINS,CT_place_RUINS,False,-3.493913412094116,-0.0002121785219060257,0.0007413333834457685
125976,99.5,-0.005872964859008789,17,lag_07__T_place_APARTMENTS,T_place_APARTMENTS,False,-2.288959503173828,0.0002947725879494101,-0.0006747225164619453
125976,99.5,-0.005872964859008789,18,lag_11__T4__duck_amount,T4__duck_amount,False,2.106947183609009,0.0003145233786199242,0.0006626841467624392
125976,99.5,-0.005872964859008789,19,lag_09__T4__is_walking,T4__is_walking,False,2.307980537414551,0.0002548225165810436,0.0005881254087640453
125976,99.5,-0.005872964859008789,20,lag_07__T_place_TOPOFMID,T_place_TOPOFMID,False,2.0359649658203125,0.00028487580129876733,0.000579997151054279
121656,32.0,-0.005773663520812988,1,lag_12__CT2__duck_amount,CT2__duck_amount,False,-3.8097944259643555,0.0004578091611620039,-0.0017441587903504197
121656,32.0,-0.005773663520812988,2,lag_15__T3__is_walking,T3__is_walking,False,-2.3223767280578613,0.0007450400153174996,-0.0017302635930452337
121656,32.0,-0.005773663520812988,3,lag_13__CT2__duck_amount,CT2__duck_amount,False,3.8097944259643555,-0.00034235691418871284,-0.0013043094633665153
121656,32.0,-0.005773663520812988,4,lag_03__T3__duck_amount,T3__duck_amount,False,3.7704498767852783,0.0003396302054170519,0.0012805586661672821
121656,32.0,-0.005773663520812988,5,lag_08__CT_place_BALCONY,CT_place_BALCONY,False,-6.417822360992432,0.00017931711045093834,-0.0011508253611605818
121656,32.0,-0.005773663520812988,6,lag_02__T4__is_walking,T4__is_walking,False,-2.307980537414551,-0.000464164768345654,0.001071283251495303
121656,32.0,-0.005773663520812988,7,lag_04__CT3__is_walking,CT3__is_walking,False,-2.387126922607422,0.0004291778604965657,-0.0010245020253784043
121656,32.0,-0.005773663520812988,8,lag_11__T2__is_walking,T2__is_walking,False,-2.2968344688415527,0.0004402948834467679,-0.0010112844647551106
121656,32.0,-0.005773663520812988,9,lag_11__CT1__is_walking,CT1__is_walking,False,2.3343825340270996,0.0004205553268548101,0.0009817370096019268
121656,32.0,-0.005773663520812988,10,lag_03__T3__is_walking,T3__is_walking,False,-2.3223767280578613,-0.0004129338776692748,0.0009589880277258156
121656,32.0,-0.005773663520812988,11,lag_14__T2__is_walking,T2__is_walking,False,2.2968344688415527,0.0004084695829078555,0.0009381870174960949
121656,32.0,-0.005773663520812988,12,lag_01__T2__is_walking,T2__is_walking,False,-2.2968344688415527,0.00039995761471800506,-0.0009186364355599635
121656,32.0,-0.005773663520812988,13,lag_11__CT4__duck_amount,CT4__duck_amount,False,-3.6725916862487793,-0.00024584264610894024,0.0009028796582250948
121656,32.0,-0.005773663520812988,14,lag_09__T3__is_walking,T3__is_walking,False,-2.3223767280578613,0.00036043141153641045,-0.0008370575222132054
121656,32.0,-0.005773663520812988,15,lag_00__CT2__is_walking,CT2__is_walking,False,2.360051155090332,-0.00033712375443428755,-0.0007956293060610298
121656,32.0,-0.005773663520812988,16,lag_15__CT1__is_walking,CT1__is_walking,False,-2.3343825340270996,-0.00031160173239186406,0.0007273976416681538
121656,32.0,-0.005773663520812988,17,lag_15__T_walking_count,T_walking_count,False,-1.5941797494888306,0.00041995709761977196,-0.0006694871006795444
121656,32.0,-0.005773663520812988,18,lag_13__T2__is_walking,T2__is_walking,False,-2.2968344688415527,0.00027503244928084314,-0.0006317040095581566
121656,32.0,-0.005773663520812988,19,lag_04__CT_place_PIT,CT_place_PIT,False,4.305429458618164,-0.00014580074639525265,-0.0006277348286186368
121656,32.0,-0.005773663520812988,20,lag_09__T1__is_walking,T1__is_walking,False,2.281590461730957,-0.00027209060499444604,-0.0006207993290819336
121720,33.0,-0.005706071853637695,1,lag_01__T4__flash_duration,T4__flash_duration,True,7.262770175933838,0.0004236715321894735,0.003077028968377901
121720,33.0,-0.005706071853637695,2,lag_06__CT_place_PIT,CT_place_PIT,False,4.305429458618164,-0.0005969179328531027,-0.0025699880524832075
121720,33.0,-0.005706071853637695,3,lag_14__CT2__duck_amount,CT2__duck_amount,False,-3.8097944259643555,-0.00046352235949598253,0.0017659249015176404
121720,33.0,-0.005706071853637695,4,lag_03__T3__duck_amount,T3__duck_amount,False,-3.7704498767852783,0.0003396302054170519,-0.0012805586661672821
121720,33.0,-0.005706071853637695,5,lag_04__CT3__is_walking,CT3__is_walking,False,2.387126922607422,0.0004291778604965657,0.0010245020253784043
121720,33.0,-0.005706071853637695,6,lag_10__T3__is_walking,T3__is_walking,False,2.3223767280578613,0.0004356538411229849,0.001011752342113037
121720,33.0,-0.005706071853637695,7,lag_11__T2__is_walking,T2__is_walking,False,2.2968344688415527,0.0004402948834467679,0.0010112844647551106
121720,33.0,-0.005706071853637695,8,lag_03__T3__is_walking,T3__is_walking,False,2.3223767280578613,-0.0004129338776692748,-0.0009589880277258156
121720,33.0,-0.005706071853637695,9,lag_14__T2__is_walking,T2__is_walking,False,2.2968344688415527,0.0004084695829078555,0.0009381870174960949
121720,33.0,-0.005706071853637695,10,lag_11__CT2__is_walking,CT2__is_walking,False,2.360051155090332,0.0003682550450321287,0.0008691007443959176
121720,33.0,-0.005706071853637695,11,lag_03__CT4__duck_amount,CT4__duck_amount,False,3.6725916862487793,-0.00023289330420084298,-0.0008553220127910238
121720,33.0,-0.005706071853637695,12,lag_09__T3__is_walking,T3__is_walking,False,-2.3223767280578613,0.00036043141153641045,-0.0008370575222132054
121720,33.0,-0.005706071853637695,13,lag_05__T3__is_walking,T3__is_walking,False,-2.3223767280578613,0.0003475644043646753,-0.000807175484197814
121720,33.0,-0.005706071853637695,14,lag_05__T3__duck_amount,T3__duck_amount,False,3.7704498767852783,0.00020415440667420626,0.0007697539574899326
121720,33.0,-0.005706071853637695,15,lag_03__T1__is_walking,T1__is_walking,False,-2.281590461730957,0.00033243795041926205,-0.0007584872567939771
121720,33.0,-0.005706071853637695,16,lag_05__CT_place_BANANA,CT_place_BANANA,False,-2.9603395462036133,0.000246574665652588,-0.0007299447338232901
121720,33.0,-0.005706071853637695,17,lag_15__CT1__is_walking,CT1__is_walking,False,2.3343825340270996,-0.00031160173239186406,-0.0007273976416681538
121720,33.0,-0.005706071853637695,18,lag_13__T2__is_walking,T2__is_walking,False,-2.2968344688415527,0.00027503244928084314,-0.0006317040095581566
121720,33.0,-0.005706071853637695,19,lag_05__CT2__is_walking,CT2__is_walking,False,-2.360051155090332,-0.0002599559666123241,0.0006135093792760393
121720,33.0,-0.005706071853637695,20,lag_14__CT1__is_walking,CT1__is_walking,False,-2.3343825340270996,0.0002578163694124669,-0.0006018420297427413
122136,39.5,-0.005693912506103516,1,lag_05__T_place_DECK,T_place_DECK,False,-24.256479263305664,-0.00014756059681531042,0.003579300556731585
122136,39.5,-0.005693912506103516,2,lag_07__T3__duck_amount,T3__duck_amount,False,3.7704498767852783,-0.0008297670283354819,-0.003128594989748004
122136,39.5,-0.005693912506103516,3,lag_01__T4__flash_duration,T4__flash_duration,True,-7.262770175933838,0.0004236715321894735,-0.003077028968377901
122136,39.5,-0.005693912506103516,4,lag_06__T3__duck_amount,T3__duck_amount,False,-3.7704498767852783,-0.0007399225141853094,0.002789840752440653
122136,39.5,-0.005693912506103516,5,lag_02__T_place_BALCONY,T_place_BALCONY,False,13.751577377319336,0.0001789078232832253,0.0024602647752870466
122136,39.5,-0.005693912506103516,6,lag_01__CT_shots_fired_sum,CT_shots_fired_sum,False,-4.863187313079834,0.0004898659535683692,-0.002382309890503448
122136,39.5,-0.005693912506103516,7,lag_00__CT5__is_scoped,CT5__is_scoped,False,-3.5760385990142822,0.0005902426782995462,-0.002110730600384747
122136,39.5,-0.005693912506103516,8,lag_03__CT_flashed_players,CT_flashed_players,False,2.1899399757385254,0.0006955666467547417,0.0015232492055186064
122136,39.5,-0.005693912506103516,9,lag_12__CT2__is_walking,CT2__is_walking,False,2.360051155090332,-0.0005939917173236609,-0.0014018508385837958
122136,39.5,-0.005693912506103516,10,lag_14__T4__is_walking,T4__is_walking,False,-2.307980537414551,0.0005385952536016703,-0.0012430673628565092
122136,39.5,-0.005693912506103516,11,lag_02__T_flashed_players,T_flashed_players,False,3.8592472076416016,-0.0003077391011174768,-0.0011876412666697589
122136,39.5,-0.005693912506103516,12,lag_02__CT_flashed_players,CT_flashed_players,False,2.1899399757385254,0.0005107324104756117,0.0011184733226058396
122136,39.5,-0.005693912506103516,13,lag_02__T2__duck_amount,T2__duck_amount,False,2.182732105255127,-0.0004818271554540843,-0.0010516996013933827
122136,39.5,-0.005693912506103516,14,lag_15__CT2__is_walking,CT2__is_walking,False,2.360051155090332,-0.00043083936907351017,-0.0010168029506403276
122136,39.5,-0.005693912506103516,15,lag_10__T3__is_walking,T3__is_walking,False,-2.3223767280578613,0.0004356538411229849,-0.001011752342113037
122136,39.5,-0.005693912506103516,16,lag_01__CT_flashed_players,CT_flashed_players,False,-2.1899399757385254,0.0004563998954836279,-0.0009994883760424816
122136,39.5,-0.005693912506103516,17,lag_11__CT1__is_walking,CT1__is_walking,False,2.3343825340270996,0.0004205553268548101,0.0009817370096019268
122136,39.5,-0.005693912506103516,18,lag_05__CT2__duck_amount,CT2__duck_amount,False,3.8097944259643555,0.0002463442797306925,0.0009385210637861963
122136,39.5,-0.005693912506103516,19,lag_14__T3__is_walking,T3__is_walking,False,-2.3223767280578613,-0.00037350942147895694,0.0008674295881530847
122136,39.5,-0.005693912506103516,20,lag_04__T3__is_walking,T3__is_walking,False,-2.3223767280578613,0.00036516980617307127,-0.0008480618596457407
121464,29.0,-0.005645394325256348,1,lag_13__T_place_KITCHEN,T_place_KITCHEN,False,31.938587188720703,0.0010356907732784748,0.033078500062908134
121464,29.0,-0.005645394325256348,2,lag_11__T_place_KITCHEN,T_place_KITCHEN,False,-31.938587188720703,0.000539042113814503,-0.01721624355045681
121464,29.0,-0.005645394325256348,3,lag_11__T_place_DECK,T_place_DECK,False,24.256479263305664,-0.00044287825585342944,-0.010742667229277691
121464,29.0,-0.005645394325256348,4,lag_13__T_place_UPSTAIRS,T_place_UPSTAIRS,False,-16.86671257019043,0.0004865703813266009,-0.00820684276700373
121464,29.0,-0.005645394325256348,5,lag_14__T_place_BACKALLEY,T_place_BACKALLEY,False,-3.025209665298462,0.0005261272890493274,-0.0015916453600093028
121464,29.0,-0.005645394325256348,6,lag_07__CT2__duck_amount,CT2__duck_amount,False,3.8097944259643555,0.0003347429446876049,0.0012753018048017317
121464,29.0,-0.005645394325256348,7,lag_12__CT3__duck_amount,CT3__duck_amount,False,-3.7208433151245117,0.0003121037152595818,-0.001161289022549139
121464,29.0,-0.005645394325256348,8,lag_02__CT_place_BALCONY,CT_place_BALCONY,False,-6.417822360992432,0.00018000691488850862,-0.001155252403504732
121464,29.0,-0.005645394325256348,9,lag_07__T4__duck_amount,T4__duck_amount,False,-3.0681588649749756,0.0003377425018697977,-0.001036247651190647
121464,29.0,-0.005645394325256348,10,lag_10__T3__is_walking,T3__is_walking,False,2.3223767280578613,0.0004356538411229849,0.001011752342113037
121464,29.0,-0.005645394325256348,11,lag_11__CT1__is_walking,CT1__is_walking,False,-2.3343825340270996,0.0004205553268548101,-0.0009817370096019268
121464,29.0,-0.005645394325256348,12,lag_03__T3__is_walking,T3__is_walking,False,-2.3223767280578613,-0.0004129338776692748,0.0009589880277258156
121464,29.0,-0.005645394325256348,13,lag_14__CT_A_site_active_infernos,CT_A_site_active_infernos,True,3.5290780067443848,-0.00026329600950703025,-0.0009291921564148209
121464,29.0,-0.005645394325256348,14,lag_01__T2__is_walking,T2__is_walking,False,-2.2968344688415527,0.00039995761471800506,-0.0009186364355599635
121464,29.0,-0.005645394325256348,15,lag_14__T3__is_walking,T3__is_walking,False,-2.3223767280578613,-0.00037350942147895694,0.0008674295881530847
121464,29.0,-0.005645394325256348,16,lag_09__T3__is_walking,T3__is_walking,False,-2.3223767280578613,0.00036043141153641045,-0.0008370575222132054
121464,29.0,-0.005645394325256348,17,lag_12__CT_place_BALCONY,CT_place_BALCONY,False,6.417822360992432,0.0001269819913432002,0.0008149478634857377
121464,29.0,-0.005645394325256348,18,lag_05__T3__is_walking,T3__is_walking,False,2.3223767280578613,0.0003475644043646753,0.000807175484197814
121464,29.0,-0.005645394325256348,19,lag_03__T1__is_walking,T1__is_walking,False,2.281590461730957,0.00033243795041926205,0.0007584872567939771
121464,29.0,-0.005645394325256348,20,lag_15__CT1__is_walking,CT1__is_walking,False,-2.3343825340270996,-0.00031160173239186406,0.0007273976416681538
122712,48.5,0.005563914775848389,1,lag_03__T_utility_damage_last_5s,T_utility_damage_last_5s,True,-6.710264205932617,-0.001282121054828167,0.00860337102188602
122712,48.5,0.005563914775848389,2,lag_04__T5__duck_amount,T5__duck_amount,False,-2.954214334487915,-0.0012885982869192958,0.003806795530613555
122712,48.5,0.005563914775848389,3,lag_11__T_place_BALCONY,T_place_BALCONY,False,13.751577377319336,-0.00026792773860506713,-0.0036844290289577697
122712,48.5,0.005563914775848389,4,lag_03__utility_damage_diff_last_5s,utility_damage_diff_last_5s,True,4.243395805358887,0.0008228779770433903,0.0034917969561081286
122712,48.5,0.005563914775848389,5,lag_15__CT_flashed_players,CT_flashed_players,False,4.379879951477051,-0.0006049094372428954,-0.0026494307166394226
122712,48.5,0.005563914775848389,6,lag_15__T_flash_duration_sum,T_flash_duration_sum,True,5.545591354370117,-0.00040812636143527925,-0.0022633020214660182
122712,48.5,0.005563914775848389,7,lag_15__T_flashed_players,T_flashed_players,False,3.8592474460601807,-0.0005744826630689204,-0.0022170707502545822
122712,48.5,0.005563914775848389,8,lag_10__damage_diff_last_5s,damage_diff_last_5s,False,-3.722365379333496,-0.0005929225008003414,0.002207074189607028
122712,48.5,0.005563914775848389,9,lag_04__CT1__duck_amount,CT1__duck_amount,False,-2.863501787185669,-0.0007108165300451219,0.0020354244041453223
122712,48.5,0.005563914775848389,10,lag_12__CT_utility_damage_last_5s,CT_utility_damage_last_5s,True,-3.1920034885406494,-0.0005941681447438896,0.001896586790802221
122712,48.5,0.005563914775848389,11,lag_12__T4__duck_amount,T4__duck_amount,False,-3.6976382732391357,0.0004697070689871907,-0.0017368068354980115
122712,48.5,0.005563914775848389,12,lag_07__CT5__is_scoped,CT5__is_scoped,False,-3.5760385990142822,0.0004739676951430738,-0.001694926772517466
122712,48.5,0.005563914775848389,13,lag_12__utility_damage_diff_last_5s,utility_damage_diff_last_5s,True,-2.6182656288146973,-0.0005814807955175638,0.0015224711807194646
122712,48.5,0.005563914775848389,14,lag_00__T_utility_damage_last_5s,T_utility_damage_last_5s,True,-1.570487380027771,-0.0009483524481765926,0.0014893755516797794
122712,48.5,0.005563914775848389,15,lag_04__kill_diff_last_3s,kill_diff_last_3s,False,4.813891887664795,-0.000293005199637264,-0.001410495353577429
122712,48.5,0.005563914775848389,16,lag_00__damage_diff_last_5s,damage_diff_last_5s,False,1.1279895305633545,0.0012363108107820153,0.0013945456510844056
122712,48.5,0.005563914775848389,17,lag_05__CT1__duck_amount,CT1__duck_amount,False,2.863501787185669,0.00046185965766198933,0.0013225359551440677
122712,48.5,0.005563914775848389,18,lag_10__CT_damage_last_5s,CT_damage_last_5s,False,-2.506845474243164,-0.0004971643211320043,0.00124631412838494
122712,48.5,0.005563914775848389,19,lag_09__T_place_BALCONY,T_place_BALCONY,False,-13.751577377319336,8.928103488869965e-05,-0.0012277550595991005
122712,48.5,0.005563914775848389,20,lag_03__T4__duck_amount,T4__duck_amount,False,-3.6976382732391357,-0.00032167002791538835,0.0011894194065738412
123992,68.5,0.005489051342010498,1,lag_03__CT_place_LIBRARY,CT_place_LIBRARY,False,-6.411735534667969,-0.0007810965762473643,0.005008184673932714
123992,68.5,0.005489051342010498,2,lag_02__T4__duck_amount,T4__duck_amount,False,-3.6976382732391357,0.0007360627641901374,-0.0027216938483756448
123992,68.5,0.005489051342010498,3,lag_07__T4__duck_amount,T4__duck_amount,False,3.6976382732391357,0.0003377425018697977,0.0012488496014133044
123992,68.5,0.005489051342010498,4,lag_02__CT1__duck_amount,CT1__duck_amount,False,2.455442190170288,0.00045581706217490137,0.0011192324454637262
123992,68.5,0.005489051342010498,5,lag_02__T4__is_walking,T4__is_walking,False,2.307980537414551,-0.000464164768345654,-0.001071283251495303
123992,68.5,0.005489051342010498,6,lag_11__T2__is_walking,T2__is_walking,False,2.2968344688415527,0.0004402948834467679,0.0010112844647551106
123992,68.5,0.005489051342010498,7,lag_11__CT1__is_walking,CT1__is_walking,False,-2.3343825340270996,0.0004205553268548101,-0.0009817370096019268
123992,68.5,0.005489051342010498,8,lag_14__T3__is_walking,T3__is_walking,False,2.3223767280578613,-0.00037350942147895694,-0.0008674295881530847
123992,68.5,0.005489051342010498,9,lag_12__CT_flashed_players,CT_flashed_players,False,-4.379879951477051,0.00019602752581704408,-0.0008585770302637213
123992,68.5,0.005489051342010498,10,lag_10__CT_place_RUINS,CT_place_RUINS,False,3.493913412094116,-0.0002121785219060257,-0.0007413333834457685
123992,68.5,0.005489051342010498,11,lag_08__T1__is_walking,T1__is_walking,False,-2.281590461730957,-0.0003247926651965827,0.0007410438469526992
123992,68.5,0.005489051342010498,12,lag_15__CT1__is_walking,CT1__is_walking,False,2.3343825340270996,-0.00031160173239186406,-0.0007273976416681538
123992,68.5,0.005489051342010498,13,lag_12__T3__is_walking,T3__is_walking,False,-2.3223767280578613,0.00029835361056029797,-0.0006928894818972742
123992,68.5,0.005489051342010498,14,lag_07__T1__is_walking,T1__is_walking,False,2.281590461730957,0.00030015932861715555,0.00068484066117247
123992,68.5,0.005489051342010498,15,lag_05__CT2__is_walking,CT2__is_walking,False,-2.360051155090332,-0.0002599559666123241,0.0006135093792760393
123992,68.5,0.005489051342010498,16,lag_10__CT1__is_walking,CT1__is_walking,False,2.3343825340270996,0.00024633793509565294,0.0005750469731555935
123992,68.5,0.005489051342010498,17,lag_06__CT2__is_walking,CT2__is_walking,False,2.360051155090332,0.00024117632710840553,0.0005691884693726362
123992,68.5,0.005489051342010498,18,lag_04__CT3__duck_amount,CT3__duck_amount,False,2.2156026363372803,0.0002510395715944469,0.000556203936649638
123992,68.5,0.005489051342010498,19,lag_12__T_walking_count,T_walking_count,False,-1.5941797494888306,0.00032866629771888256,-0.0005239531561629096
123992,68.5,0.005489051342010498,20,lag_08__T3__is_walking,T3__is_walking,False,2.3223767280578613,-0.00021952461975160986,-0.0005098188681468899
121144,24.0,-0.005415499210357666,1,lag_01__T_place_DECK,T_place_DECK,False,24.256479263305664,-0.0006272147293202579,-0.015214021075396711
121144,24.0,-0.005415499210357666,2,lag_01__T_place_KITCHEN,T_place_KITCHEN,False,-31.938587188720703,-0.00033489384804852307,0.010696036364863937
121144,24.0,-0.005415499210357666,3,lag_03__T_place_KITCHEN,T_place_KITCHEN,False,31.938587188720703,-0.0001849490508902818,-0.0059070113873304075
121144,24.0,-0.005415499210357666,4,lag_09__T_place_UPSTAIRS,T_place_UPSTAIRS,False,16.86671257019043,0.0002631576207932085,0.004438603950574216
121144,24.0,-0.005415499210357666,5,lag_03__T_place_UPSTAIRS,T_place_UPSTAIRS,False,-16.86671257019043,0.00025110875139944255,-0.004235379133713801
121144,24.0,-0.005415499210357666,6,lag_11__T_place_BACKALLEY,T_place_BACKALLEY,False,-3.025209903717041,-0.0006680043879896402,0.0020208534902727004
121144,24.0,-0.005415499210357666,7,lag_14__T_place_BACKALLEY,T_place_BACKALLEY,False,3.025209903717041,0.0005261272890493274,0.0015916454854478235
121144,24.0,-0.005415499210357666,8,lag_14__T4__is_walking,T4__is_walking,False,-2.307980537414551,0.0005385952536016703,-0.0012430673628565092
121144,24.0,-0.005415499210357666,9,lag_02__CT_place_BALCONY,CT_place_BALCONY,False,6.417822360992432,0.00018000691488850862,0.001155252403504732
121144,24.0,-0.005415499210357666,10,lag_12__T5__is_walking,T5__is_walking,False,2.3193888664245605,0.0004636989033315331,0.0010754980737604364
121144,24.0,-0.005415499210357666,11,lag_04__CT3__is_walking,CT3__is_walking,False,-2.387126922607422,0.0004291778604965657,-0.0010245020253784043
121144,24.0,-0.005415499210357666,12,lag_06__T_place_APARTMENTS,T_place_APARTMENTS,False,2.288959503173828,0.0004327136557549238,0.0009904640344933213
121144,24.0,-0.005415499210357666,13,lag_04__CT3__duck_amount,CT3__duck_amount,False,3.7208433151245117,0.0002510395715944469,0.000934078911798919
121144,24.0,-0.005415499210357666,14,lag_04__T3__is_walking,T3__is_walking,False,-2.3223767280578613,0.00036516980617307127,-0.0008480618596457407
121144,24.0,-0.005415499210357666,15,lag_06__T_place_BACKALLEY,T_place_BACKALLEY,False,-3.025209903717041,-0.0002554414386395365,0.0007727639699920547
121144,24.0,-0.005415499210357666,16,lag_09__T_place_LOWERMID,T_place_LOWERMID,False,-3.3263463973999023,0.00021904030290897936,-0.0007286039224666668
121144,24.0,-0.005415499210357666,17,lag_14__T_place_APARTMENTS,T_place_APARTMENTS,False,-2.288959264755249,0.0002994941605720669,-0.0006855299335815287
121144,24.0,-0.005415499210357666,18,lag_02__CT3__duck_amount,CT3__duck_amount,False,-3.7208433151245117,0.00017465600103605539,-0.0006498676139013865
121144,24.0,-0.005415499210357666,19,lag_09__T_active_infernos,T_active_infernos,True,-2.082643508911133,0.00030066556064412,-0.000626179178228603
121144,24.0,-0.005415499210357666,20,lag_10__CT1__is_walking,CT1__is_walking,False,-2.3343825340270996,0.00024633793509565294,-0.0005750469731555935
125528,92.5,-0.005405247211456299,1,lag_12__CT2__is_walking,CT2__is_walking,False,-2.360051155090332,-0.0005939917173236609,0.0014018508385837958
125528,92.5,-0.005405247211456299,2,lag_14__T4__is_walking,T4__is_walking,False,-2.307980537414551,0.0005385952536016703,-0.0012430673628565092
125528,92.5,-0.005405247211456299,3,lag_04__CT3__is_walking,CT3__is_walking,False,-2.387126922607422,0.0004291778604965657,-0.0010245020253784043
125528,92.5,-0.005405247211456299,4,lag_15__CT2__is_walking,CT2__is_walking,False,2.360051155090332,-0.00043083936907351017,-0.0010168029506403276
125528,92.5,-0.005405247211456299,5,lag_07__CT2__is_walking,CT2__is_walking,False,-2.360051155090332,0.00038290611701086164,-0.0009036780237426378
125528,92.5,-0.005405247211456299,6,lag_00__CT2__is_walking,CT2__is_walking,False,2.360051155090332,-0.00033712375443428755,-0.0007956293060610298
125528,92.5,-0.005405247211456299,7,lag_08__T1__is_walking,T1__is_walking,False,2.281590461730957,-0.0003247926651965827,-0.0007410438469526992
125528,92.5,-0.005405247211456299,8,lag_10__T2__is_walking,T2__is_walking,False,-2.2968344688415527,-0.0003049870138056576,0.0007005046858578889
125528,92.5,-0.005405247211456299,9,lag_07__T1__is_walking,T1__is_walking,False,-2.281590461730957,0.00030015932861715555,-0.00068484066117247
125528,92.5,-0.005405247211456299,10,lag_13__T2__is_walking,T2__is_walking,False,2.2968344688415527,0.00027503244928084314,0.0006317040095581566
125528,92.5,-0.005405247211456299,11,lag_04__CT3__duck_amount,CT3__duck_amount,False,2.5158700942993164,0.0002510395715944469,0.0006315829506601811
125528,92.5,-0.005405247211456299,12,lag_09__CT_place_RUINS,CT_place_RUINS,False,3.493913412094116,0.0001700500288279727,0.000594140076449045
125528,92.5,-0.005405247211456299,13,lag_06__CT2__is_walking,CT2__is_walking,False,2.360051155090332,0.00024117632710840553,0.0005691884693726362
125528,92.5,-0.005405247211456299,14,lag_05__CT5__duck_amount,CT5__duck_amount,False,-1.8834019899368286,0.0002987968036904931,-0.0005627544946574387
125528,92.5,-0.005405247211456299,15,lag_01__CT3__is_walking,CT3__is_walking,False,2.387126922607422,-0.00020937243243679404,-0.0004997985703216745
125528,92.5,-0.005405247211456299,16,lag_02__T2__is_walking,T2__is_walking,False,2.2968344688415527,-0.00020839909848291427,-0.00047865823267106283
125528,92.5,-0.005405247211456299,17,lag_06__T1__is_walking,T1__is_walking,False,2.281590461730957,-0.0002062799467239529,-0.0004706463588917409
125528,92.5,-0.005405247211456299,18,lag_13__CT2__is_walking,CT2__is_walking,False,2.360051155090332,0.00019857352890539914,0.0004686436862635507
125528,92.5,-0.005405247211456299,19,lag_05__T_place_MIDDLE,T_place_MIDDLE,False,-1.6254756450653076,0.00022942452051211149,-0.0003729239704732233
125528,92.5,-0.005405247211456299,20,lag_03__CT2__is_walking,CT2__is_walking,False,-2.360051155090332,0.00015276187332347035,-0.0003605258355908192
120728,17.5,-0.005364120006561279,1,lag_14__CT_place_BALCONY,CT_place_BALCONY,False,6.417822360992432,-0.0005877211224287748,-0.0037718897615509617
120728,17.5,-0.005364120006561279,2,lag_05__T_flash_duration_sum,T_flash_duration_sum,True,-2.6450178623199463,-0.0009710621670819819,0.0025684767773549583
120728,17.5,-0.005364120006561279,3,lag_13__T_place_SECONDMID,T_place_SECONDMID,False,-3.274061679840088,-0.0007598143420182168,0.002487679020994754
120728,17.5,-0.005364120006561279,4,lag_12__CT2__is_walking,CT2__is_walking,False,2.360051155090332,-0.0005939917173236609,-0.0014018508385837958
120728,17.5,-0.005364120006561279,5,lag_09__T_place_SECONDMID,T_place_SECONDMID,False,-3.274061679840088,0.000413242174545303,-0.0013529803681725655
120728,17.5,-0.005364120006561279,6,lag_14__CT4__duck_amount,CT4__duck_amount,False,-3.6725916862487793,0.0003630915016401559,-0.0013334868302712216
120728,17.5,-0.005364120006561279,7,lag_05__T_flashed_players,T_flashed_players,False,-1.9296237230300903,-0.0006758904783055186,0.0013042143011084834
120728,17.5,-0.005364120006561279,8,lag_06__T_place_SECONDMID,T_place_SECONDMID,False,-3.2740612030029297,0.0003358133544679731,-0.0010994734753138613
120728,17.5,-0.005364120006561279,9,lag_06__T_place_APARTMENTS,T_place_APARTMENTS,False,2.288959503173828,0.0004327136557549238,0.0009904640344933213
120728,17.5,-0.005364120006561279,10,lag_00__T4__duck_amount,T4__duck_amount,False,2.198122501373291,-0.00042046597809530795,-0.0009242357275132257
120728,17.5,-0.005364120006561279,11,lag_01__T_place_LOWERMID,T_place_LOWERMID,False,3.3263463973999023,0.00023485113342758268,0.0007811962216021234
120728,17.5,-0.005364120006561279,12,lag_14__CT1__is_walking,CT1__is_walking,False,2.3343825340270996,0.0002578163694124669,0.0006018420297427413
120728,17.5,-0.005364120006561279,13,lag_05__T4__flash_duration,T4__flash_duration,True,-6.504885196685791,-9.074912668438628e-05,0.0005903126507814278
120728,17.5,-0.005364120006561279,14,lag_01__T4__is_walking,T4__is_walking,False,-2.307980537414551,-0.0002342455554753542,0.0005406341830129779
120728,17.5,-0.005364120006561279,15,lag_06__T_place_UNDERPASS,T_place_UNDERPASS,False,-3.9171202182769775,0.00013327773194760084,-0.0005220648984580467
120728,17.5,-0.005364120006561279,16,lag_05__T4__is_walking,T4__is_walking,False,2.307980537414551,-0.00022469049145001918,-0.0005185812812087548
120728,17.5,-0.005364120006561279,17,lag_06__T3__is_walking,T3__is_walking,False,2.3223767280578613,0.00022186199203133583,0.000515247127134133
120728,17.5,-0.005364120006561279,18,lag_11__CT_place_BALCONY,CT_place_BALCONY,False,-6.417822360992432,-7.95057276263833e-05,0.0005102536365875765
120728,17.5,-0.005364120006561279,19,lag_01__T5__is_walking,T5__is_walking,False,-2.3193888664245605,-0.00021687510889023542,0.0005030177129646263
120728,17.5,-0.005364120006561279,20,lag_05__CT5__duck_amount,CT5__duck_amount,False,1.6325141191482544,0.0002987968036904931,0.00048779000078109924
122232,41.0,0.005317628383636475,1,lag_08__T_place_DECK,T_place_DECK,False,-24.256479263305664,-0.0006346582085825503,0.015394573675769352
122232,41.0,0.005317628383636475,2,lag_00__T_place_PIT,T_place_PIT,False,6.3102264404296875,-0.0015645284438505769,-0.009872528753190224
122232,41.0,0.005317628383636475,3,lag_00__T5__flash_duration,T5__flash_duration,True,7.137953758239746,-0.0009003113373182714,-0.006426380693796807
122232,41.0,0.005317628383636475,4,lag_00__T_place_BALCONY,T_place_BALCONY,False,-13.751577377319336,-0.00035783127532340586,0.004920744470634675
122232,41.0,0.005317628383636475,5,lag_00__CT_flashed_players,CT_flashed_players,False,4.379879951477051,0.0007712539518252015,0.0033779997210966473
122232,41.0,0.005317628383636475,6,lag_05__T_flashed_players,T_flashed_players,False,3.8592472076416016,-0.0006758904783055186,-0.0026084284410721192
122232,41.0,0.005317628383636475,7,lag_04__T4__flash_duration,T4__flash_duration,True,-7.262770175933838,-0.00034007610520347953,0.0024698945944195694
122232,41.0,0.005317628383636475,8,lag_13__T3__duck_amount,T3__duck_amount,False,3.7704498767852783,0.000605045526754111,0.002281293831799522
122232,41.0,0.005317628383636475,9,lag_00__T3__flash_duration,T3__flash_duration,True,6.350583076477051,-0.0003476240090094507,-0.0022076151485925233
122232,41.0,0.005317628383636475,10,lag_06__CT4__flash_duration,CT4__flash_duration,True,5.9389777183532715,-0.00035460261278785765,-0.0021059770162169394
122232,41.0,0.005317628383636475,11,lag_00__CT4__flash_duration,CT4__flash_duration,True,-3.382716655731201,0.0006100274040363729,-0.0020635498600863056
122232,41.0,0.005317628383636475,12,lag_00__T_flash_duration_sum,T_flash_duration_sum,True,5.545591354370117,-0.00037209742004051805,-0.002063500235560123
122232,41.0,0.005317628383636475,13,lag_09__T3__duck_amount,T3__duck_amount,False,-3.7704498767852783,-0.0004805804055649787,0.001812004330947893
122232,41.0,0.005317628383636475,14,lag_15__T3__is_walking,T3__is_walking,False,2.3223767280578613,0.0007450400153174996,0.0017302635930452337
122232,41.0,0.005317628383636475,15,lag_05__T5__flash_duration,T5__flash_duration,True,1.5373594760894775,-0.0010932679288089275,-0.001680745810259121
122232,41.0,0.005317628383636475,16,lag_11__CT3__duck_amount,CT3__duck_amount,False,-3.7208433151245117,-0.00042933892109431326,0.0015975028544765457
122232,41.0,0.005317628383636475,17,lag_05__T_place_BALCONY,T_place_BALCONY,False,13.751577377319336,-0.00010424953507026657,-0.0014335955480683366
122232,41.0,0.005317628383636475,18,lag_07__CT2__duck_amount,CT2__duck_amount,False,-3.8097944259643555,0.0003347429446876049,-0.0012753018048017317
122232,41.0,0.005317628383636475,19,lag_05__CT_flashed_players,CT_flashed_players,False,2.1899399757385254,-0.000531210214830935,-0.0011633184849789147
122232,41.0,0.005317628383636475,20,lag_12__CT3__duck_amount,CT3__duck_amount,False,3.7208433151245117,0.0003121037152595818,0.001161289022549139
123800,65.5,-0.005315661430358887,1,lag_11__CT_place_LIBRARY,CT_place_LIBRARY,False,6.411735534667969,-0.0005483959103003144,-0.003516169545139114
123800,65.5,-0.005315661430358887,2,lag_04__T_flashes_last_5s,T_flashes_last_5s,True,9.0607271194458,0.00022156645718496293,0.0020075532073753205
123800,65.5,-0.005315661430358887,3,lag_15__T3__is_walking,T3__is_walking,False,-2.3223767280578613,0.0007450400153174996,-0.0017302635930452337
123800,65.5,-0.005315661430358887,4,lag_11__CT1__duck_amount,CT1__duck_amount,False,3.8154516220092773,0.00044415416778065264,0.0016946487398808718
123800,65.5,-0.005315661430358887,5,lag_12__CT_place_RUINS,CT_place_RUINS,False,3.493913412094116,-0.00048437880468554795,-0.0016923776022249523
123800,65.5,-0.005315661430358887,6,lag_08__CT_flashed_players,CT_flashed_players,False,4.379879951477051,-0.00033950540819205344,-0.0014869929307584073
123800,65.5,-0.005315661430358887,7,lag_14__T3__duck_amount,T3__duck_amount,False,-2.378060817718506,0.0005507018067874014,-0.0013096023889679065
123800,65.5,-0.005315661430358887,8,lag_06__CT_flashed_players,CT_flashed_players,False,-4.379879951477051,-0.00028297476819716394,0.001239395514000624
123800,65.5,-0.005315661430358887,9,lag_06__T3__duck_amount,T3__duck_amount,False,1.6454718112945557,-0.0007399225141853094,-0.0012175216396341226
123800,65.5,-0.005315661430358887,10,lag_10__CT1__duck_amount,CT1__duck_amount,False,-3.8154516220092773,0.00031154786120168865,-0.0011886957923555042
123800,65.5,-0.005315661430358887,11,lag_15__T3__duck_amount,T3__duck_amount,False,3.227454900741577,-0.00035632168874144554,-0.0011500121805690933
123800,65.5,-0.005315661430358887,12,lag_12__T_walking_count,T_walking_count,False,3.188359498977661,0.00032866629771888256,0.0010479063123258192
123800,65.5,-0.005315661430358887,13,lag_10__T3__is_walking,T3__is_walking,False,-2.3223767280578613,0.0004356538411229849,-0.001011752342113037
123800,65.5,-0.005315661430358887,14,lag_04__CT_place_RUINS,CT_place_RUINS,False,3.493913412094116,0.0002781023795250803,0.0009716656337579663
123800,65.5,-0.005315661430358887,15,lag_11__CT2__is_walking,CT2__is_walking,False,2.360051155090332,0.0003682550450321287,0.0008691007443959176
123800,65.5,-0.005315661430358887,16,lag_01__T4__duck_amount,T4__duck_amount,False,3.6976382732391357,0.0002160709263989702,0.0007989521271870685
123800,65.5,-0.005315661430358887,17,lag_00__CT2__is_walking,CT2__is_walking,False,2.360051155090332,-0.00033712375443428755,-0.0007956293060610298
123800,65.5,-0.005315661430358887,18,lag_15__CT_velocity_mean,CT_velocity_mean,False,2.379187822341919,0.0003249151341151446,0.0007730341303813434
123800,65.5,-0.005315661430358887,19,lag_02__T3__duck_amount,T3__duck_amount,False,-3.7704498767852783,-0.0002037809754256159,0.0007683459536846973
123800,65.5,-0.005315661430358887,20,lag_12__T3__is_walking,T3__is_walking,False,2.3223767280578613,0.00029835361056029797,0.0006928894818972742
120696,17.0,0.005179882049560547,1,lag_04__T4__flash_duration,T4__flash_duration,True,-6.504885196685791,-0.00034007610520347953,0.0022121560224846737
120696,17.0,0.005179882049560547,2,lag_12__T4__duck_amount,T4__duck_amount,False,-3.6976382732391357,0.0004697070689871907,-0.0017368068354980115
120696,17.0,0.005179882049560547,3,lag_00__T_place_LOWERMID,T_place_LOWERMID,False,3.3263463973999023,0.0005207075155340135,0.0017320535683956195
120696,17.0,0.005179882049560547,4,lag_12__T_place_SECONDMID,T_place_SECONDMID,False,-3.274061679840088,0.0004920939682051539,-0.0016111460041809411
120696,17.0,0.005179882049560547,5,lag_14__CT4__duck_amount,CT4__duck_amount,False,3.6725916862487793,0.0003630915016401559,0.0013334868302712216
120696,17.0,0.005179882049560547,6,lag_15__T_flashed_players,T_flashed_players,False,-1.9296237230300903,-0.0005744826630689204,0.0011085353751272911
120696,17.0,0.005179882049560547,7,lag_08__T_place_BACKALLEY,T_place_BACKALLEY,False,3.025209665298462,-0.00034508525277487934,-0.0010439552420465278
120696,17.0,0.005179882049560547,8,lag_15__CT_place_BANANA,CT_place_BANANA,False,2.960339307785034,-0.0003146057133562863,-0.0009313396597023654
120696,17.0,0.005179882049560547,9,lag_11__CT2__is_walking,CT2__is_walking,False,2.360051155090332,0.0003682550450321287,0.0008691007443959176
120696,17.0,0.005179882049560547,10,lag_05__T3__is_walking,T3__is_walking,False,2.3223767280578613,0.0003475644043646753,0.000807175484197814
120696,17.0,0.005179882049560547,11,lag_00__T4__duck_amount,T4__duck_amount,False,1.4995158910751343,-0.00042046597809530795,-0.0006304954158103636
120696,17.0,0.005179882049560547,12,lag_02__T_active_infernos,T_active_infernos,True,2.082643747329712,-0.00029549957253038883,-0.000615420337069017
120696,17.0,0.005179882049560547,13,lag_13__CT_walking_count,CT_walking_count,False,1.7948951721191406,0.00032104263664223254,0.0005762378785535427
120696,17.0,0.005179882049560547,14,lag_03__T2__is_walking,T2__is_walking,False,2.2968344688415527,0.0002332256262889132,0.0005356806574775344
120696,17.0,0.005179882049560547,15,lag_15__T_place_SECONDMID,T_place_SECONDMID,False,3.274061679840088,0.0001526399137219414,0.0004997524923311056
120696,17.0,0.005179882049560547,16,lag_08__T_place_SECONDMID,T_place_SECONDMID,False,-3.274061679840088,0.00015165191143751144,-0.000496517711912059
120696,17.0,0.005179882049560547,17,lag_10__CT_place_BALCONY,CT_place_BALCONY,False,-6.417822360992432,7.53873391658999e-05,-0.0004838225510346329
120696,17.0,0.005179882049560547,18,lag_13__CT4__is_walking,CT4__is_walking,False,2.384641170501709,0.00019461923511698842,0.00046409704063152257
120696,17.0,0.005179882049560547,19,lag_14__T_A_site_active_infernos,T_A_site_active_infernos,True,2.9764554500579834,-0.0001536058698548004,-0.00045720102849021796
120696,17.0,0.005179882049560547,20,lag_13__CT1__is_walking,CT1__is_walking,False,2.3343825340270996,0.00018682889640331268,0.00043613011261545154
121752,33.5,-0.005154669284820557,1,lag_06__T3__duck_amount,T3__duck_amount,False,3.7704498767852783,-0.0007399225141853094,-0.002789840752440653
121752,33.5,-0.005154669284820557,2,lag_12__CT2__is_walking,CT2__is_walking,False,2.360051155090332,-0.0005939917173236609,-0.0014018508385837958
121752,33.5,-0.005154669284820557,3,lag_14__CT4__duck_amount,CT4__duck_amount,False,-3.6725916862487793,0.0003630915016401559,-0.0013334868302712216
121752,33.5,-0.005154669284820557,4,lag_14__T4__is_walking,T4__is_walking,False,-2.307980537414551,0.0005385952536016703,-0.0012430673628565092
121752,33.5,-0.005154669284820557,5,lag_02__T4__flash_duration,T4__flash_duration,True,7.262770175933838,-0.00016471736307721585,-0.0011963043520156688
121752,33.5,-0.005154669284820557,6,lag_02__T4__is_walking,T4__is_walking,False,-2.307980537414551,-0.000464164768345654,0.001071283251495303
121752,33.5,-0.005154669284820557,7,lag_10__T3__is_walking,T3__is_walking,False,-2.3223767280578613,0.0004356538411229849,-0.001011752342113037
121752,33.5,-0.005154669284820557,8,lag_02__T_flash_duration_sum,T_flash_duration_sum,True,2.9531896114349365,-0.00032056396594271064,-0.0009466861740223959
121752,33.5,-0.005154669284820557,9,lag_14__T2__is_walking,T2__is_walking,False,-2.2968344688415527,0.0004084695829078555,-0.0009381870174960949
121752,33.5,-0.005154669284820557,10,lag_01__T2__is_walking,T2__is_walking,False,-2.2968344688415527,0.00039995761471800506,-0.0009186364355599635
121752,33.5,-0.005154669284820557,11,lag_14__T3__is_walking,T3__is_walking,False,2.3223767280578613,-0.00037350942147895694,-0.0008674295881530847
121752,33.5,-0.005154669284820557,12,lag_04__T3__is_walking,T3__is_walking,False,2.3223767280578613,0.00036516980617307127,0.0008480618596457407
121752,33.5,-0.005154669284820557,13,lag_09__T3__is_walking,T3__is_walking,False,2.3223767280578613,0.00036043141153641045,0.0008370575222132054
121752,33.5,-0.005154669284820557,14,lag_00__CT2__is_walking,CT2__is_walking,False,2.360051155090332,-0.00033712375443428755,-0.0007956293060610298
121752,33.5,-0.005154669284820557,15,lag_05__CT_place_BANANA,CT_place_BANANA,False,-2.960339307785034,0.000246574665652588,-0.0007299446750353086
121752,33.5,-0.005154669284820557,16,lag_15__CT1__is_walking,CT1__is_walking,False,-2.3343825340270996,-0.00031160173239186406,0.0007273976416681538
121752,33.5,-0.005154669284820557,17,lag_10__T2__is_walking,T2__is_walking,False,-2.2968344688415527,-0.0003049870138056576,0.0007005046858578889
121752,33.5,-0.005154669284820557,18,lag_12__T3__is_walking,T3__is_walking,False,-2.3223767280578613,0.00029835361056029797,-0.0006928894818972742
121752,33.5,-0.005154669284820557,19,lag_04__T3__duck_amount,T3__duck_amount,False,-3.7704498767852783,-0.00018243497470393777,0.0006878619278937875
121752,33.5,-0.005154669284820557,20,lag_04__T_duck_amount_mean,T_duck_amount_mean,False,-1.1631747484207153,-0.0005479127285070717,0.0006373182501377209
120344,11.5,-0.005145072937011719,1,lag_11__CT_place_LIBRARY,CT_place_LIBRARY,False,-6.411735534667969,-0.0005483959103003144,0.003516169545139114
120344,11.5,-0.005145072937011719,2,lag_10__T_place_LOWERMID,T_place_LOWERMID,False,-6.652692794799805,0.00047533458564430475,-0.003162254973035017
120344,11.5,-0.005145072937011719,3,lag_05__T_flash_duration_sum,T_flash_duration_sum,True,2.92400860786438,-0.0009710621670819819,-0.0028393941353191537
120344,11.5,-0.005145072937011719,4,lag_02__T4__duck_amount,T4__duck_amount,False,3.6976382732391357,0.0007360627641901374,0.0027216938483756448
120344,11.5,-0.005145072937011719,5,lag_05__T_flashed_players,T_flashed_players,False,3.8592474460601807,-0.0006758904783055186,-0.0026084286022169667
120344,11.5,-0.005145072937011719,6,lag_01__T_place_SECONDMID,T_place_SECONDMID,False,-3.274061679840088,0.000686042825691402,-0.002246146526325432
120344,11.5,-0.005145072937011719,7,lag_10__T_place_SECONDMID,T_place_SECONDMID,False,3.2740612030029297,0.0006682166131213307,0.0021877820882225674
120344,11.5,-0.005145072937011719,8,lag_14__CT_place_LIBRARY,CT_place_LIBRARY,False,-6.411735534667969,-0.00033181949402205646,0.002127538840916765
120344,11.5,-0.005145072937011719,9,lag_14__CT_place_RUINS,CT_place_RUINS,False,3.493913412094116,-0.0004953124444000423,-0.001730578792666429
120344,11.5,-0.005145072937011719,10,lag_13__T_place_LOWERMID,T_place_LOWERMID,False,6.6526923179626465,-0.0002098303084494546,-0.0013959364810974192
120344,11.5,-0.005145072937011719,11,lag_09__T_place_SECONDMID,T_place_SECONDMID,False,3.274061679840088,0.000413242174545303,0.0013529803681725655
120344,11.5,-0.005145072937011719,12,lag_02__CT_place_BALCONY,CT_place_BALCONY,False,6.417822360992432,0.00018000691488850862,0.001155252403504732
120344,11.5,-0.005145072937011719,13,lag_07__CT_place_RUINS,CT_place_RUINS,False,-3.493913412094116,0.0003142493078485131,-0.0010979598714332128
120344,11.5,-0.005145072937011719,14,lag_03__CT4__duck_amount,CT4__duck_amount,False,3.6725916862487793,-0.00023289330420084298,-0.0008553220127910238
120344,11.5,-0.005145072937011719,15,lag_15__CT_place_LIBRARY,CT_place_LIBRARY,False,6.411735534667969,-0.0001277854316867888,-0.00081932639315907
120344,11.5,-0.005145072937011719,16,lag_01__T4__duck_amount,T4__duck_amount,False,-3.6976382732391357,0.0002160709263989702,-0.0007989521271870685
120344,11.5,-0.005145072937011719,17,lag_00__CT2__is_walking,CT2__is_walking,False,2.360051155090332,-0.00033712375443428755,-0.0007956293060610298
120344,11.5,-0.005145072937011719,18,lag_10__CT_place_RUINS,CT_place_RUINS,False,3.493913412094116,-0.0002121785219060257,-0.0007413333834457685
120344,11.5,-0.005145072937011719,19,lag_09__T_place_LOWERMID,T_place_LOWERMID,False,-3.326345920562744,0.00021904030290897936,-0.0007286038180201113
120344,11.5,-0.005145072937011719,20,lag_14__T_place_LOWERMID,T_place_LOWERMID,False,6.652692794799805,0.00010809525701915845,0.0007191245375233885
124824,81.5,-0.005128026008605957,1,lag_07__T3__duck_amount,T3__duck_amount,False,2.3649792671203613,-0.0008297670283354819,-0.001962381818553488
124824,81.5,-0.005128026008605957,2,lag_12__T4__duck_amount,T4__duck_amount,False,3.6976382732391357,0.0004697070689871907,0.0017368068354980115
124824,81.5,-0.005128026008605957,3,lag_14__T3__duck_amount,T3__duck_amount,False,-3.122612237930298,0.0005507018067874014,-0.001719628201324666
124824,81.5,-0.005128026008605957,4,lag_10__T2__duck_amount,T2__duck_amount,False,3.8233180046081543,-0.0003491787938401103,-0.0013350215693162526
124824,81.5,-0.005128026008605957,5,lag_09__T2__duck_amount,T2__duck_amount,False,-3.8233180046081543,0.0002876898506656289,-0.0010999297857929302
124824,81.5,-0.005128026008605957,6,lag_10__T3__is_walking,T3__is_walking,False,2.3223767280578613,0.0004356538411229849,0.001011752342113037
124824,81.5,-0.005128026008605957,7,lag_11__T2__is_walking,T2__is_walking,False,-2.2968344688415527,0.0004402948834467679,-0.0010112844647551106
124824,81.5,-0.005128026008605957,8,lag_07__T4__duck_amount,T4__duck_amount,False,-2.9631760120391846,0.0003377425018697977,-0.001000790479786684
124824,81.5,-0.005128026008605957,9,lag_14__T2__is_walking,T2__is_walking,False,2.2968344688415527,0.0004084695829078555,0.0009381870174960949
124824,81.5,-0.005128026008605957,10,lag_01__T2__is_walking,T2__is_walking,False,2.2968344688415527,0.00039995761471800506,0.0009186364355599635
124824,81.5,-0.005128026008605957,11,lag_14__T3__is_walking,T3__is_walking,False,2.3223767280578613,-0.00037350942147895694,-0.0008674295881530847
124824,81.5,-0.005128026008605957,12,lag_03__T3__duck_amount,T3__duck_amount,False,-2.4053947925567627,0.0003396302054170519,-0.0008169447275051603
124824,81.5,-0.005128026008605957,13,lag_00__CT2__is_walking,CT2__is_walking,False,2.360051155090332,-0.00033712375443428755,-0.0007956293060610298
124824,81.5,-0.005128026008605957,14,lag_08__T1__is_walking,T1__is_walking,False,-2.281590461730957,-0.0003247926651965827,0.0007410438469526992
124824,81.5,-0.005128026008605957,15,lag_12__T3__is_walking,T3__is_walking,False,-2.3223767280578613,0.00029835361056029797,-0.0006928894818972742
124824,81.5,-0.005128026008605957,16,lag_07__T1__is_walking,T1__is_walking,False,2.281590461730957,0.00030015932861715555,0.00068484066117247
124824,81.5,-0.005128026008605957,17,lag_13__T2__is_walking,T2__is_walking,False,-2.2968344688415527,0.00027503244928084314,-0.0006317040095581566
124824,81.5,-0.005128026008605957,18,lag_09__T1__is_walking,T1__is_walking,False,2.281590461730957,-0.00027209060499444604,-0.0006207993290819336
124824,81.5,-0.005128026008605957,19,lag_06__CT1__duck_amount,CT1__duck_amount,False,3.8154516220092773,0.00016200199024751782,0.000618110756458623
124824,81.5,-0.005128026008605957,20,lag_12__T1__is_walking,T1__is_walking,False,-2.281590461730957,0.000268021656665951,-0.0006115156553863632
125464,91.5,0.00512009859085083,1,lag_12__CT2__is_walking,CT2__is_walking,False,-2.360051155090332,-0.0005939917173236609,0.0014018508385837958
125464,91.5,0.00512009859085083,2,lag_14__T4__is_walking,T4__is_walking,False,2.307980537414551,0.0005385952536016703,0.0012430673628565092
125464,91.5,0.00512009859085083,3,lag_07__CT_place_RUINS,CT_place_RUINS,False,3.493913412094116,0.0003142493078485131,0.0010979598714332128
125464,91.5,0.00512009859085083,4,lag_11__T2__is_walking,T2__is_walking,False,2.2968344688415527,0.0004402948834467679,0.0010112844647551106
125464,91.5,0.00512009859085083,5,lag_14__T_place_SECONDMID,T_place_SECONDMID,False,-3.2740612030029297,0.00027202742057852447,-0.0008906344238691077
125464,91.5,0.00512009859085083,6,lag_11__CT2__is_walking,CT2__is_walking,False,2.360051155090332,0.0003682550450321287,0.0008691007443959176
125464,91.5,0.00512009859085083,7,lag_15__T_walking_count,T_walking_count,False,-1.594179630279541,0.00041995709761977196,-0.0006694870506167572
125464,91.5,0.00512009859085083,8,lag_09__T1__is_walking,T1__is_walking,False,-2.281590461730957,-0.00027209060499444604,0.0006207993290819336
125464,91.5,0.00512009859085083,9,lag_05__CT2__is_walking,CT2__is_walking,False,-2.360051155090332,-0.0002599559666123241,0.0006135093792760393
125464,91.5,0.00512009859085083,10,lag_04__CT_B_site_active_smokes,CT_B_site_active_smokes,True,-1.6612231731414795,0.0003502868639770895,-0.0005819046556857985
125464,91.5,0.00512009859085083,11,lag_05__T2__is_walking,T2__is_walking,False,-2.2968344688415527,0.00020874658366665244,-0.0004794563486184844
125464,91.5,0.00512009859085083,12,lag_06__T1__is_walking,T1__is_walking,False,2.281590461730957,-0.0002062799467239529,-0.0004706463588917409
125464,91.5,0.00512009859085083,13,lag_13__CT2__is_walking,CT2__is_walking,False,2.360051155090332,0.00019857352890539914,0.0004686436862635507
125464,91.5,0.00512009859085083,14,lag_02__CT3__duck_amount,CT3__duck_amount,False,2.5158700942993164,0.00017465600103605539,0.00043941180979652217
125464,91.5,0.00512009859085083,15,lag_14__T_walking_count,T_walking_count,False,1.594179630279541,0.00027143245097249746,0.00043271208433720565
125464,91.5,0.00512009859085083,16,lag_02__CT3__is_walking,CT3__is_walking,False,-2.387126922607422,-0.00017016154015436769,0.000406197193694835
125464,91.5,0.00512009859085083,17,lag_14__CT5__duck_amount,CT5__duck_amount,False,3.7749595642089844,-9.984216012526304e-05,-0.0003769001172761466
125464,91.5,0.00512009859085083,18,lag_14__T_place_MIDDLE,T_place_MIDDLE,False,1.6254756450653076,-0.00021965258929412812,-0.000357039934273138
125464,91.5,0.00512009859085083,19,lag_11__CT_walking_count,CT_walking_count,False,0.8974475860595703,0.00039668884710408747,0.00035600744825031727
125464,91.5,0.00512009859085083,20,lag_00__T_unique_places,T_unique_places,False,-0.8783379793167114,-0.00040315845399163663,0.0003541093818234635
120888,20.0,0.005074501037597656,1,lag_10__T4__flash_duration,T4__flash_duration,True,-6.504885196685791,-0.0004943676758557558,0.0032158049763940655
120888,20.0,0.005074501037597656,2,lag_10__T_flashed_players,T_flashed_players,False,-1.9296237230300903,-0.0011602562153711915,0.002238857917973361
120888,20.0,0.005074501037597656,3,lag_14__T_place_BACKALLEY,T_place_BACKALLEY,False,3.025209665298462,0.0005261272890493274,0.0015916453600093028
120888,20.0,0.005074501037597656,4,lag_10__T_flash_duration_sum,T_flash_duration_sum,True,-2.6450178623199463,-0.0005733251455239952,0.0015164552508281498
120888,20.0,0.005074501037597656,5,lag_01__T_place_UPSTAIRS,T_place_UPSTAIRS,False,16.86671257019043,8.263877680292353e-05,0.0013938444954870316
120888,20.0,0.005074501037597656,6,lag_11__T_place_SECONDMID,T_place_SECONDMID,False,-3.2740612030029297,0.0003458225983195007,-0.0011322443522795433
120888,20.0,0.005074501037597656,7,lag_04__CT3__is_walking,CT3__is_walking,False,-2.387126922607422,0.0004291778604965657,-0.0010245020253784043
120888,20.0,0.005074501037597656,8,lag_15__CT2__is_walking,CT2__is_walking,False,-2.360051155090332,-0.00043083936907351017,0.0010168029506403276
120888,20.0,0.005074501037597656,9,lag_06__T_place_APARTMENTS,T_place_APARTMENTS,False,-2.288959264755249,0.0004327136557549238,-0.0009904639313263464
120888,20.0,0.005074501037597656,10,lag_14__T_place_SECONDMID,T_place_SECONDMID,False,-3.274061679840088,0.00027202742057852447,-0.0008906345535818899
120888,20.0,0.005074501037597656,11,lag_01__T_place_LOWERMID,T_place_LOWERMID,False,-3.3263463973999023,0.00023485113342758268,-0.0007811962216021234
120888,20.0,0.005074501037597656,12,lag_06__T_place_BACKALLEY,T_place_BACKALLEY,False,3.025209903717041,-0.0002554414386395365,-0.0007727639699920547
120888,20.0,0.005074501037597656,13,lag_08__T_active_infernos,T_active_infernos,True,2.082643747329712,0.00034827395575121045,0.0007253305763030432
120888,20.0,0.005074501037597656,14,lag_02__CT3__duck_amount,CT3__duck_amount,False,3.7208433151245117,0.00017465600103605539,0.0006498676139013865
120888,20.0,0.005074501037597656,15,lag_06__T4__duck_amount,T4__duck_amount,False,1.4995158910751343,0.0004179595853202045,0.0006267370400148201
120888,20.0,0.005074501037597656,16,lag_06__T_place_LOWERMID,T_place_LOWERMID,False,3.3263463973999023,-0.0001867877144832164,-0.0006213206411498085
120888,20.0,0.005074501037597656,17,lag_14__T5__is_walking,T5__is_walking,False,2.3193888664245605,0.00024052569642663002,0.0005578726223809394
120888,20.0,0.005074501037597656,18,lag_11__T_place_APARTMENTS,T_place_APARTMENTS,False,2.288959503173828,0.00023928766313474625,0.0005477197705245351
120888,20.0,0.005074501037597656,19,lag_06__T4__is_walking,T4__is_walking,False,-2.307980537414551,0.00021852977806702256,-0.0005043624746242092
120888,20.0,0.005074501037597656,20,lag_01__T_B_site_active_infernos,T_B_site_active_infernos,True,-2.8273046016693115,0.00017700808530207723,-0.000500455774107237
120664,16.5,-0.005039095878601074,1,lag_15__T4__flash_duration,T4__flash_duration,True,6.504885196685791,-0.000848471827339381,-0.005519211829464882
120664,16.5,-0.005039095878601074,2,lag_03__T4__flash_duration,T4__flash_duration,True,-6.504885196685791,-0.0004984004190191627,0.0032420375076997465
120664,16.5,-0.005039095878601074,3,lag_15__T_flashed_players,T_flashed_players,False,3.8592474460601807,-0.0005744826630689204,-0.0022170707502545822
120664,16.5,-0.005039095878601074,4,lag_12__T4__duck_amount,T4__duck_amount,False,3.6976382732391357,0.0004697070689871907,0.0017368068354980115
120664,16.5,-0.005039095878601074,5,lag_15__T_flash_duration_sum,T_flash_duration_sum,True,2.92400860786438,-0.00040812636143527925,-0.0011933649939331256
120664,16.5,-0.005039095878601074,6,lag_11__T4__duck_amount,T4__duck_amount,False,-3.6976382732391357,0.0003145233786199242,-0.0011629936826135154
120664,16.5,-0.005039095878601074,7,lag_11__T_place_SECONDMID,T_place_SECONDMID,False,-3.274061679840088,0.0003458225983195007,-0.0011322445171806084
120664,16.5,-0.005039095878601074,8,lag_09__CT5__is_scoped,CT5__is_scoped,False,3.5760385990142822,-0.0002986537292599678,-0.001067997263573206
120664,16.5,-0.005039095878601074,9,lag_14__T_place_SECONDMID,T_place_SECONDMID,False,3.274061679840088,0.00027202742057852447,0.0008906345535818899
120664,16.5,-0.005039095878601074,10,lag_04__T3__is_walking,T3__is_walking,False,2.3223767280578613,0.00036516980617307127,0.0008480618596457407
120664,16.5,-0.005039095878601074,11,lag_12__CT_place_BALCONY,CT_place_BALCONY,False,6.417822360992432,0.0001269819913432002,0.0008149478634857377
120664,16.5,-0.005039095878601074,12,lag_02__CT5__duck_amount,CT5__duck_amount,False,-1.6325141191482544,0.0004325854533817619,-0.0007062018603838753
120664,16.5,-0.005039095878601074,13,lag_13__CT5__duck_amount,CT5__duck_amount,False,-3.7749595642089844,0.00018637387256603688,-0.0007035538327618274
120664,16.5,-0.005039095878601074,14,lag_03__T_flash_duration_sum,T_flash_duration_sum,True,-2.6450178623199463,-0.0002626691712066531,0.0006947646497223736
120664,16.5,-0.005039095878601074,15,lag_02__T_place_APARTMENTS,T_place_APARTMENTS,False,-2.288959503173828,0.0002727363316807896,-0.0006242824182615125
120664,16.5,-0.005039095878601074,16,lag_12__CT_place_BANANA,CT_place_BANANA,False,2.9603395462036133,0.00019947750843130052,0.0005905211567873436
120664,16.5,-0.005039095878601074,17,lag_11__T_place_APARTMENTS,T_place_APARTMENTS,False,2.288959264755249,0.00023928766313474625,0.0005477197134739105
120664,16.5,-0.005039095878601074,18,lag_05__CT_active_infernos,CT_active_infernos,True,2.304276466369629,0.00021868279145564884,0.000503905609951269
120664,16.5,-0.005039095878601074,19,lag_01__T_B_site_active_infernos,T_B_site_active_infernos,True,2.8273046016693115,0.00017700808530207723,0.000500455774107237
120664,16.5,-0.005039095878601074,20,lag_02__T2__is_walking,T2__is_walking,False,2.2968344688415527,-0.00020839909848291427,-0.00047865823267106283
119768,2.5,-0.004932105541229248,1,lag_01__CT_place_LIBRARY,CT_place_LIBRARY,False,6.411735534667969,-0.00040003840695135295,-0.0025649404690819555
119768,2.5,-0.004932105541229248,2,lag_05__CT1__molly,CT1__molly,True,1.985326886177063,0.00043626566184684634,0.000866129947980375
119768,2.5,-0.004932105541229248,3,lag_04__CT_velocity_mean,CT_velocity_mean,False,2.835827350616455,-0.0002810515579767525,-0.0007970136950438411
119768,2.5,-0.004932105541229248,4,lag_05__T3__molly,T3__molly,True,1.5932272672653198,0.00039895635563880205,0.0006356281442525397
119768,2.5,-0.004932105541229248,5,lag_04__T_velocity_mean,T_velocity_mean,False,3.396030902862549,-0.00016968762793112546,-0.0005762644282875443
119768,2.5,-0.004932105541229248,6,lag_05__T_place_TSPAWN,T_place_TSPAWN,False,4.428390979766846,-0.00010258003021590412,-0.00045426448051232027
119768,2.5,-0.004932105541229248,7,lag_05__T3__utility_total,T3__utility_total,True,2.3872992992401123,0.00018546613864600658,0.00044276318282238103
119768,2.5,-0.004932105541229248,8,lag_05__CT_place_CTSPAWN,CT_place_CTSPAWN,False,4.78255033493042,-8.330518176080659e-05,-0.00039841122493158507
119768,2.5,-0.004932105541229248,9,lag_05__CT1__utility_total,CT1__utility_total,True,1.9631518125534058,0.00018748562433756888,0.00036806274324600527
119768,2.5,-0.004932105541229248,10,lag_05__CT_velocity_mean,CT_velocity_mean,False,-1.694637656211853,-0.0001915247703436762,0.00032456508792172087
119768,2.5,-0.004932105541229248,11,lag_05__CT_closest_enemy_dist,CT_closest_enemy_dist,False,4.124736785888672,-7.33525594114326e-05,-0.0003025600001434203
119768,2.5,-0.004932105541229248,12,lag_05__CT_mean_X,CT_mean_X,False,2.121032476425171,-0.0001355232234345749,-0.00028744915821455816
119768,2.5,-0.004932105541229248,13,lag_05__CT_unique_places,CT_unique_places,False,-1.6410033702850342,0.0001715784310363233,-0.00028156078359882486
119768,2.5,-0.004932105541229248,14,lag_05__T_flash_duration_sum,T_flash_duration_sum,True,-0.25769710540771484,-0.0009710621670819819,0.0002502399096279695
119768,2.5,-0.004932105541229248,15,lag_05__CT3__X,CT3__X,False,1.7566787004470825,-0.00012726816930808127,-0.00022356928226839948
119768,2.5,-0.004932105541229248,16,lag_05__CT2__X,CT2__X,False,1.8969999551773071,-0.00011649860971374437,-0.00022099785740519167
119768,2.5,-0.004932105541229248,17,lag_05__T3__flash_duration,T3__flash_duration,True,-0.19035562872886658,-0.0011575182434171438,0.00022034011299080364
119768,2.5,-0.004932105541229248,18,lag_05__T3__flash,T3__flash,True,2.2380197048187256,9.557948942529038e-05,0.00021390878071031287
119768,2.5,-0.004932105541229248,19,lag_05__CT5__X,CT5__X,False,1.8779115676879883,-0.00011107850150438026,-0.0002085956028965233
119768,2.5,-0.004932105541229248,20,lag_05__T5__flash_duration,T5__flash_duration,True,-0.1838056445121765,-0.0010932679288089275,0.00020094881627921723
125208,87.5,-0.004892587661743164,1,lag_12__CT2__is_walking,CT2__is_walking,False,2.360051155090332,-0.0005939917173236609,-0.0014018508385837958
125208,87.5,-0.004892587661743164,2,lag_08__T4__is_walking,T4__is_walking,False,2.307980537414551,0.0005761355278082192,0.0013297095850944296
125208,87.5,-0.004892587661743164,3,lag_06__T_place_SECONDMID,T_place_SECONDMID,False,-3.2740612030029297,0.0003358133544679731,-0.0010994734753138613
125208,87.5,-0.004892587661743164,4,lag_15__CT2__is_walking,CT2__is_walking,False,-2.360051155090332,-0.00043083936907351017,0.0010168029506403276
125208,87.5,-0.004892587661743164,5,lag_14__T_place_SECONDMID,T_place_SECONDMID,False,3.2740612030029297,0.00027202742057852447,0.0008906344238691077
125208,87.5,-0.004892587661743164,6,lag_14__T3__is_walking,T3__is_walking,False,2.3223767280578613,-0.00037350942147895694,-0.0008674295881530847
125208,87.5,-0.004892587661743164,7,lag_15__T3__duck_amount,T3__duck_amount,False,-2.4053947925567627,-0.00035632168874144554,0.0008570943345737048
125208,87.5,-0.004892587661743164,8,lag_00__CT2__is_walking,CT2__is_walking,False,2.360051155090332,-0.00033712375443428755,-0.0007956293060610298
125208,87.5,-0.004892587661743164,9,lag_14__T3__duck_amount,T3__duck_amount,False,-1.3650550842285156,0.0005507018067874014,-0.000751738301248972
125208,87.5,-0.004892587661743164,10,lag_07__T1__is_walking,T1__is_walking,False,-2.281590461730957,0.00030015932861715555,-0.00068484066117247
125208,87.5,-0.004892587661743164,11,lag_13__T2__is_walking,T2__is_walking,False,2.2968344688415527,0.00027503244928084314,0.0006317040095581566
125208,87.5,-0.004892587661743164,12,lag_05__CT2__is_walking,CT2__is_walking,False,2.360051155090332,-0.0002599559666123241,-0.0006135093792760393
125208,87.5,-0.004892587661743164,13,lag_12__T1__is_walking,T1__is_walking,False,-2.281590461730957,0.000268021656665951,-0.0006115156553863632
125208,87.5,-0.004892587661743164,14,lag_06__CT2__is_walking,CT2__is_walking,False,-2.360051155090332,0.00024117632710840553,-0.0005691884693726362
125208,87.5,-0.004892587661743164,15,lag_02__CT2__is_walking,CT2__is_walking,False,-2.360051155090332,0.00024049539933912456,-0.0005675814450042116
125208,87.5,-0.004892587661743164,16,lag_03__T2__is_walking,T2__is_walking,False,2.2968344688415527,0.0002332256262889132,0.0005356806574775344
125208,87.5,-0.004892587661743164,17,lag_12__T_walking_count,T_walking_count,False,-1.594179630279541,0.00032866629771888256,-0.0005239531169828338
125208,87.5,-0.004892587661743164,18,lag_06__T4__is_walking,T4__is_walking,False,2.307980537414551,0.00021852977806702256,0.0005043624746242092
125208,87.5,-0.004892587661743164,19,lag_06__T1__is_walking,T1__is_walking,False,2.281590461730957,-0.0002062799467239529,-0.0004706463588917409
125208,87.5,-0.004892587661743164,20,lag_13__CT2__is_walking,CT2__is_walking,False,-2.360051155090332,0.00019857352890539914,-0.0004686436862635507
126584,109.0,-0.004873317666351795,1,lag_04__T_place_GRAVEYARD,T_place_GRAVEYARD,False,19.65784454345703,-0.0005712425918318331,-0.011229398066831653
126584,109.0,-0.004873317666351795,2,lag_11__T_place_ARCH,T_place_ARCH,False,-9.303513526916504,-0.000999709009192884,0.009300806290006292
126584,109.0,-0.004873317666351795,3,lag_03__T_place_PIT,T_place_PIT,False,6.3102264404296875,-0.0005178432911634445,-0.0032677084278986968
126584,109.0,-0.004873317666351795,4,lag_03__T4__flash_duration,T4__flash_duration,True,-6.295469284057617,-0.0004984004190191627,0.0031376645290965843
126584,109.0,-0.004873317666351795,5,lag_00__CT_place_LIBRARY,CT_place_LIBRARY,False,-6.411735534667969,-0.00038585709990002215,0.0024740136787329003
126584,109.0,-0.004873317666351795,6,lag_07__CT3__duck_amount,CT3__duck_amount,False,3.7208433151245117,-0.0005844108527526259,-0.0021745012147508236
126584,109.0,-0.004873317666351795,7,lag_14__CT_place_RUINS,CT_place_RUINS,False,3.493913412094116,-0.0004953124444000423,-0.001730578792666429
126584,109.0,-0.004873317666351795,8,lag_12__CT5__is_scoped,CT5__is_scoped,False,-3.5760385990142822,0.0003804228617809713,-0.0013604068376762285
126584,109.0,-0.004873317666351795,9,lag_15__T3__duck_amount,T3__duck_amount,False,-3.7704498767852783,-0.00035632168874144554,0.0013434930674111056
126584,109.0,-0.004873317666351795,10,lag_04__T2__duck_amount,T2__duck_amount,False,3.8233180046081543,-0.00030877365497872233,-0.0011805398744288154
126584,109.0,-0.004873317666351795,11,lag_10__T2__shots_fired,T2__shots_fired,False,2.353466033935547,-0.0004990908782929182,-0.001174593429909443
126584,109.0,-0.004873317666351795,12,lag_03__T3__duck_amount,T3__duck_amount,False,2.9432532787323,0.0003396302054170519,0.0009996177156502625
126584,109.0,-0.004873317666351795,13,lag_09__CT2__duck_amount,CT2__duck_amount,False,-3.8097944259643555,-0.00025416503194719553,0.0009683165219874779
126584,109.0,-0.004873317666351795,14,lag_14__T_flashed_players,T_flashed_players,False,3.8592474460601807,-0.00024332919565495104,-0.0009390675768832478
126584,109.0,-0.004873317666351795,15,lag_05__CT2__duck_amount,CT2__duck_amount,False,3.8097944259643555,0.0002463442797306925,0.0009385210637861963
126584,109.0,-0.004873317666351795,16,lag_06__T_kills_last_3s,T_kills_last_3s,False,-3.1681017875671387,0.0002791396400425583,-0.0008843427925996766
126584,109.0,-0.004873317666351795,17,lag_08__CT_place_RUINS,CT_place_RUINS,False,-3.493913412094116,0.00023426191182807088,-0.0008184908356789061
126584,109.0,-0.004873317666351795,18,lag_06__kill_diff_last_3s,kill_diff_last_3s,False,2.4069459438323975,-0.0003384974552318454,-0.0008147450768678788
126584,109.0,-0.004873317666351795,19,lag_04__T_duck_amount_mean,T_duck_amount_mean,False,1.4539684057235718,-0.0005479127285070717,-0.0007966477963430793
126584,109.0,-0.004873317666351795,20,lag_07__CT_place_LIBRARY,CT_place_LIBRARY,False,6.411735534667969,0.00012422824511304498,0.0007965186536007529
120952,21.0,0.004794180393218994,1,lag_03__T_place_UPSTAIRS,T_place_UPSTAIRS,False,16.86671257019043,0.00025110875139944255,0.004235379133713801
120952,21.0,0.004794180393218994,2,lag_13__T_place_SECONDMID,T_place_SECONDMID,False,-3.2740612030029297,-0.0007598143420182168,0.0024876786586870425
120952,21.0,0.004794180393218994,3,lag_11__T_place_BACKALLEY,T_place_BACKALLEY,False,3.025209903717041,-0.0006680043879896402,-0.0020208534902727004
120952,21.0,0.004794180393218994,4,lag_05__T_place_BACKALLEY,T_place_BACKALLEY,False,-3.025209903717041,0.0005273811984807253,-0.0015954388246780526
120952,21.0,0.004794180393218994,5,lag_03__T_place_LOWERMID,T_place_LOWERMID,False,-3.3263463973999023,-0.00043349445331841707,0.0014419527130885568
120952,21.0,0.004794180393218994,6,lag_08__T_A_site_active_infernos,T_A_site_active_infernos,True,-2.9764554500579834,0.0004672471550293267,-0.0013907403411111269
120952,21.0,0.004794180393218994,7,lag_08__T4__is_walking,T4__is_walking,False,-2.307980537414551,0.0005761355278082192,-0.0013297095850944296
120952,21.0,0.004794180393218994,8,lag_12__T4__flash_duration,T4__flash_duration,True,-6.504885196685791,-0.00017882423708215356,0.001163231132604331
120952,21.0,0.004794180393218994,9,lag_08__T_place_BACKALLEY,T_place_BACKALLEY,False,3.025209903717041,-0.00034508525277487934,-0.0010439553243212635
120952,21.0,0.004794180393218994,10,lag_11__T2__is_walking,T2__is_walking,False,2.2968344688415527,0.0004402948834467679,0.0010112844647551106
120952,21.0,0.004794180393218994,11,lag_13__T_place_UNDERPASS,T_place_UNDERPASS,False,-3.9171202182769775,-0.00024025161110330373,0.0009410944433263686
120952,21.0,0.004794180393218994,12,lag_04__CT3__duck_amount,CT3__duck_amount,False,3.7208433151245117,0.0002510395715944469,0.000934078911798919
120952,21.0,0.004794180393218994,13,lag_08__T4__duck_amount,T4__duck_amount,False,1.4995158910751343,-0.0005750535638071597,-0.0008623019571482246
120952,21.0,0.004794180393218994,14,lag_07__T4__duck_amount,T4__duck_amount,False,2.198122501373291,0.0003377425018697977,0.0007423993930301132
120952,21.0,0.004794180393218994,15,lag_15__CT1__is_walking,CT1__is_walking,False,-2.3343825340270996,-0.00031160173239186406,0.0007273976416681538
120952,21.0,0.004794180393218994,16,lag_08__T_active_infernos,T_active_infernos,True,-2.082643747329712,0.00034827395575121045,-0.0007253305763030432
120952,21.0,0.004794180393218994,17,lag_12__T_flash_duration_sum,T_flash_duration_sum,True,-2.6450178623199463,0.0002320565836271271,-0.0006137938087626936
120952,21.0,0.004794180393218994,18,lag_14__CT1__is_walking,CT1__is_walking,False,2.3343825340270996,0.0002578163694124669,0.0006018420297427413
120952,21.0,0.004794180393218994,19,lag_11__T_place_APARTMENTS,T_place_APARTMENTS,False,-2.288959503173828,0.00023928766313474625,-0.0005477197705245351
120952,21.0,0.004794180393218994,20,lag_04__CT1__is_walking,CT1__is_walking,False,-2.3343825340270996,-0.0002052854688372463,0.0004792148129432322
121176,24.5,0.004605650901794434,1,lag_04__T_place_KITCHEN,T_place_KITCHEN,False,31.938587188720703,0.0002839936933014542,0.009070357334555301
121176,24.5,0.004605650901794434,2,lag_02__T_place_KITCHEN,T_place_KITCHEN,False,-31.938587188720703,-0.0001803362392820418,0.005759684701595491
121176,24.5,0.004605650901794434,3,lag_02__T_place_DECK,T_place_DECK,False,24.256479263305664,-0.00012829889601562172,-0.003112079510707938
121176,24.5,0.004605650901794434,4,lag_04__T_place_UPSTAIRS,T_place_UPSTAIRS,False,-16.86671257019043,0.00015773186169099063,-0.00266041797430297
121176,24.5,0.004605650901794434,5,lag_03__CT_place_BALCONY,CT_place_BALCONY,False,6.417822360992432,0.00027479376876726747,0.0017635775938559528
121176,24.5,0.004605650901794434,6,lag_11__CT3__duck_amount,CT3__duck_amount,False,3.7208433151245117,-0.00042933892109431326,-0.0015975028544765457
121176,24.5,0.004605650901794434,7,lag_05__T_place_BACKALLEY,T_place_BACKALLEY,False,-3.025209665298462,0.0005273811984807253,-0.0015954386989405767
121176,24.5,0.004605650901794434,8,lag_10__T_place_LOWERMID,T_place_LOWERMID,False,-3.3263463973999023,0.00047533458564430475,-0.0015811274865175085
121176,24.5,0.004605650901794434,9,lag_05__CT3__duck_amount,CT3__duck_amount,False,3.7208433151245117,-0.0004106589185539633,-0.0015279974918977757
121176,24.5,0.004605650901794434,10,lag_10__T_place_UPSTAIRS,T_place_UPSTAIRS,False,16.86671257019043,8.001067908480763e-05,0.0013495171266691974
121176,24.5,0.004605650901794434,11,lag_15__T_place_BACKALLEY,T_place_BACKALLEY,False,3.025209903717041,0.000332457508193329,0.0010057537463515481
121176,24.5,0.004605650901794434,12,lag_11__CT1__is_walking,CT1__is_walking,False,-2.3343825340270996,0.0004205553268548101,-0.0009817370096019268
121176,24.5,0.004605650901794434,13,lag_03__T3__is_walking,T3__is_walking,False,2.3223767280578613,-0.0004129338776692748,-0.0009589880277258156
121176,24.5,0.004605650901794434,14,lag_05__CT_A_site_active_infernos,CT_A_site_active_infernos,True,3.5290780067443848,0.00023374264128506184,0.0008248960145974538
121176,24.5,0.004605650901794434,15,lag_05__T3__is_walking,T3__is_walking,False,-2.3223767280578613,0.0003475644043646753,-0.000807175484197814
121176,24.5,0.004605650901794434,16,lag_13__T5__is_walking,T5__is_walking,False,2.3193888664245605,-0.000305213121464476,-0.0007079079158113927
121176,24.5,0.004605650901794434,17,lag_07__T_place_APARTMENTS,T_place_APARTMENTS,False,2.288959503173828,0.0002947725879494101,0.0006747225164619453
121176,24.5,0.004605650901794434,18,lag_15__T_walking_count,T_walking_count,False,-1.5941797494888306,0.00041995709761977196,-0.0006694871006795444
121176,24.5,0.004605650901794434,19,lag_12__T_place_BACKALLEY,T_place_BACKALLEY,False,-3.025209903717041,-0.00019349594367668033,0.0005853658451397681
121176,24.5,0.004605650901794434,20,lag_10__CT1__is_walking,CT1__is_walking,False,2.3343825340270996,0.00024633793509565294,0.0005750469731555935
125304,89.0,-0.004551053047180176,1,lag_12__CT2__is_walking,CT2__is_walking,False,2.360051155090332,-0.0005939917173236609,-0.0014018508385837958
125304,89.0,-0.004551053047180176,2,lag_09__T_place_SECONDMID,T_place_SECONDMID,False,-3.2740612030029297,0.000413242174545303,-0.0013529801711233413
125304,89.0,-0.004551053047180176,3,lag_15__CT2__is_walking,CT2__is_walking,False,2.360051155090332,-0.00043083936907351017,-0.0010168029506403276
125304,89.0,-0.004551053047180176,4,lag_07__CT2__is_walking,CT2__is_walking,False,-2.360051155090332,0.00038290611701086164,-0.0009036780237426378
125304,89.0,-0.004551053047180176,5,lag_00__CT2__is_walking,CT2__is_walking,False,-2.360051155090332,-0.00033712375443428755,0.0007956293060610298
125304,89.0,-0.004551053047180176,6,lag_15__T_walking_count,T_walking_count,False,-1.594179630279541,0.00041995709761977196,-0.0006694870506167572
125304,89.0,-0.004551053047180176,7,lag_09__T1__is_walking,T1__is_walking,False,2.281590461730957,-0.00027209060499444604,-0.0006207993290819336
125304,89.0,-0.004551053047180176,8,lag_05__CT2__is_walking,CT2__is_walking,False,-2.360051155090332,-0.0002599559666123241,0.0006135093792760393
125304,89.0,-0.004551053047180176,9,lag_09__T4__is_walking,T4__is_walking,False,2.307980537414551,0.0002548225165810436,0.0005881254087640453
125304,89.0,-0.004551053047180176,10,lag_06__CT2__is_walking,CT2__is_walking,False,2.360051155090332,0.00024117632710840553,0.0005691884693726362
125304,89.0,-0.004551053047180176,11,lag_03__T2__is_walking,T2__is_walking,False,-2.2968344688415527,0.0002332256262889132,-0.0005356806574775344
125304,89.0,-0.004551053047180176,12,lag_02__T2__is_walking,T2__is_walking,False,2.2968344688415527,-0.00020839909848291427,-0.00047865823267106283
125304,89.0,-0.004551053047180176,13,lag_13__CT2__is_walking,CT2__is_walking,False,-2.360051155090332,0.00019857352890539914,-0.0004686436862635507
125304,89.0,-0.004551053047180176,14,lag_15__T2__is_walking,T2__is_walking,False,-2.2968344688415527,0.00019982857338618487,-0.00045897315521282317
125304,89.0,-0.004551053047180176,15,lag_06__T2__is_walking,T2__is_walking,False,2.2968344688415527,0.00019905308727174997,0.0004571919919750811
125304,89.0,-0.004551053047180176,16,lag_09__CT5__duck_amount,CT5__duck_amount,False,3.7749595642089844,0.00011052007903344929,0.00041720882938445225
125304,89.0,-0.004551053047180176,17,lag_03__CT2__is_walking,CT2__is_walking,False,2.360051155090332,0.00015276187332347035,0.0003605258355908192
125304,89.0,-0.004551053047180176,18,lag_02__CT_place_RUINS,CT_place_RUINS,False,3.493913412094116,-0.00010242218559142202,-0.00035785424793386214
125304,89.0,-0.004551053047180176,19,lag_04__T1__is_walking,T1__is_walking,False,-2.281590461730957,-0.00012755654461216182,0.0002910317955184677
125304,89.0,-0.004551053047180176,20,lag_13__CT_walking_count,CT_walking_count,False,-0.8974475860595703,0.00032104263664223254,-0.00028811893927677135
122104,39.0,-0.004407644271850586,1,lag_01__T_place_BALCONY,T_place_BALCONY,False,13.751577377319336,-0.0011894683120772243,-0.016357065531399373
122104,39.0,-0.004407644271850586,2,lag_04__T_place_DECK,T_place_DECK,False,-24.256479263305664,-0.00016124176909215748,0.003911157628362638
122104,39.0,-0.004407644271850586,3,lag_07__T3__duck_amount,T3__duck_amount,False,-3.7704498767852783,-0.0008297670283354819,0.003128594989748004
122104,39.0,-0.004407644271850586,4,lag_06__T3__duck_amount,T3__duck_amount,False,3.7704498767852783,-0.0007399225141853094,-0.002789840752440653
122104,39.0,-0.004407644271850586,5,lag_07__CT3__duck_amount,CT3__duck_amount,False,-3.7208433151245117,-0.0005844108527526259,0.0021745012147508236
122104,39.0,-0.004407644271850586,6,lag_03__utility_damage_diff_last_5s,utility_damage_diff_last_5s,True,2.618265390396118,0.0008228779770433903,0.00215451292781188
122104,39.0,-0.004407644271850586,7,lag_00__T4__flash_duration,T4__flash_duration,True,-7.262770175933838,0.0002691930567380041,-0.0019550873040452416
122104,39.0,-0.004407644271850586,8,lag_09__T3__duck_amount,T3__duck_amount,False,3.7704498767852783,-0.0004805804055649787,-0.001812004330947893
122104,39.0,-0.004407644271850586,9,lag_15__T3__is_walking,T3__is_walking,False,2.3223767280578613,0.0007450400153174996,0.0017302635930452337
122104,39.0,-0.004407644271850586,10,lag_01__CT_shots_fired_sum,CT_shots_fired_sum,False,3.473705291748047,0.0004898659535683692,0.001701649955157647
122104,39.0,-0.004407644271850586,11,lag_00__CT_flashed_players,CT_flashed_players,False,-2.1899399757385254,0.0007712539518252015,-0.0016889998605483236
122104,39.0,-0.004407644271850586,12,lag_15__T3__duck_amount,T3__duck_amount,False,-3.7704498767852783,-0.00035632168874144554,0.0013434930674111056
122104,39.0,-0.004407644271850586,13,lag_00__T_flash_duration_sum,T_flash_duration_sum,True,-3.156754732131958,-0.00037209742004051805,0.0011746202915269982
122104,39.0,-0.004407644271850586,14,lag_02__CT_flashed_players,CT_flashed_players,False,2.1899399757385254,0.0005107324104756117,0.0011184733226058396
122104,39.0,-0.004407644271850586,15,lag_11__T2__is_walking,T2__is_walking,False,2.2968344688415527,0.0004402948834467679,0.0010112844647551106
122104,39.0,-0.004407644271850586,16,lag_00__CT_shots_fired_sum,CT_shots_fired_sum,False,-4.863187313079834,-0.00020772649440914392,0.0010102128522010978
122104,39.0,-0.004407644271850586,17,lag_01__CT_flashed_players,CT_flashed_players,False,2.1899399757385254,0.0004563998954836279,0.0009994883760424816
122104,39.0,-0.004407644271850586,18,lag_11__CT1__is_walking,CT1__is_walking,False,-2.3343825340270996,0.0004205553268548101,-0.0009817370096019268
122104,39.0,-0.004407644271850586,19,lag_03__T3__is_walking,T3__is_walking,False,-2.3223767280578613,-0.0004129338776692748,0.0009589880277258156
122104,39.0,-0.004407644271850586,20,lag_15__CT4__is_walking,CT4__is_walking,False,-2.384641170501709,0.0003982839407399297,-0.0009497642826380992
125912,98.5,-0.00440669059753418,1,lag_01__T_place_QUAD,T_place_QUAD,False,24.086301803588867,0.00015035994874779135,0.0036216151047114564
125912,98.5,-0.00440669059753418,2,lag_00__CT_place_RUINS,CT_place_RUINS,False,-3.493913412094116,0.000645243504550308,-0.002254424934614932
125912,98.5,-0.00440669059753418,3,lag_00__CT5__is_scoped,CT5__is_scoped,False,3.5760385990142822,0.0005902426782995462,0.002110730600384747
125912,98.5,-0.00440669059753418,4,lag_13__CT3__duck_amount,CT3__duck_amount,False,-3.7208433151245117,0.0004851756093557924,-0.0018052624227329617
125912,98.5,-0.00440669059753418,5,lag_06__T1__duck_amount,T1__duck_amount,False,3.915480136871338,0.00041631876956671476,0.0016300878728451873
125912,98.5,-0.00440669059753418,6,lag_12__CT2__is_walking,CT2__is_walking,False,2.360051155090332,-0.0005939917173236609,-0.0014018508385837958
125912,98.5,-0.00440669059753418,7,lag_03__T3__duck_amount,T3__duck_amount,False,-3.7704498767852783,0.0003396302054170519,-0.0012805586661672821
125912,98.5,-0.00440669059753418,8,lag_07__T4__duck_amount,T4__duck_amount,False,-3.6976382732391357,0.0003377425018697977,-0.0012488496014133044
125912,98.5,-0.00440669059753418,9,lag_15__CT2__is_walking,CT2__is_walking,False,-2.360051155090332,-0.00043083936907351017,0.0010168029506403276
125912,98.5,-0.00440669059753418,10,lag_14__T2__is_walking,T2__is_walking,False,2.2968344688415527,0.0004084695829078555,0.0009381870174960949
125912,98.5,-0.00440669059753418,11,lag_09__T4__duck_amount,T4__duck_amount,False,2.106947183609009,0.00043730647303164005,0.000921381641728003
125912,98.5,-0.00440669059753418,12,lag_08__T4__duck_amount,T4__duck_amount,False,1.590691089630127,-0.0005750535638071597,-0.0009147325800080985
125912,98.5,-0.00440669059753418,13,lag_07__CT2__is_walking,CT2__is_walking,False,-2.360051155090332,0.00038290611701086164,-0.0009036780237426378
125912,98.5,-0.00440669059753418,14,lag_11__CT2__is_walking,CT2__is_walking,False,-2.360051155090332,0.0003682550450321287,-0.0008691007443959176
125912,98.5,-0.00440669059753418,15,lag_08__CT_place_RUINS,CT_place_RUINS,False,-3.493913412094116,0.00023426191182807088,-0.0008184908356789061
125912,98.5,-0.00440669059753418,16,lag_04__T_duck_amount_mean,T_duck_amount_mean,False,1.4539684057235718,-0.0005479127285070717,-0.0007966477963430793
125912,98.5,-0.00440669059753418,17,lag_03__T1__is_walking,T1__is_walking,False,2.281590461730957,0.00033243795041926205,0.0007584872567939771
125912,98.5,-0.00440669059753418,18,lag_00__CT_scoped_count,CT_scoped_count,False,2.141930103302002,0.00035353712155483663,0.0007572518032930436
125912,98.5,-0.00440669059753418,19,lag_11__CT_walking_count,CT_walking_count,False,-1.7948951721191406,0.00039668884710408747,-0.0007120148965006345
125912,98.5,-0.00440669059753418,20,lag_04__T3__duck_amount,T3__duck_amount,False,3.7704498767852783,-0.00018243497470393777,-0.0006878619278937875
125240,88.0,0.004374980926513672,1,lag_00__CT_place_RUINS,CT_place_RUINS,False,3.493913412094116,0.000645243504550308,0.002254424934614932
125240,88.0,0.004374980926513672,2,lag_15__T3__is_walking,T3__is_walking,False,2.3223767280578613,0.0007450400153174996,0.0017302635930452337
125240,88.0,0.004374980926513672,3,lag_08__T4__is_walking,T4__is_walking,False,-2.307980537414551,0.0005761355278082192,-0.0013297095850944296
125240,88.0,0.004374980926513672,4,lag_15__CT2__is_walking,CT2__is_walking,False,2.360051155090332,-0.00043083936907351017,-0.0010168029506403276
125240,88.0,0.004374980926513672,5,lag_14__T2__is_walking,T2__is_walking,False,2.2968344688415527,0.0004084695829078555,0.0009381870174960949
125240,88.0,0.004374980926513672,6,lag_01__T2__is_walking,T2__is_walking,False,-2.2968344688415527,0.00039995761471800506,-0.0009186364355599635
125240,88.0,0.004374980926513672,7,lag_07__CT2__is_walking,CT2__is_walking,False,-2.360051155090332,0.00038290611701086164,-0.0009036780237426378
125240,88.0,0.004374980926513672,8,lag_11__CT2__is_walking,CT2__is_walking,False,-2.360051155090332,0.0003682550450321287,-0.0008691007443959176
125240,88.0,0.004374980926513672,9,lag_07__CT5__duck_amount,CT5__duck_amount,False,3.7749595642089844,-0.00020857041818089783,-0.0007873448949230477
125240,88.0,0.004374980926513672,10,lag_08__T1__is_walking,T1__is_walking,False,-2.281590461730957,-0.0003247926651965827,0.0007410438469526992
125240,88.0,0.004374980926513672,11,lag_07__T1__is_walking,T1__is_walking,False,2.281590461730957,0.00030015932861715555,0.00068484066117247
125240,88.0,0.004374980926513672,12,lag_13__T2__is_walking,T2__is_walking,False,-2.2968344688415527,0.00027503244928084314,-0.0006317040095581566
125240,88.0,0.004374980926513672,13,lag_05__CT2__is_walking,CT2__is_walking,False,-2.360051155090332,-0.0002599559666123241,0.0006135093792760393
125240,88.0,0.004374980926513672,14,lag_12__T1__is_walking,T1__is_walking,False,2.281590461730957,0.000268021656665951,0.0006115156553863632
125240,88.0,0.004374980926513672,15,lag_09__T4__is_walking,T4__is_walking,False,2.307980537414551,0.0002548225165810436,0.0005881254087640453
125240,88.0,0.004374980926513672,16,lag_06__CT2__is_walking,CT2__is_walking,False,2.360051155090332,0.00024117632710840553,0.0005691884693726362
125240,88.0,0.004374980926513672,17,lag_02__T1__is_walking,T1__is_walking,False,-2.281590461730957,0.00023264085757546127,-0.0005307911616530825
125240,88.0,0.004374980926513672,18,lag_05__T4__is_walking,T4__is_walking,False,-2.307980537414551,-0.00022469049145001918,0.0005185812812087548
125240,88.0,0.004374980926513672,19,lag_15__T_place_SECONDMID,T_place_SECONDMID,False,3.2740612030029297,0.0001526399137219414,0.0004997524195467229
125240,88.0,0.004374980926513672,20,lag_15__T3__duck_amount,T3__duck_amount,False,-1.3650550842285156,-0.00035632168874144554,0.00048639873283740087
121304,26.5,-0.004347562789916992,1,lag_08__T_place_KITCHEN,T_place_KITCHEN,False,31.938587188720703,-0.00015146513760555536,-0.004837582503466609
121304,26.5,-0.004347562789916992,2,lag_02__T4__duck_amount,T4__duck_amount,False,-3.0681588649749756,0.0007360627641901374,-0.002258357495127955
121304,26.5,-0.004347562789916992,3,lag_07__CT3__duck_amount,CT3__duck_amount,False,-3.7208433151245117,-0.0005844108527526259,0.0021745012147508236
121304,26.5,-0.004347562789916992,4,lag_02__CT2__duck_amount,CT2__duck_amount,False,3.8097944259643555,-0.0005480936379171908,-0.002088124086643439
121304,26.5,-0.004347562789916992,5,lag_11__T_place_BACKALLEY,T_place_BACKALLEY,False,-3.025209903717041,-0.0006680043879896402,0.0020208534902727004
121304,26.5,-0.004347562789916992,6,lag_07__CT_place_BALCONY,CT_place_BALCONY,False,6.417822360992432,0.0002719649055507034,0.001745422452248499
121304,26.5,-0.004347562789916992,7,lag_06__T_place_DECK,T_place_DECK,False,24.256479263305664,-5.833483373862691e-05,-0.0014149976849093873
121304,26.5,-0.004347562789916992,8,lag_08__T_place_UPSTAIRS,T_place_UPSTAIRS,False,-16.86671257019043,6.607223622268066e-05,-0.0011144214172376793
121304,26.5,-0.004347562789916992,9,lag_02__T4__is_walking,T4__is_walking,False,2.307980537414551,-0.000464164768345654,-0.001071283251495303
121304,26.5,-0.004347562789916992,10,lag_01__T2__is_walking,T2__is_walking,False,2.2968344688415527,0.00039995761471800506,0.0009186364355599635
121304,26.5,-0.004347562789916992,11,lag_04__T3__is_walking,T3__is_walking,False,-2.3223767280578613,0.00036516980617307127,-0.0008480618596457407
121304,26.5,-0.004347562789916992,12,lag_09__T3__is_walking,T3__is_walking,False,-2.3223767280578613,0.00036043141153641045,-0.0008370575222132054
121304,26.5,-0.004347562789916992,13,lag_05__T3__is_walking,T3__is_walking,False,2.3223767280578613,0.0003475644043646753,0.000807175484197814
121304,26.5,-0.004347562789916992,14,lag_15__CT1__is_walking,CT1__is_walking,False,-2.3343825340270996,-0.00031160173239186406,0.0007273976416681538
121304,26.5,-0.004347562789916992,15,lag_06__T_place_KITCHEN,T_place_KITCHEN,False,-31.938587188720703,2.1656343960785307e-05,-0.0006916730297804666
121304,26.5,-0.004347562789916992,16,lag_14__CT1__is_walking,CT1__is_walking,False,2.3343825340270996,0.0002578163694124669,0.0006018420297427413
121304,26.5,-0.004347562789916992,17,lag_10__CT1__is_walking,CT1__is_walking,False,-2.3343825340270996,0.00024633793509565294,-0.0005750469731555935
121304,26.5,-0.004347562789916992,18,lag_11__T_place_APARTMENTS,T_place_APARTMENTS,False,2.288959503173828,0.00023928766313474625,0.0005477197705245351
121304,26.5,-0.004347562789916992,19,lag_03__T2__is_walking,T2__is_walking,False,2.2968344688415527,0.0002332256262889132,0.0005356806574775344
121304,26.5,-0.004347562789916992,20,lag_06__T3__is_walking,T3__is_walking,False,-2.3223767280578613,0.00022186199203133583,-0.000515247127134133
121400,28.0,-0.0043419599533081055,1,lag_11__T_place_KITCHEN,T_place_KITCHEN,False,31.938587188720703,0.000539042113814503,0.01721624355045681
121400,28.0,-0.0043419599533081055,2,lag_09__T_place_DECK,T_place_DECK,False,24.256479263305664,-0.0006251743761822581,-0.015164529291814999
121400,28.0,-0.0043419599533081055,3,lag_11__T_place_UPSTAIRS,T_place_UPSTAIRS,False,-16.86671257019043,0.0003929167869500816,-0.006627214509489776
121400,28.0,-0.0043419599533081055,4,lag_09__T_place_KITCHEN,T_place_KITCHEN,False,-31.938587188720703,6.064413901185617e-05,-0.0019368881213150668
121400,28.0,-0.0043419599533081055,5,lag_14__T_place_BACKALLEY,T_place_BACKALLEY,False,-3.025209903717041,0.0005261272890493274,-0.0015916454854478235
121400,28.0,-0.0043419599533081055,6,lag_12__CT3__duck_amount,CT3__duck_amount,False,3.7208433151245117,0.0003121037152595818,0.001161289022549139
121400,28.0,-0.0043419599533081055,7,lag_10__T3__is_walking,T3__is_walking,False,2.3223767280578613,0.0004356538411229849,0.001011752342113037
121400,28.0,-0.0043419599533081055,8,lag_11__CT1__is_walking,CT1__is_walking,False,2.3343825340270996,0.0004205553268548101,0.0009817370096019268
121400,28.0,-0.0043419599533081055,9,lag_03__T3__is_walking,T3__is_walking,False,2.3223767280578613,-0.0004129338776692748,-0.0009589880277258156
121400,28.0,-0.0043419599533081055,10,lag_05__CT2__duck_amount,CT2__duck_amount,False,3.8097944259643555,0.0002463442797306925,0.0009385210637861963
121400,28.0,-0.0043419599533081055,11,lag_01__T2__is_walking,T2__is_walking,False,2.2968344688415527,0.00039995761471800506,0.0009186364355599635
121400,28.0,-0.0043419599533081055,12,lag_03__CT4__duck_amount,CT4__duck_amount,False,-3.6725916862487793,-0.00023289330420084298,0.0008553220127910238
121400,28.0,-0.0043419599533081055,13,lag_09__T3__is_walking,T3__is_walking,False,-2.3223767280578613,0.00036043141153641045,-0.0008370575222132054
121400,28.0,-0.0043419599533081055,14,lag_00__CT_place_BALCONY,CT_place_BALCONY,False,-6.417822360992432,-0.00010988285794155672,0.0007052086627870775
121400,28.0,-0.0043419599533081055,15,lag_12__T3__is_walking,T3__is_walking,False,-2.3223767280578613,0.00029835361056029797,-0.0006928894818972742
121400,28.0,-0.0043419599533081055,16,lag_14__T_place_APARTMENTS,T_place_APARTMENTS,False,2.288959503173828,0.0002994941605720669,0.000685530004986501
121400,28.0,-0.0043419599533081055,17,lag_12__T_place_BACKALLEY,T_place_BACKALLEY,False,-3.025209665298462,-0.00019349594367668033,0.0005853657990067401
121400,28.0,-0.0043419599533081055,18,lag_03__T2__is_walking,T2__is_walking,False,-2.2968344688415527,0.0002332256262889132,-0.0005356806574775344
121400,28.0,-0.0043419599533081055,19,lag_05__T4__is_walking,T4__is_walking,False,2.307980537414551,-0.00022469049145001918,-0.0005185812812087548
121400,28.0,-0.0043419599533081055,20,lag_09__CT1__is_walking,CT1__is_walking,False,-2.3343825340270996,0.00022082190844230354,-0.0005154828061982447
125592,93.5,0.00421673059463501,1,lag_12__CT2__is_walking,CT2__is_walking,False,2.360051155090332,-0.0005939917173236609,-0.0014018508385837958
125592,93.5,0.00421673059463501,2,lag_02__T4__is_walking,T4__is_walking,False,2.307980537414551,-0.000464164768345654,-0.001071283251495303
125592,93.5,0.00421673059463501,3,lag_15__CT2__is_walking,CT2__is_walking,False,2.360051155090332,-0.00043083936907351017,-0.0010168029506403276
125592,93.5,0.00421673059463501,4,lag_11__T2__is_walking,T2__is_walking,False,2.2968344688415527,0.0004402948834467679,0.0010112844647551106
125592,93.5,0.00421673059463501,5,lag_00__CT3__duck_amount,CT3__duck_amount,False,3.6246578693389893,0.00022309769701678306,0.0008086528231232883
125592,93.5,0.00421673059463501,6,lag_00__CT2__is_walking,CT2__is_walking,False,2.360051155090332,-0.00033712375443428755,-0.0007956293060610298
125592,93.5,0.00421673059463501,7,lag_08__T1__is_walking,T1__is_walking,False,2.281590461730957,-0.0003247926651965827,-0.0007410438469526992
125592,93.5,0.00421673059463501,8,lag_09__T1__is_walking,T1__is_walking,False,-2.281590461730957,-0.00027209060499444604,0.0006207993290819336
125592,93.5,0.00421673059463501,9,lag_05__CT2__is_walking,CT2__is_walking,False,-2.360051155090332,-0.0002599559666123241,0.0006135093792760393
125592,93.5,0.00421673059463501,10,lag_07__T_place_TOPOFMID,T_place_TOPOFMID,False,2.0359649658203125,0.00028487580129876733,0.000579997151054279
125592,93.5,0.00421673059463501,11,lag_02__CT2__is_walking,CT2__is_walking,False,2.360051155090332,0.00024049539933912456,0.0005675814450042116
125592,93.5,0.00421673059463501,12,lag_01__T4__is_walking,T4__is_walking,False,-2.307980537414551,-0.0002342455554753542,0.0005406341830129779
125592,93.5,0.00421673059463501,13,lag_01__CT3__is_walking,CT3__is_walking,False,-2.387126922607422,-0.00020937243243679404,0.0004997985703216745
125592,93.5,0.00421673059463501,14,lag_03__CT_duck_amount_mean,CT_duck_amount_mean,False,-1.497133493423462,-0.00033361322130076587,0.0004994635274582701
125592,93.5,0.00421673059463501,15,lag_05__CT3__duck_amount,CT3__duck_amount,False,1.2049734592437744,-0.0004106589185539633,-0.0004948330976592766
125592,93.5,0.00421673059463501,16,lag_00__CT_duck_amount_mean,CT_duck_amount_mean,False,1.4584318399429321,0.0003346470184624195,0.00048805986686756286
125592,93.5,0.00421673059463501,17,lag_02__T2__is_walking,T2__is_walking,False,-2.2968344688415527,-0.00020839909848291427,0.00047865823267106283
125592,93.5,0.00421673059463501,18,lag_15__T2__is_walking,T2__is_walking,False,2.2968344688415527,0.00019982857338618487,0.00045897315521282317
125592,93.5,0.00421673059463501,19,lag_01__T3__is_walking,T3__is_walking,False,-2.3223767280578613,0.00018726431881077588,-0.0004348982960017539
125592,93.5,0.00421673059463501,20,lag_06__CT3__duck_amount,CT3__duck_amount,False,2.5158700942993164,0.00016185805725399405,0.00040721384576671016
125496,92.0,-0.00415492057800293,1,lag_12__CT2__is_walking,CT2__is_walking,False,2.360051155090332,-0.0005939917173236609,-0.0014018508385837958
125496,92.0,-0.00415492057800293,2,lag_15__CT2__is_walking,CT2__is_walking,False,-2.360051155090332,-0.00043083936907351017,0.0010168029506403276
125496,92.0,-0.00415492057800293,3,lag_01__T2__is_walking,T2__is_walking,False,2.2968344688415527,0.00039995761471800506,0.0009186364355599635
125496,92.0,-0.00415492057800293,4,lag_11__CT2__is_walking,CT2__is_walking,False,-2.360051155090332,0.0003682550450321287,-0.0008691007443959176
125496,92.0,-0.00415492057800293,5,lag_00__CT3__duck_amount,CT3__duck_amount,False,-3.7208433151245117,0.00022309769701678306,-0.000830111574564571
125496,92.0,-0.00415492057800293,6,lag_08__CT_place_RUINS,CT_place_RUINS,False,3.493913412094116,0.00023426191182807088,0.0008184908356789061
125496,92.0,-0.00415492057800293,7,lag_07__T1__is_walking,T1__is_walking,False,2.281590461730957,0.00030015932861715555,0.00068484066117247
125496,92.0,-0.00415492057800293,8,lag_15__T_walking_count,T_walking_count,False,1.594179630279541,0.00041995709761977196,0.0006694870506167572
125496,92.0,-0.00415492057800293,9,lag_05__CT2__is_walking,CT2__is_walking,False,2.360051155090332,-0.0002599559666123241,-0.0006135093792760393
125496,92.0,-0.00415492057800293,10,lag_06__CT2__is_walking,CT2__is_walking,False,-2.360051155090332,0.00024117632710840553,-0.0005691884693726362
125496,92.0,-0.00415492057800293,11,lag_02__CT2__is_walking,CT2__is_walking,False,-2.360051155090332,0.00024049539933912456,-0.0005675814450042116
125496,92.0,-0.00415492057800293,12,lag_05__CT5__duck_amount,CT5__duck_amount,False,-1.8915576934814453,0.0002987968036904931,-0.0005651913928084173
125496,92.0,-0.00415492057800293,13,lag_00__CT_duck_amount_mean,CT_duck_amount_mean,False,-1.497133493423462,0.0003346470184624195,-0.0005010112598143879
125496,92.0,-0.00415492057800293,14,lag_01__T_place_MIDDLE,T_place_MIDDLE,False,-1.6254756450653076,0.00030776814674027264,-0.0005002696268531989
125496,92.0,-0.00415492057800293,15,lag_15__T_place_SECONDMID,T_place_SECONDMID,False,-3.2740612030029297,0.0001526399137219414,-0.0004997524195467229
125496,92.0,-0.00415492057800293,16,lag_06__T1__is_walking,T1__is_walking,False,-2.281590461730957,-0.0002062799467239529,0.0004706463588917409
125496,92.0,-0.00415492057800293,17,lag_13__CT2__is_walking,CT2__is_walking,False,-2.360051155090332,0.00019857352890539914,-0.0004686436862635507
125496,92.0,-0.00415492057800293,18,lag_06__T2__is_walking,T2__is_walking,False,-2.2968344688415527,0.00019905308727174997,-0.0004571919919750811
125496,92.0,-0.00415492057800293,19,lag_03__CT3__is_walking,CT3__is_walking,False,-2.387126922607422,0.00016671657795086503,-0.0003979736316714888
125496,92.0,-0.00415492057800293,20,lag_04__T_place_TOPOFMID,T_place_TOPOFMID,False,2.0359649658203125,0.00017935060895979404,0.0003651515564406793
125272,88.5,0.004112899303436279,1,lag_12__CT2__is_walking,CT2__is_walking,False,-2.360051155090332,-0.0005939917173236609,0.0014018508385837958
125272,88.5,0.004112899303436279,2,lag_08__T4__is_walking,T4__is_walking,False,2.307980537414551,0.0005761355278082192,0.0013297095850944296
125272,88.5,0.004112899303436279,3,lag_15__CT2__is_walking,CT2__is_walking,False,-2.360051155090332,-0.00043083936907351017,0.0010168029506403276
125272,88.5,0.004112899303436279,4,lag_14__T2__is_walking,T2__is_walking,False,-2.2968344688415527,0.0004084695829078555,-0.0009381870174960949
125272,88.5,0.004112899303436279,5,lag_01__T2__is_walking,T2__is_walking,False,2.2968344688415527,0.00039995761471800506,0.0009186364355599635
125272,88.5,0.004112899303436279,6,lag_07__CT2__is_walking,CT2__is_walking,False,2.360051155090332,0.00038290611701086164,0.0009036780237426378
125272,88.5,0.004112899303436279,7,lag_11__CT2__is_walking,CT2__is_walking,False,2.360051155090332,0.0003682550450321287,0.0008691007443959176
125272,88.5,0.004112899303436279,8,lag_03__T1__is_walking,T1__is_walking,False,-2.281590461730957,0.00033243795041926205,-0.0007584872567939771
125272,88.5,0.004112899303436279,9,lag_08__T1__is_walking,T1__is_walking,False,2.281590461730957,-0.0003247926651965827,-0.0007410438469526992
125272,88.5,0.004112899303436279,10,lag_09__T1__is_walking,T1__is_walking,False,-2.281590461730957,-0.00027209060499444604,0.0006207993290819336
125272,88.5,0.004112899303436279,11,lag_05__CT2__is_walking,CT2__is_walking,False,2.360051155090332,-0.0002599559666123241,-0.0006135093792760393
125272,88.5,0.004112899303436279,12,lag_09__T4__is_walking,T4__is_walking,False,-2.307980537414551,0.0002548225165810436,-0.0005881254087640453
125272,88.5,0.004112899303436279,13,lag_06__CT2__is_walking,CT2__is_walking,False,-2.360051155090332,0.00024117632710840553,-0.0005691884693726362
125272,88.5,0.004112899303436279,14,lag_02__CT2__is_walking,CT2__is_walking,False,2.360051155090332,0.00024049539933912456,0.0005675814450042116
125272,88.5,0.004112899303436279,15,lag_06__T4__is_walking,T4__is_walking,False,-2.307980537414551,0.00021852977806702256,-0.0005043624746242092
125272,88.5,0.004112899303436279,16,lag_08__T_place_SECONDMID,T_place_SECONDMID,False,-3.2740612030029297,0.00015165191143751144,-0.0004965176395987925
125272,88.5,0.004112899303436279,17,lag_05__T2__is_walking,T2__is_walking,False,2.2968344688415527,0.00020874658366665244,0.0004794563486184844
125272,88.5,0.004112899303436279,18,lag_02__T2__is_walking,T2__is_walking,False,-2.2968344688415527,-0.00020839909848291427,0.00047865823267106283
125272,88.5,0.004112899303436279,19,lag_15__T2__is_walking,T2__is_walking,False,2.2968344688415527,0.00019982857338618487,0.00045897315521282317
125272,88.5,0.004112899303436279,20,lag_08__T_place_MIDDLE,T_place_MIDDLE,False,1.6254756450653076,0.0002716683375183493,0.0004415902661714585
121240,25.5,-0.004007160663604736,1,lag_04__T_place_KITCHEN,T_place_KITCHEN,False,-31.938587188720703,0.0002839936933014542,-0.009070357334555301
121240,25.5,-0.004007160663604736,2,lag_06__T_place_UPSTAIRS,T_place_UPSTAIRS,False,-16.86671257019043,-0.00040598190389573574,0.006847580081708049
121240,25.5,-0.004007160663604736,3,lag_04__T_place_DECK,T_place_DECK,False,24.256479263305664,-0.00016124176909215748,-0.003911157628362638
121240,25.5,-0.004007160663604736,4,lag_07__CT3__duck_amount,CT3__duck_amount,False,3.7208433151245117,-0.0005844108527526259,-0.0021745012147508236
121240,25.5,-0.004007160663604736,5,lag_13__CT3__duck_amount,CT3__duck_amount,False,3.7208433151245117,0.0004851756093557924,0.0018052624227329617
121240,25.5,-0.004007160663604736,6,lag_14__T_place_BACKALLEY,T_place_BACKALLEY,False,-3.025209903717041,0.0005261272890493274,-0.0015916454854478235
121240,25.5,-0.004007160663604736,7,lag_05__CT3__duck_amount,CT3__duck_amount,False,-3.7208433151245117,-0.0004106589185539633,0.0015279974918977757
121240,25.5,-0.004007160663604736,8,lag_00__T4__duck_amount,T4__duck_amount,False,-3.0681588649749756,-0.00042046597809530795,0.001290056418113493
121240,25.5,-0.004007160663604736,9,lag_12__CT3__duck_amount,CT3__duck_amount,False,-3.7208433151245117,0.0003121037152595818,-0.001161289022549139
121240,25.5,-0.004007160663604736,10,lag_03__T3__is_walking,T3__is_walking,False,2.3223767280578613,-0.0004129338776692748,-0.0009589880277258156
121240,25.5,-0.004007160663604736,11,lag_01__T2__is_walking,T2__is_walking,False,2.2968344688415527,0.00039995761471800506,0.0009186364355599635
121240,25.5,-0.004007160663604736,12,lag_04__T3__is_walking,T3__is_walking,False,-2.3223767280578613,0.00036516980617307127,-0.0008480618596457407
121240,25.5,-0.004007160663604736,13,lag_05__T3__is_walking,T3__is_walking,False,2.3223767280578613,0.0003475644043646753,0.000807175484197814
121240,25.5,-0.004007160663604736,14,lag_13__T5__is_walking,T5__is_walking,False,-2.3193888664245605,-0.000305213121464476,0.0007079079158113927
121240,25.5,-0.004007160663604736,15,lag_06__T_place_KITCHEN,T_place_KITCHEN,False,31.938587188720703,2.1656343960785307e-05,0.0006916730297804666
121240,25.5,-0.004007160663604736,16,lag_14__T_place_APARTMENTS,T_place_APARTMENTS,False,2.288959264755249,0.0002994941605720669,0.0006855299335815287
121240,25.5,-0.004007160663604736,17,lag_07__T_place_APARTMENTS,T_place_APARTMENTS,False,2.28895902633667,0.0002947725879494101,0.0006747223759034221
121240,25.5,-0.004007160663604736,18,lag_00__CT_duck_amount_mean,CT_duck_amount_mean,False,1.8877360820770264,0.0003346470184624195,0.0006317252515110061
121240,25.5,-0.004007160663604736,19,lag_07__CT_A_site_active_infernos,CT_A_site_active_infernos,True,3.5290780067443848,0.00016438259626738727,0.000580119005178778
121240,25.5,-0.004007160663604736,20,lag_05__CT_place_BALCONY,CT_place_BALCONY,False,6.417822360992432,8.664354390930384e-05,0.0005560628735367598
125944,99.0,0.0038664937019348145,1,lag_02__T_place_QUAD,T_place_QUAD,False,24.086301803588867,0.0005735664162784815,0.013815093806886392
125944,99.0,0.0038664937019348145,2,lag_08__T4__duck_amount,T4__duck_amount,False,-3.6976382732391357,-0.0005750535638071597,0.002126340066695917
125944,99.0,0.0038664937019348145,3,lag_00__CT5__is_scoped,CT5__is_scoped,False,-3.5760385990142822,0.0005902426782995462,-0.002110730600384747
125944,99.0,0.0038664937019348145,4,lag_06__T1__duck_amount,T1__duck_amount,False,-3.915480136871338,0.00041631876956671476,-0.0016300878728451873
125944,99.0,0.0038664937019348145,5,lag_11__CT3__duck_amount,CT3__duck_amount,False,3.6246578693389893,-0.00042933892109431326,-0.001556206698958014
125944,99.0,0.0038664937019348145,6,lag_12__CT2__is_walking,CT2__is_walking,False,-2.360051155090332,-0.0005939917173236609,0.0014018508385837958
125944,99.0,0.0038664937019348145,7,lag_08__T4__is_walking,T4__is_walking,False,2.307980537414551,0.0005761355278082192,0.0013297095850944296
125944,99.0,0.0038664937019348145,8,lag_04__T_shots_fired_sum,T_shots_fired_sum,False,5.248159408569336,-0.000219249734072946,-0.0011506575547012565
125944,99.0,0.0038664937019348145,9,lag_06__T_place_APARTMENTS,T_place_APARTMENTS,False,-2.288959503173828,0.0004327136557549238,-0.0009904640344933213
125944,99.0,0.0038664937019348145,10,lag_02__T3__shots_fired,T3__shots_fired,False,-5.450135707855225,0.00018166325753554702,-0.0009900894066997845
125944,99.0,0.0038664937019348145,11,lag_11__CT2__is_walking,CT2__is_walking,False,2.360051155090332,0.0003682550450321287,0.0008691007443959176
125944,99.0,0.0038664937019348145,12,lag_04__T_duck_amount_mean,T_duck_amount_mean,False,-1.4539684057235718,-0.0005479127285070717,0.0007966477963430793
125944,99.0,0.0038664937019348145,13,lag_12__T_walking_count,T_walking_count,False,-2.3912696838378906,0.00032866629771888256,-0.0007859297538344023
125944,99.0,0.0038664937019348145,14,lag_05__T3__duck_amount,T3__duck_amount,False,3.7704498767852783,0.00020415440667420626,0.0007697539574899326
125944,99.0,0.0038664937019348145,15,lag_00__CT_scoped_count,CT_scoped_count,False,-2.141930103302002,0.00035353712155483663,-0.0007572518032930436
125944,99.0,0.0038664937019348145,16,lag_02__T2__duck_amount,T2__duck_amount,False,1.5465173721313477,-0.0004818271554540843,-0.0007451540662743728
125944,99.0,0.0038664937019348145,17,lag_04__CT5__is_scoped,CT5__is_scoped,False,-3.5760385990142822,0.0002065018779831007,-0.0007384586864365057
125944,99.0,0.0038664937019348145,18,lag_10__T2__is_walking,T2__is_walking,False,2.2968344688415527,-0.0003049870138056576,-0.0007005046858578889
125944,99.0,0.0038664937019348145,19,lag_09__T4__duck_amount,T4__duck_amount,False,1.590691089630127,0.00043730647303164005,0.0006956195100890072
125944,99.0,0.0038664937019348145,20,lag_12__T3__is_walking,T3__is_walking,False,-2.3223767280578613,0.00029835361056029797,-0.0006928894818972742
122680,48.0,0.003861844539642334,1,lag_10__T_place_BALCONY,T_place_BALCONY,False,13.751577377319336,-0.000867737689986825,-0.011932761987070162
122680,48.0,0.003861844539642334,2,lag_04__T5__duck_amount,T5__duck_amount,False,3.3711371421813965,-0.0012885982869192958,-0.004344041546384958
122680,48.0,0.003861844539642334,3,lag_08__CT5__is_scoped,CT5__is_scoped,False,3.5760385990142822,0.0011209924705326557,0.004008712343829157
122680,48.0,0.003861844539642334,4,lag_03__T_place_PIT,T_place_PIT,False,-6.3102264404296875,-0.0005178432911634445,0.0032677084278986968
122680,48.0,0.003861844539642334,5,lag_02__utility_damage_diff_last_5s,utility_damage_diff_last_5s,True,4.243395805358887,0.000760890543460846,0.0032287597404589974
122680,48.0,0.003861844539642334,6,lag_08__T_place_BALCONY,T_place_BALCONY,False,-13.751577377319336,-0.00022411263489630073,0.003081902240011397
122680,48.0,0.003861844539642334,7,lag_02__T4__duck_amount,T4__duck_amount,False,-3.6976382732391357,0.0007360627641901374,-0.0027216938483756448
122680,48.0,0.003861844539642334,8,lag_12__utility_damage_diff_last_5s,utility_damage_diff_last_5s,True,-4.2433953285217285,-0.0005814807955175638,0.0024674528913243288
122680,48.0,0.003861844539642334,9,lag_00__CT_place_RUINS,CT_place_RUINS,False,3.493913412094116,0.000645243504550308,0.002254424934614932
122680,48.0,0.003861844539642334,10,lag_10__T_place_SECONDMID,T_place_SECONDMID,False,-3.2740612030029297,0.0006682166131213307,-0.0021877820882225674
122680,48.0,0.003861844539642334,11,lag_14__T_place_PIT,T_place_PIT,False,6.3102264404296875,-0.0003434673708397895,-0.0021673568848981084
122680,48.0,0.003861844539642334,12,lag_04__CT1__duck_amount,CT1__duck_amount,False,2.863501787185669,-0.0007108165300451219,-0.0020354244041453223
122680,48.0,0.003861844539642334,13,lag_14__T_place_BALCONY,T_place_BALCONY,False,-13.751577377319336,0.00014580889546778053,-0.0020051023083266506
122680,48.0,0.003861844539642334,14,lag_09__T_utility_damage_last_5s,T_utility_damage_last_5s,True,1.5704874992370605,0.0011333293514326215,0.0017798795789433774
122680,48.0,0.003861844539642334,15,lag_12__T4__duck_amount,T4__duck_amount,False,3.6976382732391357,0.0004697070689871907,0.0017368068354980115
122680,48.0,0.003861844539642334,16,lag_09__T3__duck_amount,T3__duck_amount,False,-3.5818843841552734,-0.0004805804055649787,0.0017213834500242053
122680,48.0,0.003861844539642334,17,lag_14__T_place_BACKALLEY,T_place_BACKALLEY,False,-3.025209665298462,0.0005261272890493274,-0.0015916453600093028
122680,48.0,0.003861844539642334,18,lag_14__T3__flash_duration,T3__flash_duration,True,6.350583076477051,0.00023137374955695122,0.001469358218277414
122680,48.0,0.003861844539642334,19,lag_08__CT_scoped_count,CT_scoped_count,False,2.141930103302002,0.0006835056701675057,0.0014640213707093896
122680,48.0,0.003861844539642334,20,lag_14__T5__flash_duration,T5__flash_duration,True,7.137953758239746,-0.00019662104023154825,-0.0014034718930697881
124376,74.5,0.0038307905197143555,1,lag_12__T_flashes_last_5s,T_flashes_last_5s,True,-9.0607271194458,-0.00020499108359217644,0.0018573682703482142
124376,74.5,0.0038307905197143555,2,lag_08__T4__is_walking,T4__is_walking,False,-2.307980537414551,0.0005761355278082192,-0.0013297095850944296
124376,74.5,0.0038307905197143555,3,lag_00__T3__duck_amount,T3__duck_amount,False,-3.122612237930298,0.00042161077726632357,-0.001316526972735127
124376,74.5,0.0038307905197143555,4,lag_14__T4__is_walking,T4__is_walking,False,2.307980537414551,0.0005385952536016703,0.0012430673628565092
124376,74.5,0.0038307905197143555,5,lag_09__CT_place_RUINS,CT_place_RUINS,False,-6.987826824188232,0.0001700500288279727,-0.00118828015289809
124376,74.5,0.0038307905197143555,6,lag_11__CT1__is_walking,CT1__is_walking,False,-2.3343825340270996,0.0004205553268548101,-0.0009817370096019268
124376,74.5,0.0038307905197143555,7,lag_01__CT5__duck_amount,CT5__duck_amount,False,3.7749595642089844,0.00025983434170484543,0.0009808641333286516
124376,74.5,0.0038307905197143555,8,lag_07__CT2__duck_amount,CT2__duck_amount,False,2.8978590965270996,0.0003347429446876049,0.0009700378872612436
124376,74.5,0.0038307905197143555,9,lag_01__T2__is_walking,T2__is_walking,False,-2.2968344688415527,0.00039995761471800506,-0.0009186364355599635
124376,74.5,0.0038307905197143555,10,lag_07__CT2__is_walking,CT2__is_walking,False,-2.360051155090332,0.00038290611701086164,-0.0009036780237426378
124376,74.5,0.0038307905197143555,11,lag_11__CT2__is_walking,CT2__is_walking,False,2.360051155090332,0.0003682550450321287,0.0008691007443959176
124376,74.5,0.0038307905197143555,12,lag_14__T3__is_walking,T3__is_walking,False,-2.3223767280578613,-0.00037350942147895694,0.0008674295881530847
124376,74.5,0.0038307905197143555,13,lag_15__CT_place_LIBRARY,CT_place_LIBRARY,False,-6.411735534667969,-0.0001277854316867888,0.00081932639315907
124376,74.5,0.0038307905197143555,14,lag_05__CT5__is_scoped,CT5__is_scoped,False,3.5760385990142822,0.0002259655448142439,0.0008080615103030278
124376,74.5,0.0038307905197143555,15,lag_11__CT1__duck_amount,CT1__duck_amount,False,1.7344276905059814,0.00044415416778065264,0.0007703532874524036
124376,74.5,0.0038307905197143555,16,lag_03__T1__is_walking,T1__is_walking,False,2.281590461730957,0.00033243795041926205,0.0007584872567939771
124376,74.5,0.0038307905197143555,17,lag_10__T2__is_walking,T2__is_walking,False,-2.2968344688415527,-0.0003049870138056576,0.0007005046858578889
124376,74.5,0.0038307905197143555,18,lag_09__T1__is_walking,T1__is_walking,False,-2.281590461730957,-0.00027209060499444604,0.0006207993290819336
124376,74.5,0.0038307905197143555,19,lag_14__CT1__is_walking,CT1__is_walking,False,-2.3343825340270996,0.0002578163694124669,-0.0006018420297427413
124376,74.5,0.0038307905197143555,20,lag_11__CT3__duck_amount,CT3__duck_amount,False,1.3960918188095093,-0.00042933892109431326,-0.0005993965552362722
124536,77.0,0.0037910938262939453,1,lag_14__CT_place_RUINS,CT_place_RUINS,False,-6.987826824188232,-0.0004953124444000423,0.003461157585332858
124536,77.0,0.0037910938262939453,2,lag_00__T2__duck_amount,T2__duck_amount,False,-3.8233180046081543,-0.0005197543068788946,0.0019871859994627095
124536,77.0,0.0037910938262939453,3,lag_12__T_place_SECONDMID,T_place_SECONDMID,False,-3.2740612030029297,0.0004920939682051539,-0.0016111457695322517
124536,77.0,0.0037910938262939453,4,lag_07__T3__duck_amount,T3__duck_amount,False,1.8265323638916016,-0.0008297670283354819,-0.0015155963317449173
124536,77.0,0.0037910938262939453,5,lag_12__CT2__is_walking,CT2__is_walking,False,-2.360051155090332,-0.0005939917173236609,0.0014018508385837958
124536,77.0,0.0037910938262939453,6,lag_12__CT2__duck_amount,CT2__duck_amount,False,2.8978590965270996,0.0004578091611620039,0.0013266664421467539
124536,77.0,0.0037910938262939453,7,lag_03__T4__duck_amount,T4__duck_amount,False,3.6976382732391357,-0.00032167002791538835,-0.0011894194065738412
124536,77.0,0.0037910938262939453,8,lag_01__T2__duck_amount,T2__duck_amount,False,3.8233180046081543,-0.0002749538398347795,-0.0010512359662764592
124536,77.0,0.0037910938262939453,9,lag_15__CT2__is_walking,CT2__is_walking,False,-2.360051155090332,-0.00043083936907351017,0.0010168029506403276
124536,77.0,0.0037910938262939453,10,lag_06__T3__duck_amount,T3__duck_amount,False,1.2960797548294067,-0.0007399225141853094,-0.000958998590778054
124536,77.0,0.0037910938262939453,11,lag_03__T3__is_walking,T3__is_walking,False,-2.3223767280578613,-0.0004129338776692748,0.0009589880277258156
124536,77.0,0.0037910938262939453,12,lag_11__CT2__is_walking,CT2__is_walking,False,2.360051155090332,0.0003682550450321287,0.0008691007443959176
124536,77.0,0.0037910938262939453,13,lag_05__T3__is_walking,T3__is_walking,False,2.3223767280578613,0.0003475644043646753,0.000807175484197814
124536,77.0,0.0037910938262939453,14,lag_03__T1__is_walking,T1__is_walking,False,-2.281590461730957,0.00033243795041926205,-0.0007584872567939771
124536,77.0,0.0037910938262939453,15,lag_08__T1__is_walking,T1__is_walking,False,2.281590461730957,-0.0003247926651965827,-0.0007410438469526992
124536,77.0,0.0037910938262939453,16,lag_00__T_duck_amount_mean,T_duck_amount_mean,False,-1.4539681673049927,-0.0004539376823231578,0.0006600109400380777
124536,77.0,0.0037910938262939453,17,lag_11__CT2__duck_amount,CT2__duck_amount,False,-2.8978590965270996,0.00022204955166671425,-0.0006434683131771521
124536,77.0,0.0037910938262939453,18,lag_05__T3__duck_amount,T3__duck_amount,False,-3.122612237930298,0.00020415440667420626,-0.0006374950487082753
124536,77.0,0.0037910938262939453,19,lag_14__CT1__is_walking,CT1__is_walking,False,2.3343825340270996,0.0002578163694124669,0.0006018420297427413
124536,77.0,0.0037910938262939453,20,lag_10__CT1__is_walking,CT1__is_walking,False,-2.3343825340270996,0.00024633793509565294,-0.0005750469731555935
125368,90.0,-0.003675222396850586,1,lag_11__T_place_SECONDMID,T_place_SECONDMID,False,-3.2740612030029297,0.0003458225983195007,-0.0011322443522795433
125368,90.0,-0.003675222396850586,2,lag_15__CT2__is_walking,CT2__is_walking,False,-2.360051155090332,-0.00043083936907351017,0.0010168029506403276
125368,90.0,-0.003675222396850586,3,lag_04__CT_place_RUINS,CT_place_RUINS,False,3.493913412094116,0.0002781023795250803,0.0009716656337579663
125368,90.0,-0.003675222396850586,4,lag_07__CT2__is_walking,CT2__is_walking,False,-2.360051155090332,0.00038290611701086164,-0.0009036780237426378
125368,90.0,-0.003675222396850586,5,lag_11__CT2__is_walking,CT2__is_walking,False,-2.360051155090332,0.0003682550450321287,-0.0008691007443959176
125368,90.0,-0.003675222396850586,6,lag_03__T1__is_walking,T1__is_walking,False,2.281590461730957,0.00033243795041926205,0.0007584872567939771
125368,90.0,-0.003675222396850586,7,lag_05__CT2__is_walking,CT2__is_walking,False,2.360051155090332,-0.0002599559666123241,-0.0006135093792760393
125368,90.0,-0.003675222396850586,8,lag_12__T1__is_walking,T1__is_walking,False,-2.281590461730957,0.000268021656665951,-0.0006115156553863632
125368,90.0,-0.003675222396850586,9,lag_09__T4__is_walking,T4__is_walking,False,-2.307980537414551,0.0002548225165810436,-0.0005881254087640453
125368,90.0,-0.003675222396850586,10,lag_02__CT2__is_walking,CT2__is_walking,False,-2.360051155090332,0.00024049539933912456,-0.0005675814450042116
125368,90.0,-0.003675222396850586,11,lag_11__CT5__duck_amount,CT5__duck_amount,False,3.7749595642089844,-0.00014127699250821024,-0.0005333149340715493
125368,90.0,-0.003675222396850586,12,lag_02__T1__is_walking,T1__is_walking,False,-2.281590461730957,0.00023264085757546127,-0.0005307911616530825
125368,90.0,-0.003675222396850586,13,lag_12__T_walking_count,T_walking_count,False,-1.594179630279541,0.00032866629771888256,-0.0005239531169828338
125368,90.0,-0.003675222396850586,14,lag_01__CT5__duck_amount,CT5__duck_amount,False,-1.8915576934814453,0.00025983434170484543,-0.0004914916480824871
125368,90.0,-0.003675222396850586,15,lag_05__T2__is_walking,T2__is_walking,False,-2.2968344688415527,0.00020874658366665244,-0.0004794563486184844
125368,90.0,-0.003675222396850586,16,lag_02__T2__is_walking,T2__is_walking,False,-2.2968344688415527,-0.00020839909848291427,0.00047865823267106283
125368,90.0,-0.003675222396850586,17,lag_06__T1__is_walking,T1__is_walking,False,-2.281590461730957,-0.0002062799467239529,0.0004706463588917409
125368,90.0,-0.003675222396850586,18,lag_11__CT_walking_count,CT_walking_count,False,-0.8974475860595703,0.00039668884710408747,-0.00035600744825031727
125368,90.0,-0.003675222396850586,19,lag_00__T_unique_places,T_unique_places,False,0.8783379793167114,-0.00040315845399163663,-0.0003541093818234635
125368,90.0,-0.003675222396850586,20,lag_00__CT5__duck_amount,CT5__duck_amount,False,-1.8834019899368286,-0.00018746807472780347,0.00035307774499197114
120600,15.5,0.0036109089851379395,1,lag_01__T4__flash_duration,T4__flash_duration,True,-6.504885196685791,0.0004236715321894735,-0.002755934677996494
120600,15.5,0.0036109089851379395,2,lag_07__CT_place_BALCONY,CT_place_BALCONY,False,-6.417822360992432,0.0002719649055507034,-0.001745422452248499
120600,15.5,0.0036109089851379395,3,lag_07__CT5__is_scoped,CT5__is_scoped,False,3.5760385990142822,0.0004739676951430738,0.001694926772517466
120600,15.5,0.0036109089851379395,4,lag_09__T4__duck_amount,T4__duck_amount,False,-3.6976382732391357,0.00043730647303164005,-0.0016170011518170102
120600,15.5,0.0036109089851379395,5,lag_12__T_place_SECONDMID,T_place_SECONDMID,False,3.274061679840088,0.0004920939682051539,0.0016111460041809411
120600,15.5,0.0036109089851379395,6,lag_05__T_place_BACKALLEY,T_place_BACKALLEY,False,3.025209665298462,0.0005273811984807253,0.0015954386989405767
120600,15.5,0.0036109089851379395,7,lag_09__T_place_SECONDMID,T_place_SECONDMID,False,-3.274061679840088,0.000413242174545303,-0.0013529803681725655
120600,15.5,0.0036109089851379395,8,lag_15__CT_place_ARCH,CT_place_ARCH,False,4.080447673797607,-0.0003047497011721134,-0.0012435152092382662
120600,15.5,0.0036109089851379395,9,lag_10__T4__duck_amount,T4__duck_amount,False,3.6976382732391357,0.00031839829171076417,0.0011773217095636807
120600,15.5,0.0036109089851379395,10,lag_11__CT4__duck_amount,CT4__duck_amount,False,3.6725916862487793,-0.00024584264610894024,-0.0009028796582250948
120600,15.5,0.0036109089851379395,11,lag_13__T_flashed_players,T_flashed_players,False,3.8592474460601807,-0.0002283131325384602,-0.000881116873651052
120600,15.5,0.0036109089851379395,12,lag_11__T_A_site_active_infernos,T_A_site_active_infernos,True,2.9764554500579834,0.00022010634711477906,0.0006551367364621384
120600,15.5,0.0036109089851379395,13,lag_07__CT_scoped_count,CT_scoped_count,False,2.141930103302002,0.0002997195115312934,0.0006419782442958488
120600,15.5,0.0036109089851379395,14,lag_09__T_active_infernos,T_active_infernos,True,2.082643508911133,0.00030066556064412,0.000626179178228603
120600,15.5,0.0036109089851379395,15,lag_02__T_place_APARTMENTS,T_place_APARTMENTS,False,2.288959503173828,0.0002727363316807896,0.0006242824182615125
120600,15.5,0.0036109089851379395,16,lag_07__T_place_UNDERPASS,T_place_UNDERPASS,False,3.9171202182769775,0.00015497495769523084,0.000607055540114608
120600,15.5,0.0036109089851379395,17,lag_12__CT_place_BANANA,CT_place_BANANA,False,2.960339307785034,0.00019947750843130052,0.0005905211092281995
120600,15.5,0.0036109089851379395,18,lag_10__CT1__is_walking,CT1__is_walking,False,2.3343825340270996,0.00024633793509565294,0.0005750469731555935
120600,15.5,0.0036109089851379395,19,lag_06__CT2__is_walking,CT2__is_walking,False,-2.360051155090332,0.00024117632710840553,-0.0005691884693726362
120600,15.5,0.0036109089851379395,20,lag_01__T4__is_walking,T4__is_walking,False,2.307980537414551,-0.0002342455554753542,-0.0005406341830129779
119800,3.0,-0.0034534335136413574,1,lag_02__CT_place_LIBRARY,CT_place_LIBRARY,False,6.411735534667969,-0.0004168027953710407,-0.0026724292940294436
119800,3.0,-0.0034534335136413574,2,lag_06__CT_place_CTSPAWN,CT_place_CTSPAWN,False,4.78255033493042,-0.00014913373161107302,-0.0007132395780659606
119800,3.0,-0.0034534335136413574,3,lag_06__CT4__has_defuser,CT4__has_defuser,False,1.568546175956726,-0.0003495343553368002,-0.0005482607764290374
119800,3.0,-0.0034534335136413574,4,lag_05__CT_velocity_mean,CT_velocity_mean,False,2.835827350616455,-0.0001915247703436762,-0.0005431311820611323
119800,3.0,-0.0034534335136413574,5,lag_06__CT_velocity_mean,CT_velocity_mean,False,-1.694637656211853,-0.00025028790696524084,0.00042414731203774605
119800,3.0,-0.0034534335136413574,6,lag_06__T3__flash,T3__flash,True,2.2380197048187256,0.0001554347254568711,0.0003478659783855663
119800,3.0,-0.0034534335136413574,7,lag_06__CT4__has_helmet,CT4__has_helmet,False,1.0979676246643066,-0.0003078164590988308,-0.000337972506429321
119800,3.0,-0.0034534335136413574,8,lag_06__CT_unique_places,CT_unique_places,False,-1.6410033702850342,0.00018577884475234896,-0.0003048637103662648
119800,3.0,-0.0034534335136413574,9,lag_06__CT_closest_enemy_dist,CT_closest_enemy_dist,False,4.124736785888672,6.993976421654224e-05,0.000288483118260352
119800,3.0,-0.0034534335136413574,10,lag_06__CT4__utility_total,CT4__utility_total,True,1.935933232307434,-0.00014731254486832768,-0.0002851872511463755
119800,3.0,-0.0034534335136413574,11,lag_06__CT4__flash,CT4__flash,True,1.0217740535736084,-0.0002680322795640677,-0.0002738684287787521
119800,3.0,-0.0034534335136413574,12,lag_06__centroid_distance_xy,centroid_distance_xy,False,3.842611789703369,6.892882811371237e-05,0.0002648667275601882
119800,3.0,-0.0034534335136413574,13,lag_06__CT_mean_X,CT_mean_X,False,2.121032476425171,-0.00012392060307320207,-0.00026283962361645444
119800,3.0,-0.0034534335136413574,14,lag_06__T3__utility_total,T3__utility_total,True,2.3872992992401123,0.0001068141427822411,0.0002549973282129775
119800,3.0,-0.0034534335136413574,15,lag_06__T_unique_places,T_unique_places,False,-1.3668794631958008,0.00018500217993278056,-0.00025287568039657204
119800,3.0,-0.0034534335136413574,16,lag_06__T3__duck_amount,T3__duck_amount,False,-0.3402969241142273,-0.0007399225141853094,0.0002517933556601265
119800,3.0,-0.0034534335136413574,17,lag_06__CT_macro_OTHER,CT_macro_OTHER,False,1.8060362339019775,-0.00012510432861745358,-0.00022594295050110125
119800,3.0,-0.0034534335136413574,18,lag_06__T1__X,T1__X,False,-1.5198701620101929,-0.00012785418948624283,0.0001943217676881378
119800,3.0,-0.0034534335136413574,19,lag_06__CT4__alive,CT4__alive,False,0.5164260864257812,-0.0003497802827041596,-0.00018063566250581253
119800,3.0,-0.0034534335136413574,20,lag_06__T_place_BOMBSITEA,T_place_BOMBSITEA,False,-0.33047744631767273,-0.0005026106955483556,0.00016610149915676983
123640,63.0,-0.0033382177352905273,1,lag_03__CT_flashed_players,CT_flashed_players,False,4.379879951477051,0.0006955666467547417,0.003046498411037213
123640,63.0,-0.0033382177352905273,2,lag_08__T4__duck_amount,T4__duck_amount,False,-3.6976382732391357,-0.0005750535638071597,0.002126340066695917
123640,63.0,-0.0033382177352905273,3,lag_01__CT_flashed_players,CT_flashed_players,False,-4.379879951477051,0.0004563998954836279,-0.0019989767520849633
123640,63.0,-0.0033382177352905273,4,lag_05__CT1__duck_amount,CT1__duck_amount,False,-3.8154516220092773,0.00046185965766198933,-0.0017622031799670868
123640,63.0,-0.0033382177352905273,5,lag_12__CT5__is_scoped,CT5__is_scoped,False,3.5760385990142822,0.0003804228617809713,0.0013604068376762285
123640,63.0,-0.0033382177352905273,6,lag_09__T3__duck_amount,T3__duck_amount,False,-2.378060817718506,-0.0004805804055649787,0.0011428494322373445
123640,63.0,-0.0033382177352905273,7,lag_07__CT_place_RUINS,CT_place_RUINS,False,3.493913412094116,0.0003142493078485131,0.0010979598714332128
123640,63.0,-0.0033382177352905273,8,lag_10__T3__is_walking,T3__is_walking,False,-2.3223767280578613,0.0004356538411229849,-0.001011752342113037
123640,63.0,-0.0033382177352905273,9,lag_03__T3__is_walking,T3__is_walking,False,2.3223767280578613,-0.0004129338776692748,-0.0009589880277258156
123640,63.0,-0.0033382177352905273,10,lag_14__T2__is_walking,T2__is_walking,False,-2.2968344688415527,0.0004084695829078555,-0.0009381870174960949
123640,63.0,-0.0033382177352905273,11,lag_01__T2__is_walking,T2__is_walking,False,-2.2968344688415527,0.00039995761471800506,-0.0009186364355599635
123640,63.0,-0.0033382177352905273,12,lag_00__T3__duck_amount,T3__duck_amount,False,2.1249780654907227,0.00042161077726632357,0.0008959136538654322
123640,63.0,-0.0033382177352905273,13,lag_14__T_place_SECONDMID,T_place_SECONDMID,False,-3.274061679840088,0.00027202742057852447,-0.0008906345535818899
123640,63.0,-0.0033382177352905273,14,lag_05__T3__is_walking,T3__is_walking,False,-2.3223767280578613,0.0003475644043646753,-0.000807175484197814
123640,63.0,-0.0033382177352905273,15,lag_07__CT5__duck_amount,CT5__duck_amount,False,3.7749595642089844,-0.00020857041818089783,-0.0007873448949230477
123640,63.0,-0.0033382177352905273,16,lag_08__T1__is_walking,T1__is_walking,False,-2.281590461730957,-0.0003247926651965827,0.0007410438469526992
123640,63.0,-0.0033382177352905273,17,lag_02__CT5__duck_amount,CT5__duck_amount,False,-1.6596561670303345,0.0004325854533817619,-0.0007179431154726544
123640,63.0,-0.0033382177352905273,18,lag_07__T1__is_walking,T1__is_walking,False,2.281590461730957,0.00030015932861715555,0.00068484066117247
123640,63.0,-0.0033382177352905273,19,lag_10__T3__duck_amount,T3__duck_amount,False,3.227454900741577,-0.00020265740749891847,-0.0006540676430039673
123640,63.0,-0.0033382177352905273,20,lag_08__T2__duck_amount,T2__duck_amount,False,-3.8233180046081543,0.00017035132623277605,-0.00065130729269465
126648,110.0,-0.00328014581464231,1,lag_06__T_place_GRAVEYARD,T_place_GRAVEYARD,False,19.65784454345703,-0.00043099047616124153,-0.00847234378008821
126648,110.0,-0.00328014581464231,2,lag_05__T_place_PIT,T_place_PIT,False,6.3102264404296875,-0.000996795715764165,-0.006290006681322069
126648,110.0,-0.00328014581464231,3,lag_00__T_place_BALCONY,T_place_BALCONY,False,13.751577377319336,-0.00035783127532340586,-0.004920744470634675
126648,110.0,-0.00328014581464231,4,lag_14__CT5__is_scoped,CT5__is_scoped,False,-3.5760385990142822,-0.0008743734215386212,0.0031267931053742953
126648,110.0,-0.00328014581464231,5,lag_13__T_place_ARCH,T_place_ARCH,False,-9.303513526916504,-0.00033208675449714065,0.003089573612573948
126648,110.0,-0.00328014581464231,6,lag_02__CT_place_LIBRARY,CT_place_LIBRARY,False,-6.411735534667969,-0.0004168027953710407,0.0026724292940294436
126648,110.0,-0.00328014581464231,7,lag_05__T_flash_duration_sum,T_flash_duration_sum,True,-2.5598654747009277,-0.0009710621670819819,0.002485788515301429
126648,110.0,-0.00328014581464231,8,lag_12__CT2__duck_amount,CT2__duck_amount,False,3.8097944259643555,0.0004578091611620039,0.0017441587903504197
126648,110.0,-0.00328014581464231,9,lag_00__T2__duck_amount,T2__duck_amount,False,-3.3454031944274902,-0.0005197543068788946,0.0017387877185501
126648,110.0,-0.00328014581464231,10,lag_11__CT3__duck_amount,CT3__duck_amount,False,3.7208433151245117,-0.00042933892109431326,-0.0015975028544765457
126648,110.0,-0.00328014581464231,11,lag_00__T_bomb_zone_count,T_bomb_zone_count,False,-5.821373462677002,-0.0002381188387516886,0.0013861786888725441
126648,110.0,-0.00328014581464231,12,lag_15__CT_flashed_players,CT_flashed_players,False,-2.1899399757385254,-0.0006049094372428954,0.0013247153583197113
126648,110.0,-0.00328014581464231,13,lag_05__T_flashed_players,T_flashed_players,False,-1.9296237230300903,-0.0006758904783055186,0.0013042143011084834
126648,110.0,-0.00328014581464231,14,lag_07__CT2__duck_amount,CT2__duck_amount,False,3.8097944259643555,0.0003347429446876049,0.0012753018048017317
126648,110.0,-0.00328014581464231,15,lag_09__CT_place_LIBRARY,CT_place_LIBRARY,False,6.411735534667969,-0.00018677295884117484,-0.0011975388171170387
126648,110.0,-0.00328014581464231,16,lag_14__CT_scoped_count,CT_scoped_count,False,-2.141930103302002,-0.0005059474497102201,0.0010837040732231962
126648,110.0,-0.00328014581464231,17,lag_14__T2__duck_amount,T2__duck_amount,False,3.8233180046081543,-0.0002819385554175824,-0.0010779407551212566
126648,110.0,-0.00328014581464231,18,lag_00__damage_diff_last_5s,damage_diff_last_5s,False,-0.6993532180786133,0.0012363108107820153,-0.000864617944065782
126648,110.0,-0.00328014581464231,19,lag_11__CT2__duck_amount,CT2__duck_amount,False,-3.8097944259643555,0.00022204955166671425,-0.0008459631442277321
126648,110.0,-0.00328014581464231,20,lag_06__T_macro_A,T_macro_A,False,-1.6668972969055176,-0.0005026106955483556,0.000837800409805356
126040,100.5,0.0032758116722106934,1,lag_01__T_place_QUAD,T_place_QUAD,False,-24.086301803588867,0.00015035994874779135,-0.0036216151047114564
126040,100.5,0.0032758116722106934,2,lag_07__T3__duck_amount,T3__duck_amount,False,-3.7704498767852783,-0.0008297670283354819,0.003128594989748004
126040,100.5,0.0032758116722106934,3,lag_05__T_place_QUAD,T_place_QUAD,False,24.086301803588867,0.00011384524259483442,0.0027421108720419723
126040,100.5,0.0032758116722106934,4,lag_15__T3__is_walking,T3__is_walking,False,-2.3223767280578613,0.0007450400153174996,-0.0017302635930452337
126040,100.5,0.0032758116722106934,5,lag_07__CT5__is_scoped,CT5__is_scoped,False,-3.5760385990142822,0.0004739676951430738,-0.001694926772517466
126040,100.5,0.0032758116722106934,6,lag_12__CT_place_RUINS,CT_place_RUINS,False,-3.493913412094116,-0.00048437880468554795,0.0016923776022249523
126040,100.5,0.0032758116722106934,7,lag_00__CT_flashed_players,CT_flashed_players,False,2.1899399757385254,0.0007712539518252015,0.0016889998605483236
126040,100.5,0.0032758116722106934,8,lag_05__T_shots_fired_sum,T_shots_fired_sum,False,-6.747633457183838,-0.00018803225248120725,0.0012687727178718328
126040,100.5,0.0032758116722106934,9,lag_11__T4__duck_amount,T4__duck_amount,False,-3.6976382732391357,0.0003145233786199242,-0.0011629936826135154
126040,100.5,0.0032758116722106934,10,lag_12__CT3__duck_amount,CT3__duck_amount,False,-3.7208433151245117,0.0003121037152595818,-0.001161289022549139
126040,100.5,0.0032758116722106934,11,lag_09__CT_shots_fired_sum,CT_shots_fired_sum,False,-1.389482021331787,0.0007826819201000035,-0.0010875224564003971
126040,100.5,0.0032758116722106934,12,lag_02__T_place_ARCH,T_place_ARCH,False,9.303513526916504,-0.00011397759953979403,-0.001060392139083946
126040,100.5,0.0032758116722106934,13,lag_15__CT2__is_walking,CT2__is_walking,False,-2.360051155090332,-0.00043083936907351017,0.0010168029506403276
126040,100.5,0.0032758116722106934,14,lag_15__T_walking_count,T_walking_count,False,-2.3912696838378906,0.00041995709761977196,-0.0010042306760507103
126040,100.5,0.0032758116722106934,15,lag_04__CT_place_RUINS,CT_place_RUINS,False,-3.493913412094116,0.0002781023795250803,-0.0009716656337579663
126040,100.5,0.0032758116722106934,16,lag_10__CT_shots_fired_sum,CT_shots_fired_sum,False,1.389482021331787,-0.0006777507369406521,-0.0009417224639234056
126040,100.5,0.0032758116722106934,17,lag_11__CT2__is_walking,CT2__is_walking,False,-2.360051155090332,0.0003682550450321287,-0.0008691007443959176
126040,100.5,0.0032758116722106934,18,lag_12__T4__duck_amount,T4__duck_amount,False,1.590691089630127,0.0004697070689871907,0.0007471588493742076
126040,100.5,0.0032758116722106934,19,lag_10__T1__duck_amount,T1__duck_amount,False,3.915480136871338,0.00018911594816017896,0.0007404797385867704
126040,100.5,0.0032758116722106934,20,lag_04__CT5__is_scoped,CT5__is_scoped,False,3.5760385990142822,0.0002065018779831007,0.0007384586864365057
125336,89.5,-0.0032212138175964355,1,lag_10__T_place_SECONDMID,T_place_SECONDMID,False,-3.2740612030029297,0.0006682166131213307,-0.0021877820882225674
125336,89.5,-0.0032212138175964355,2,lag_08__T4__is_walking,T4__is_walking,False,-2.307980537414551,0.0005761355278082192,-0.0013297095850944296
125336,89.5,-0.0032212138175964355,3,lag_01__T2__is_walking,T2__is_walking,False,-2.2968344688415527,0.00039995761471800506,-0.0009186364355599635
125336,89.5,-0.0032212138175964355,4,lag_07__CT2__is_walking,CT2__is_walking,False,2.360051155090332,0.00038290611701086164,0.0009036780237426378
125336,89.5,-0.0032212138175964355,5,lag_03__CT_place_RUINS,CT_place_RUINS,False,3.493913412094116,-0.0002494043146725744,-0.0008713970800686491
125336,89.5,-0.0032212138175964355,6,lag_00__CT2__is_walking,CT2__is_walking,False,2.360051155090332,-0.00033712375443428755,-0.0007956293060610298
125336,89.5,-0.0032212138175964355,7,lag_06__CT2__is_walking,CT2__is_walking,False,-2.360051155090332,0.00024117632710840553,-0.0005691884693726362
125336,89.5,-0.0032212138175964355,8,lag_03__T2__is_walking,T2__is_walking,False,2.2968344688415527,0.0002332256262889132,0.0005356806574775344
125336,89.5,-0.0032212138175964355,9,lag_02__T1__is_walking,T1__is_walking,False,2.281590461730957,0.00023264085757546127,0.0005307911616530825
125336,89.5,-0.0032212138175964355,10,lag_13__CT2__is_walking,CT2__is_walking,False,2.360051155090332,0.00019857352890539914,0.0004686436862635507
125336,89.5,-0.0032212138175964355,11,lag_10__CT5__duck_amount,CT5__duck_amount,False,3.7749595642089844,-9.457636770093814e-05,-0.0003570219638008021
125336,89.5,-0.0032212138175964355,12,lag_00__CT5__duck_amount,CT5__duck_amount,False,-1.8915576934814453,-0.00018746807472780347,0.00035460667903353116
125336,89.5,-0.0032212138175964355,13,lag_15__T_walking_count,T_walking_count,False,0.7970898747444153,0.00041995709761977196,0.0003347435503397722
125336,89.5,-0.0032212138175964355,14,lag_11__T_walking_count,T_walking_count,False,-1.594179630279541,0.0001813739800127223,-0.0002891427043990105
125336,89.5,-0.0032212138175964355,15,lag_13__CT_walking_count,CT_walking_count,False,0.8974475860595703,0.00032104263664223254,0.00028811893927677135
125336,89.5,-0.0032212138175964355,16,lag_14__CT2__is_walking,CT2__is_walking,False,-2.360051155090332,-0.00011776539031416178,0.0002779323454406013
125336,89.5,-0.0032212138175964355,17,lag_12__T_walking_count,T_walking_count,False,0.7970898151397705,0.00032866629771888256,0.0002619765584914169
125336,89.5,-0.0032212138175964355,18,lag_00__CT_duck_amount_mean,CT_duck_amount_mean,False,-0.7501840591430664,0.0003346470184624195,-0.00025104685869026255
125336,89.5,-0.0032212138175964355,19,lag_15__T1__is_walking,T1__is_walking,False,2.281590461730957,0.00010995119373546913,0.00025086359488277893
125336,89.5,-0.0032212138175964355,20,lag_09__CT2__is_walking,CT2__is_walking,False,2.360051155090332,-0.00010342950554331765,-0.0002440989240279287
125432,91.0,0.003192126750946045,1,lag_13__T_place_SECONDMID,T_place_SECONDMID,False,-3.2740612030029297,-0.0007598143420182168,0.0024876786586870425
125432,91.0,0.003192126750946045,2,lag_12__CT2__is_walking,CT2__is_walking,False,2.360051155090332,-0.0005939917173236609,-0.0014018508385837958
125432,91.0,0.003192126750946045,3,lag_14__T4__is_walking,T4__is_walking,False,-2.307980537414551,0.0005385952536016703,-0.0012430673628565092
125432,91.0,0.003192126750946045,4,lag_07__CT2__is_walking,CT2__is_walking,False,2.360051155090332,0.00038290611701086164,0.0009036780237426378
125432,91.0,0.003192126750946045,5,lag_11__CT2__is_walking,CT2__is_walking,False,-2.360051155090332,0.0003682550450321287,-0.0008691007443959176
125432,91.0,0.003192126750946045,6,lag_02__CT5__duck_amount,CT5__duck_amount,False,-1.8834019899368286,0.0004325854533817619,-0.0008147323037169356
125432,91.0,0.003192126750946045,7,lag_00__CT2__is_walking,CT2__is_walking,False,-2.360051155090332,-0.00033712375443428755,0.0007956293060610298
125432,91.0,0.003192126750946045,8,lag_03__T1__is_walking,T1__is_walking,False,2.281590461730957,0.00033243795041926205,0.0007584872567939771
125432,91.0,0.003192126750946045,9,lag_08__T1__is_walking,T1__is_walking,False,-2.281590461730957,-0.0003247926651965827,0.0007410438469526992
125432,91.0,0.003192126750946045,10,lag_13__CT5__duck_amount,CT5__duck_amount,False,3.7749595642089844,0.00018637387256603688,0.0007035538327618274
125432,91.0,0.003192126750946045,11,lag_10__T2__is_walking,T2__is_walking,False,2.2968344688415527,-0.0003049870138056576,-0.0007005046858578889
125432,91.0,0.003192126750946045,12,lag_01__CT3__is_walking,CT3__is_walking,False,-2.387126922607422,-0.00020937243243679404,0.0004997985703216745
125432,91.0,0.003192126750946045,13,lag_13__CT_duck_amount_mean,CT_duck_amount_mean,False,1.497133493423462,0.0003240414953324944,0.00048513337592129974
125432,91.0,0.003192126750946045,14,lag_13__CT2__is_walking,CT2__is_walking,False,-2.360051155090332,0.00019857352890539914,-0.0004686436862635507
125432,91.0,0.003192126750946045,15,lag_06__T2__is_walking,T2__is_walking,False,2.2968344688415527,0.00019905308727174997,0.0004571919919750811
125432,91.0,0.003192126750946045,16,lag_14__T_walking_count,T_walking_count,False,-1.594179630279541,0.00027143245097249746,-0.00043271208433720565
125432,91.0,0.003192126750946045,17,lag_03__CT2__is_walking,CT2__is_walking,False,2.360051155090332,0.00015276187332347035,0.0003605258355908192
125432,91.0,0.003192126750946045,18,lag_11__CT_walking_count,CT_walking_count,False,-0.8974475860595703,0.00039668884710408747,-0.00035600744825031727
125432,91.0,0.003192126750946045,19,lag_15__T4__is_walking,T4__is_walking,False,2.307980537414551,0.00015181461640167981,0.00035038517995013285
125432,91.0,0.003192126750946045,20,lag_15__T_walking_count,T_walking_count,False,0.7970898151397705,0.00041995709761977196,0.0003347435253083786
121208,25.0,0.0030711889266967773,1,lag_03__T_place_DECK,T_place_DECK,False,24.256479263305664,-0.0010252041975036263,-0.024867844357400637
121208,25.0,0.0030711889266967773,2,lag_05__T_place_KITCHEN,T_place_KITCHEN,False,31.938587188720703,0.0003689427103381604,0.011783508921778263
121208,25.0,0.0030711889266967773,3,lag_11__T_place_UPSTAIRS,T_place_UPSTAIRS,False,16.86671257019043,0.0003929167869500816,0.006627214509489776
121208,25.0,0.0030711889266967773,4,lag_03__T_place_KITCHEN,T_place_KITCHEN,False,-31.938587188720703,-0.0001849490508902818,0.0059070113873304075
121208,25.0,0.0030711889266967773,5,lag_05__T_place_UPSTAIRS,T_place_UPSTAIRS,False,-16.86671257019043,0.00012939689622726291,-0.002182500256140002
121208,25.0,0.0030711889266967773,6,lag_11__CT3__duck_amount,CT3__duck_amount,False,-3.7208433151245117,-0.00042933892109431326,0.0015975028544765457
121208,25.0,0.0030711889266967773,7,lag_04__CT_place_BALCONY,CT_place_BALCONY,False,6.417822360992432,0.00020738481543958187,0.001330958905858437
121208,25.0,0.0030711889266967773,8,lag_12__CT3__duck_amount,CT3__duck_amount,False,3.7208433151245117,0.0003121037152595818,0.001161289022549139
121208,25.0,0.0030711889266967773,9,lag_12__T5__is_walking,T5__is_walking,False,-2.3193888664245605,0.0004636989033315331,-0.0010754980737604364
121208,25.0,0.0030711889266967773,10,lag_08__T_place_BACKALLEY,T_place_BACKALLEY,False,-3.025209903717041,-0.00034508525277487934,0.0010439553243212635
121208,25.0,0.0030711889266967773,11,lag_06__T_place_APARTMENTS,T_place_APARTMENTS,False,2.28895902633667,0.0004327136557549238,0.0009904638281593714
121208,25.0,0.0030711889266967773,12,lag_11__CT1__is_walking,CT1__is_walking,False,2.3343825340270996,0.0004205553268548101,0.0009817370096019268
121208,25.0,0.0030711889266967773,13,lag_03__T3__is_walking,T3__is_walking,False,-2.3223767280578613,-0.0004129338776692748,0.0009589880277258156
121208,25.0,0.0030711889266967773,14,lag_04__CT3__duck_amount,CT3__duck_amount,False,-3.7208433151245117,0.0002510395715944469,-0.000934078911798919
121208,25.0,0.0030711889266967773,15,lag_01__T2__is_walking,T2__is_walking,False,-2.2968344688415527,0.00039995761471800506,-0.0009186364355599635
121208,25.0,0.0030711889266967773,16,lag_04__T3__is_walking,T3__is_walking,False,2.3223767280578613,0.00036516980617307127,0.0008480618596457407
121208,25.0,0.0030711889266967773,17,lag_06__T_place_BACKALLEY,T_place_BACKALLEY,False,-3.025209665298462,-0.0002554414386395365,0.0007727639090900698
121208,25.0,0.0030711889266967773,18,lag_09__T_velocity_mean,T_velocity_mean,False,-1.491687536239624,0.0004063413944095373,-0.000606134393498936
121208,25.0,0.0030711889266967773,19,lag_06__CT3__duck_amount,CT3__duck_amount,False,3.7208433151245117,0.00016185805725399405,0.0006022484703325642
121208,25.0,0.0030711889266967773,20,lag_14__T5__is_walking,T5__is_walking,False,2.3193888664245605,0.00024052569642663002,0.0005578726223809394
125624,94.0,-0.0030605196952819824,1,lag_12__CT_place_RUINS,CT_place_RUINS,False,3.493913412094116,-0.00048437880468554795,-0.0016923776022249523
125624,94.0,-0.0030605196952819824,2,lag_07__CT3__duck_amount,CT3__duck_amount,False,2.5158700942993164,-0.0005844108527526259,-0.001470301787224293
125624,94.0,-0.0030605196952819824,3,lag_02__T4__is_walking,T4__is_walking,False,-2.307980537414551,-0.000464164768345654,0.001071283251495303
125624,94.0,-0.0030605196952819824,4,lag_04__CT3__is_walking,CT3__is_walking,False,2.387126922607422,0.0004291778604965657,0.0010245020253784043
125624,94.0,-0.0030605196952819824,5,lag_15__CT2__is_walking,CT2__is_walking,False,-2.360051155090332,-0.00043083936907351017,0.0010168029506403276
125624,94.0,-0.0030605196952819824,6,lag_04__CT3__duck_amount,CT3__duck_amount,False,-3.7208433151245117,0.0002510395715944469,-0.000934078911798919
125624,94.0,-0.0030605196952819824,7,lag_00__T4__duck_amount,T4__duck_amount,False,2.106947183609009,-0.00042046597809530795,-0.0008858996083513163
125624,94.0,-0.0030605196952819824,8,lag_10__T2__is_walking,T2__is_walking,False,-2.2968344688415527,-0.0003049870138056576,0.0007005046858578889
125624,94.0,-0.0030605196952819824,9,lag_13__T2__is_walking,T2__is_walking,False,-2.2968344688415527,0.00027503244928084314,-0.0006317040095581566
125624,94.0,-0.0030605196952819824,10,lag_09__T1__is_walking,T1__is_walking,False,2.281590461730957,-0.00027209060499444604,-0.0006207993290819336
125624,94.0,-0.0030605196952819824,11,lag_06__CT2__is_walking,CT2__is_walking,False,-2.360051155090332,0.00024117632710840553,-0.0005691884693726362
125624,94.0,-0.0030605196952819824,12,lag_02__CT2__is_walking,CT2__is_walking,False,-2.360051155090332,0.00024049539933912456,-0.0005675814450042116
125624,94.0,-0.0030605196952819824,13,lag_03__T2__is_walking,T2__is_walking,False,-2.2968344688415527,0.0002332256262889132,-0.0005356806574775344
125624,94.0,-0.0030605196952819824,14,lag_02__T1__is_walking,T1__is_walking,False,-2.281590461730957,0.00023264085757546127,-0.0005307911616530825
125624,94.0,-0.0030605196952819824,15,lag_05__T2__is_walking,T2__is_walking,False,2.2968344688415527,0.00020874658366665244,0.0004794563486184844
125624,94.0,-0.0030605196952819824,16,lag_13__CT2__is_walking,CT2__is_walking,False,2.360051155090332,0.00019857352890539914,0.0004686436862635507
125624,94.0,-0.0030605196952819824,17,lag_08__T_place_TOPOFMID,T_place_TOPOFMID,False,2.0359649658203125,0.00021948684297967702,0.0004468675227651264
125624,94.0,-0.0030605196952819824,18,lag_08__T_place_MIDDLE,T_place_MIDDLE,False,-1.6254756450653076,0.0002716683375183493,-0.0004415902661714585
125624,94.0,-0.0030605196952819824,19,lag_02__CT3__is_walking,CT3__is_walking,False,-2.387126922607422,-0.00017016154015436769,0.000406197193694835
125624,94.0,-0.0030605196952819824,20,lag_00__T_duck_amount_mean,T_duck_amount_mean,False,0.8284841179847717,-0.0004539376823231578,-0.0003760801603595529
125080,85.5,0.0030368566513061523,1,lag_10__T_place_SECONDMID,T_place_SECONDMID,False,3.2740612030029297,0.0006682166131213307,0.0021877820882225674
125080,85.5,0.0030368566513061523,2,lag_02__CT5__duck_amount,CT5__duck_amount,False,3.7749595642089844,0.0004325854533817619,0.0016329925945811619
125080,85.5,0.0030368566513061523,3,lag_12__CT2__is_walking,CT2__is_walking,False,2.360051155090332,-0.0005939917173236609,-0.0014018508385837958
125080,85.5,0.0030368566513061523,4,lag_14__T4__is_walking,T4__is_walking,False,2.307980537414551,0.0005385952536016703,0.0012430673628565092
125080,85.5,0.0030368566513061523,5,lag_02__T4__is_walking,T4__is_walking,False,2.307980537414551,-0.000464164768345654,-0.001071283251495303
125080,85.5,0.0030368566513061523,6,lag_10__T3__is_walking,T3__is_walking,False,2.3223767280578613,0.0004356538411229849,0.001011752342113037
125080,85.5,0.0030368566513061523,7,lag_11__CT2__is_walking,CT2__is_walking,False,-2.360051155090332,0.0003682550450321287,-0.0008691007443959176
125080,85.5,0.0030368566513061523,8,lag_15__T3__duck_amount,T3__duck_amount,False,2.3649792671203613,-0.00035632168874144554,-0.0008426934062988334
125080,85.5,0.0030368566513061523,9,lag_00__CT2__is_walking,CT2__is_walking,False,-2.360051155090332,-0.00033712375443428755,0.0007956293060610298
125080,85.5,0.0030368566513061523,10,lag_03__T1__is_walking,T1__is_walking,False,-2.281590461730957,0.00033243795041926205,-0.0007584872567939771
125080,85.5,0.0030368566513061523,11,lag_08__T1__is_walking,T1__is_walking,False,-2.281590461730957,-0.0003247926651965827,0.0007410438469526992
125080,85.5,0.0030368566513061523,12,lag_07__T1__is_walking,T1__is_walking,False,2.281590461730957,0.00030015932861715555,0.00068484066117247
125080,85.5,0.0030368566513061523,13,lag_05__CT2__is_walking,CT2__is_walking,False,2.360051155090332,-0.0002599559666123241,-0.0006135093792760393
125080,85.5,0.0030368566513061523,14,lag_12__T1__is_walking,T1__is_walking,False,2.281590461730957,0.000268021656665951,0.0006115156553863632
125080,85.5,0.0030368566513061523,15,lag_14__CT1__is_walking,CT1__is_walking,False,-2.3343825340270996,0.0002578163694124669,-0.0006018420297427413
125080,85.5,0.0030368566513061523,16,lag_06__CT2__is_walking,CT2__is_walking,False,-2.360051155090332,0.00024117632710840553,-0.0005691884693726362
125080,85.5,0.0030368566513061523,17,lag_02__CT2__is_walking,CT2__is_walking,False,-2.360051155090332,0.00024049539933912456,-0.0005675814450042116
125080,85.5,0.0030368566513061523,18,lag_02__T1__is_walking,T1__is_walking,False,2.281590461730957,0.00023264085757546127,0.0005307911616530825
125080,85.5,0.0030368566513061523,19,lag_14__CT3__is_walking,CT3__is_walking,False,-2.387126922607422,0.00020266728824935853,-0.00048379254011188255
125080,85.5,0.0030368566513061523,20,lag_11__T3__duck_amount,T3__duck_amount,False,-2.4053947925567627,0.00018992852710653096,-0.00045685309006002553
120984,21.5,-0.003008246421813965,1,lag_04__T_place_UPSTAIRS,T_place_UPSTAIRS,False,16.86671257019043,0.00015773186169099063,0.00266041797430297
120984,21.5,-0.003008246421813965,2,lag_05__CT3__duck_amount,CT3__duck_amount,False,3.7208433151245117,-0.0004106589185539633,-0.0015279974918977757
120984,21.5,-0.003008246421813965,3,lag_08__T4__duck_amount,T4__duck_amount,False,2.198122501373291,-0.0005750535638071597,-0.0012640381780994192
120984,21.5,-0.003008246421813965,4,lag_06__T_place_APARTMENTS,T_place_APARTMENTS,False,2.288959264755249,0.0004327136557549238,0.0009904639313263464
120984,21.5,-0.003008246421813965,5,lag_15__CT4__is_walking,CT4__is_walking,False,-2.384641170501709,0.0003982839407399297,-0.0009497642826380992
120984,21.5,-0.003008246421813965,6,lag_04__CT3__duck_amount,CT3__duck_amount,False,-3.7208433151245117,0.0002510395715944469,-0.000934078911798919
120984,21.5,-0.003008246421813965,7,lag_14__T_place_SECONDMID,T_place_SECONDMID,False,-3.2740612030029297,0.00027202742057852447,-0.0008906344238691077
120984,21.5,-0.003008246421813965,8,lag_14__T3__is_walking,T3__is_walking,False,2.3223767280578613,-0.00037350942147895694,-0.0008674295881530847
120984,21.5,-0.003008246421813965,9,lag_09__T_A_site_active_infernos,T_A_site_active_infernos,True,-2.9764554500579834,0.00026588261243887246,-0.0007913877508693365
120984,21.5,-0.003008246421813965,10,lag_06__T_place_BACKALLEY,T_place_BACKALLEY,False,-3.025209903717041,-0.0002554414386395365,0.0007727639699920547
120984,21.5,-0.003008246421813965,11,lag_09__T_place_LOWERMID,T_place_LOWERMID,False,3.3263463973999023,0.00021904030290897936,0.0007286039224666668
120984,21.5,-0.003008246421813965,12,lag_15__CT1__is_walking,CT1__is_walking,False,2.3343825340270996,-0.00031160173239186406,-0.0007273976416681538
120984,21.5,-0.003008246421813965,13,lag_14__T_place_APARTMENTS,T_place_APARTMENTS,False,2.288959503173828,0.0002994941605720669,0.000685530004986501
120984,21.5,-0.003008246421813965,14,lag_09__T4__duck_amount,T4__duck_amount,False,1.4995158910751343,0.00043730647303164005,0.0006557480055809639
120984,21.5,-0.003008246421813965,15,lag_09__T_active_infernos,T_active_infernos,True,-2.082643747329712,0.00030066556064412,-0.0006261792499128588
120984,21.5,-0.003008246421813965,16,lag_04__T_place_LOWERMID,T_place_LOWERMID,False,-3.3263463973999023,-0.00018010982603300363,0.0005991076709612048
120984,21.5,-0.003008246421813965,17,lag_09__T4__is_walking,T4__is_walking,False,-2.307980537414551,0.0002548225165810436,-0.0005881254087640453
120984,21.5,-0.003008246421813965,18,lag_12__T_place_BACKALLEY,T_place_BACKALLEY,False,3.025209903717041,-0.00019349594367668033,-0.0005853658451397681
120984,21.5,-0.003008246421813965,19,lag_04__CT_B_site_active_smokes,CT_B_site_active_smokes,True,1.6612231731414795,0.0003502868639770895,0.0005819046556857985
120984,21.5,-0.003008246421813965,20,lag_09__T_velocity_mean,T_velocity_mean,False,-1.2483932971954346,0.0004063413944095373,-0.0005072738731539128
120120,8.0,0.002990126609802246,1,lag_04__CT_place_LIBRARY,CT_place_LIBRARY,False,-6.411735534667969,-0.0005715794977732003,0.0036648165767600993
120120,8.0,0.002990126609802246,2,lag_03__T_place_LOWERMID,T_place_LOWERMID,False,-6.652692794799805,-0.00043349445331841707,0.0028839054261771135
120120,8.0,0.002990126609802246,3,lag_00__CT_place_RUINS,CT_place_RUINS,False,-3.493913412094116,0.000645243504550308,-0.002254424934614932
120120,8.0,0.002990126609802246,4,lag_07__CT3__duck_amount,CT3__duck_amount,False,-3.7208433151245117,-0.0005844108527526259,0.0021745012147508236
120120,8.0,0.002990126609802246,5,lag_07__T_place_LOWERMID,T_place_LOWERMID,False,6.652692794799805,-0.0003017595736309886,-0.002007513741256739
120120,8.0,0.002990126609802246,6,lag_06__T_place_LOWERMID,T_place_LOWERMID,False,6.6526923179626465,-0.0001867877144832164,-0.001242641193232294
120120,8.0,0.002990126609802246,7,lag_05__T_place_LOWERMID,T_place_LOWERMID,False,3.3263463973999023,-0.000357313227141276,-0.0011885475658447164
120120,8.0,0.002990126609802246,8,lag_07__CT_place_RUINS,CT_place_RUINS,False,3.493913412094116,0.0003142493078485131,0.0010979598714332128
120120,8.0,0.002990126609802246,9,lag_08__CT_place_LIBRARY,CT_place_LIBRARY,False,6.411735534667969,0.00015439282287843525,0.000989925948747361
120120,8.0,0.002990126609802246,10,lag_15__CT_velocity_mean,CT_velocity_mean,False,2.835827350616455,0.0003249151341151446,0.0009214032239529407
120120,8.0,0.002990126609802246,11,lag_03__CT_place_RUINS,CT_place_RUINS,False,3.493913412094116,-0.0002494043146725744,-0.0008713970800686491
120120,8.0,0.002990126609802246,12,lag_03__T_place_SECONDMID,T_place_SECONDMID,False,3.2740612030029297,0.0002490394690539688,0.0008153704636460479
120120,8.0,0.002990126609802246,13,lag_07__CT_place_LIBRARY,CT_place_LIBRARY,False,-6.411735534667969,0.00012422824511304498,-0.0007965186536007529
120120,8.0,0.002990126609802246,14,lag_01__T_place_LOWERMID,T_place_LOWERMID,False,-3.3263461589813232,0.00023485113342758268,-0.0007811961656092499
120120,8.0,0.002990126609802246,15,lag_15__T_velocity_mean,T_velocity_mean,False,3.396030902862549,-0.00021118151198606938,-0.0007171789408179294
120120,8.0,0.002990126609802246,16,lag_12__CT_place_LIBRARY,CT_place_LIBRARY,False,6.411735534667969,-7.828645902918652e-05,-0.0005019520712407632
120120,8.0,0.002990126609802246,17,lag_01__T_macro_MID,T_macro_MID,False,-1.0278687477111816,0.0004226144519634545,-0.0004343921875043233
120120,8.0,0.002990126609802246,18,lag_02__CT_place_RUINS,CT_place_RUINS,False,-3.493913412094116,-0.00010242218559142202,0.00035785424793386214
120120,8.0,0.002990126609802246,19,lag_00__CT_macro_OTHER,CT_macro_OTHER,False,-0.7308582663536072,0.00040417996933683753,-0.0002953982716843752
120120,8.0,0.002990126609802246,20,lag_03__T_unique_places,T_unique_places,False,1.7566759586334229,0.00016204528219532222,0.0002846610514424912
125720,95.5,0.0029141902923583984,1,lag_07__CT3__duck_amount,CT3__duck_amount,False,-3.7208433151245117,-0.0005844108527526259,0.0021745012147508236
125720,95.5,0.0029141902923583984,2,lag_12__CT2__is_walking,CT2__is_walking,False,2.360051155090332,-0.0005939917173236609,-0.0014018508385837958
125720,95.5,0.0029141902923583984,3,lag_02__T4__duck_amount,T4__duck_amount,False,1.590691089630127,0.0007360627641901374,0.0011708484804057728
125720,95.5,0.0029141902923583984,4,lag_02__CT1__duck_amount,CT1__duck_amount,False,-2.392807960510254,0.00045581706217490137,-0.0010906826949085013
125720,95.5,0.0029141902923583984,5,lag_00__damage_diff_last_5s,damage_diff_last_5s,False,0.7444729804992676,0.0012363108107820153,0.000920399994126353
125720,95.5,0.0029141902923583984,6,lag_04__CT3__duck_amount,CT3__duck_amount,False,3.6246578693389893,0.0002510395715944469,0.0009099325586953005
125720,95.5,0.0029141902923583984,7,lag_05__T3__is_walking,T3__is_walking,False,-2.3223767280578613,0.0003475644043646753,-0.000807175484197814
125720,95.5,0.0029141902923583984,8,lag_01__T4__duck_amount,T4__duck_amount,False,-3.6976382732391357,0.0002160709263989702,-0.0007989521271870685
125720,95.5,0.0029141902923583984,9,lag_03__T4__duck_amount,T4__duck_amount,False,2.106947183609009,-0.00032167002791538835,-0.0006777417593677587
125720,95.5,0.0029141902923583984,10,lag_00__T_duck_amount_mean,T_duck_amount_mean,False,1.4539684057235718,-0.0004539376823231578,-0.0006600110482652549
125720,95.5,0.0029141902923583984,11,lag_02__CT3__duck_amount,CT3__duck_amount,False,-3.7208433151245117,0.00017465600103605539,-0.0006498676139013865
125720,95.5,0.0029141902923583984,12,lag_13__T2__is_walking,T2__is_walking,False,-2.2968344688415527,0.00027503244928084314,-0.0006317040095581566
125720,95.5,0.0029141902923583984,13,lag_05__CT2__is_walking,CT2__is_walking,False,-2.360051155090332,-0.0002599559666123241,0.0006135093792760393
125720,95.5,0.0029141902923583984,14,lag_12__T1__is_walking,T1__is_walking,False,2.281590461730957,0.000268021656665951,0.0006115156553863632
125720,95.5,0.0029141902923583984,15,lag_06__CT2__is_walking,CT2__is_walking,False,2.360051155090332,0.00024117632710840553,0.0005691884693726362
125720,95.5,0.0029141902923583984,16,lag_01__T4__is_walking,T4__is_walking,False,2.307980537414551,-0.0002342455554753542,-0.0005406341830129779
125720,95.5,0.0029141902923583984,17,lag_03__T2__is_walking,T2__is_walking,False,2.2968344688415527,0.0002332256262889132,0.0005356806574775344
125720,95.5,0.0029141902923583984,18,lag_05__T4__is_walking,T4__is_walking,False,-2.307980537414551,-0.00022469049145001918,0.0005185812812087548
125720,95.5,0.0029141902923583984,19,lag_06__T4__is_walking,T4__is_walking,False,2.307980537414551,0.00021852977806702256,0.0005043624746242092
125720,95.5,0.0029141902923583984,20,lag_01__CT3__is_walking,CT3__is_walking,False,-2.387126922607422,-0.00020937243243679404,0.0004997985703216745
123448,60.0,-0.002914130687713623,1,lag_02__T4__duck_amount,T4__duck_amount,False,-3.6976382732391357,0.0007360627641901374,-0.0027216938483756448
123448,60.0,-0.002914130687713623,2,lag_00__CT_place_LIBRARY,CT_place_LIBRARY,False,6.411735534667969,-0.00038585709990002215,-0.0024740136787329003
123448,60.0,-0.002914130687713623,3,lag_02__T2__duck_amount,T2__duck_amount,False,-3.8233180046081543,-0.0004818271554540843,0.0018421784385567325
123448,60.0,-0.002914130687713623,4,lag_07__T2__duck_amount,T2__duck_amount,False,3.8233180046081543,0.0004784164484590292,0.0018291382210940954
123448,60.0,-0.002914130687713623,5,lag_02__CT1__duck_amount,CT1__duck_amount,False,3.8154516220092773,0.00045581706217490137,0.001739147949214731
123448,60.0,-0.002914130687713623,6,lag_09__T_place_SECONDMID,T_place_SECONDMID,False,3.274061679840088,0.000413242174545303,0.0013529803681725655
123448,60.0,-0.002914130687713623,7,lag_11__CT1__is_walking,CT1__is_walking,False,-2.3343825340270996,0.0004205553268548101,-0.0009817370096019268
123448,60.0,-0.002914130687713623,8,lag_01__CT5__duck_amount,CT5__duck_amount,False,3.7749595642089844,0.00025983434170484543,0.0009808641333286516
123448,60.0,-0.002914130687713623,9,lag_04__CT3__duck_amount,CT3__duck_amount,False,3.7208433151245117,0.0002510395715944469,0.000934078911798919
123448,60.0,-0.002914130687713623,10,lag_01__T2__is_walking,T2__is_walking,False,2.2968344688415527,0.00039995761471800506,0.0009186364355599635
123448,60.0,-0.002914130687713623,11,lag_04__T3__is_walking,T3__is_walking,False,-2.3223767280578613,0.00036516980617307127,-0.0008480618596457407
123448,60.0,-0.002914130687713623,12,lag_03__T3__duck_amount,T3__duck_amount,False,-2.378060817718506,0.0003396302054170519,-0.0008076612840159786
123448,60.0,-0.002914130687713623,13,lag_00__CT2__is_walking,CT2__is_walking,False,2.360051155090332,-0.00033712375443428755,-0.0007956293060610298
123448,60.0,-0.002914130687713623,14,lag_04__T_duck_amount_mean,T_duck_amount_mean,False,1.2445776462554932,-0.0005479127285070717,-0.0006819199339987564
123448,60.0,-0.002914130687713623,15,lag_04__CT_velocity_mean,CT_velocity_mean,False,2.379187822341919,-0.0002810515579767525,-0.0006686744441885134
123448,60.0,-0.002914130687713623,16,lag_09__T1__is_walking,T1__is_walking,False,2.281590461730957,-0.00027209060499444604,-0.0006207993290819336
123448,60.0,-0.002914130687713623,17,lag_07__CT3__flash,CT3__flash,True,1.845685601234436,0.00033080228604376316,0.0006105570162064089
123448,60.0,-0.002914130687713623,18,lag_04__T3__duck_amount,T3__duck_amount,False,3.227454900741577,-0.00018243497470393777,-0.0005888006531748896
123448,60.0,-0.002914130687713623,19,lag_14__CT_place_PIT,CT_place_PIT,False,4.305429458618164,-0.00012875233369413763,-0.0005543340903525762
123448,60.0,-0.002914130687713623,20,lag_01__T4__is_walking,T4__is_walking,False,2.307980537414551,-0.0002342455554753542,-0.0005406341830129779
126104,101.5,0.002904951572418213,1,lag_07__T_place_QUAD,T_place_QUAD,False,24.086301803588867,0.00041149332537315786,0.009911352425100273
126104,101.5,0.002904951572418213,2,lag_00__CT5__is_scoped,CT5__is_scoped,False,-3.5760385990142822,0.0005902426782995462,-0.002110730600384747
126104,101.5,0.002904951572418213,3,lag_09__T3__duck_amount,T3__duck_amount,False,-3.7704498767852783,-0.0004805804055649787,0.001812004330947893
126104,101.5,0.002904951572418213,4,lag_14__CT_place_RUINS,CT_place_RUINS,False,-3.493913412094116,-0.0004953124444000423,0.001730578792666429
126104,101.5,0.002904951572418213,5,lag_00__T3__duck_amount,T3__duck_amount,False,-3.7704498767852783,0.00042161077726632357,-0.0015896623031951551
126104,101.5,0.002904951572418213,6,lag_09__T_shots_fired_sum,T_shots_fired_sum,False,5.248159408569336,0.00022793433163315058,0.0011962357070964824
126104,101.5,0.002904951572418213,7,lag_02__CT_flashed_players,CT_flashed_players,False,2.1899399757385254,0.0005107324104756117,0.0011184733226058396
126104,101.5,0.002904951572418213,8,lag_09__CT5__is_scoped,CT5__is_scoped,False,-3.5760385990142822,-0.0002986537292599678,0.001067997263573206
126104,101.5,0.002904951572418213,9,lag_02__CT1__duck_amount,CT1__duck_amount,False,2.069709300994873,0.00045581706217490137,0.0009434088131355517
126104,101.5,0.002904951572418213,10,lag_07__CT2__is_walking,CT2__is_walking,False,-2.360051155090332,0.00038290611701086164,-0.0009036780237426378
126104,101.5,0.002904951572418213,11,lag_03__T_place_QUAD,T_place_QUAD,False,-24.086301803588867,3.737743099918589e-05,-0.0009002840836892095
126104,101.5,0.002904951572418213,12,lag_07__T_shots_fired_sum,T_shots_fired_sum,False,-6.747633457183838,0.00013292270887177438,-0.0008969137176026917
126104,101.5,0.002904951572418213,13,lag_06__T_macro_A,T_macro_A,False,1.6668975353240967,-0.0005026106955483556,-0.0008378005296370838
126104,101.5,0.002904951572418213,14,lag_06__T_place_BOMBSITEA,T_place_BOMBSITEA,False,1.6668975353240967,-0.0005026106955483556,-0.0008378005296370838
126104,101.5,0.002904951572418213,15,lag_05__CT5__is_scoped,CT5__is_scoped,False,-3.5760385990142822,0.0002259655448142439,-0.0008080615103030278
126104,101.5,0.002904951572418213,16,lag_10__T3__duck_amount,T3__duck_amount,False,3.7704498767852783,-0.00020265740749891847,-0.0007641095971339211
126104,101.5,0.002904951572418213,17,lag_00__CT_scoped_count,CT_scoped_count,False,-2.141930103302002,0.00035353712155483663,-0.0007572518032930436
126104,101.5,0.002904951572418213,18,lag_07__T2__duck_amount,T2__duck_amount,False,1.5465173721313477,0.0004784164484590292,0.0007398793486552702
126104,101.5,0.002904951572418213,19,lag_10__T2__is_walking,T2__is_walking,False,-2.2968344688415527,-0.0003049870138056576,0.0007005046858578889
126104,101.5,0.002904951572418213,20,lag_07__T1__is_walking,T1__is_walking,False,-2.281590461730957,0.00030015932861715555,-0.00068484066117247
123064,54.0,0.00286102294921875,1,lag_14__CT_place_RUINS,CT_place_RUINS,False,-3.493913412094116,-0.0004953124444000423,0.001730578792666429
123064,54.0,0.00286102294921875,2,lag_12__CT_place_RUINS,CT_place_RUINS,False,3.493913412094116,-0.00048437880468554795,-0.0016923776022249523
123064,54.0,0.00286102294921875,3,lag_14__T3__flash_duration,T3__flash_duration,True,-6.350583076477051,0.00023137374955695122,-0.001469358218277414
123064,54.0,0.00286102294921875,4,lag_05__T_place_BALCONY,T_place_BALCONY,False,13.751577377319336,-0.00010424953507026657,-0.0014335955480683366
123064,54.0,0.00286102294921875,5,lag_03__T_place_BALCONY,T_place_BALCONY,False,-13.751577377319336,-0.0001041392024490051,0.0014320783004898169
123064,54.0,0.00286102294921875,6,lag_03__T4__duck_amount,T4__duck_amount,False,-3.6976382732391357,-0.00032167002791538835,0.0011894194065738412
123064,54.0,0.00286102294921875,7,lag_15__T_flash_duration_sum,T_flash_duration_sum,True,-2.899358034133911,-0.00040812636143527925,0.0011833044449692173
123064,54.0,0.00286102294921875,8,lag_15__T_flashed_players,T_flashed_players,False,-1.9296237230300903,-0.0005744826630689204,0.0011085353751272911
123064,54.0,0.00286102294921875,9,lag_07__CT_place_RUINS,CT_place_RUINS,False,-3.493913412094116,0.0003142493078485131,-0.0010979598714332128
123064,54.0,0.00286102294921875,10,lag_15__CT_shots_fired_sum,CT_shots_fired_sum,False,-1.3894821405410767,-0.0007539220969192684,0.001047561289028602
123064,54.0,0.00286102294921875,11,lag_15__CT1__duck_amount,CT1__duck_amount,False,-2.863501787185669,-0.0002918790269177407,0.0008357961152209645
123064,54.0,0.00286102294921875,12,lag_03__T_place_SECONDMID,T_place_SECONDMID,False,3.2740612030029297,0.0002490394690539688,0.0008153704636460479
123064,54.0,0.00286102294921875,13,lag_05__T3__is_walking,T3__is_walking,False,2.3223767280578613,0.0003475644043646753,0.000807175484197814
123064,54.0,0.00286102294921875,14,lag_01__T4__duck_amount,T4__duck_amount,False,3.6976382732391357,0.0002160709263989702,0.0007989521271870685
123064,54.0,0.00286102294921875,15,lag_04__T_duck_amount_mean,T_duck_amount_mean,False,-1.4539681673049927,-0.0005479127285070717,0.0007966476657105051
123064,54.0,0.00286102294921875,16,lag_09__T_A_site_active_infernos,T_A_site_active_infernos,True,-2.9764554500579834,0.00026588261243887246,-0.0007913877508693365
123064,54.0,0.00286102294921875,17,lag_02__CT_place_PIT,CT_place_PIT,False,4.305429458618164,-0.0001728679344523698,-0.0007442706974417068
123064,54.0,0.00286102294921875,18,lag_12__T3__is_walking,T3__is_walking,False,-2.3223767280578613,0.00029835361056029797,-0.0006928894818972742
123064,54.0,0.00286102294921875,19,lag_09__T_active_infernos,T_active_infernos,True,-2.082643508911133,0.00030066556064412,-0.000626179178228603
123064,54.0,0.00286102294921875,20,lag_15__T_place_PIT,T_place_PIT,False,-6.3102264404296875,-9.705979027785361e-05,0.0006124692549138722
125816,97.0,-0.0028569698333740234,1,lag_07__CT3__duck_amount,CT3__duck_amount,False,3.6246578693389893,-0.0005844108527526259,-0.002118289396356915
125816,97.0,-0.0028569698333740234,2,lag_00__CT5__is_scoped,CT5__is_scoped,False,-3.5760385990142822,0.0005902426782995462,-0.002110730600384747
125816,97.0,-0.0028569698333740234,3,lag_00__T3__duck_amount,T3__duck_amount,False,-3.7704498767852783,0.00042161077726632357,-0.0015896623031951551
125816,97.0,-0.0028569698333740234,4,lag_05__CT3__duck_amount,CT3__duck_amount,False,-3.7208433151245117,-0.0004106589185539633,0.0015279974918977757
125816,97.0,-0.0028569698333740234,5,lag_12__CT2__is_walking,CT2__is_walking,False,-2.360051155090332,-0.0005939917173236609,0.0014018508385837958
125816,97.0,-0.0028569698333740234,6,lag_00__damage_diff_last_5s,damage_diff_last_5s,False,-1.1054296493530273,0.0012363108107820153,-0.0013666546260541201
125816,97.0,-0.0028569698333740234,7,lag_08__T4__is_walking,T4__is_walking,False,-2.307980537414551,0.0005761355278082192,-0.0013297095850944296
125816,97.0,-0.0028569698333740234,8,lag_13__CT3__duck_amount,CT3__duck_amount,False,2.5158700942993164,0.0004851756093557924,0.0012206388060616857
125816,97.0,-0.0028569698333740234,9,lag_05__CT1__duck_amount,CT1__duck_amount,False,-2.392807960510254,0.00046185965766198933,-0.0011051414654921488
125816,97.0,-0.0028569698333740234,10,lag_04__CT3__is_walking,CT3__is_walking,False,-2.387126922607422,0.0004291778604965657,-0.0010245020253784043
125816,97.0,-0.0028569698333740234,11,lag_15__CT2__is_walking,CT2__is_walking,False,2.360051155090332,-0.00043083936907351017,-0.0010168029506403276
125816,97.0,-0.0028569698333740234,12,lag_11__T2__is_walking,T2__is_walking,False,2.2968344688415527,0.0004402948834467679,0.0010112844647551106
125816,97.0,-0.0028569698333740234,13,lag_04__CT1__duck_amount,CT1__duck_amount,False,-1.4226436614990234,-0.0007108165300451219,0.0010112386309574228
125816,97.0,-0.0028569698333740234,14,lag_03__T1__duck_amount,T1__duck_amount,False,3.915480136871338,-0.0002520966518204659,-0.000987079432774804
125816,97.0,-0.0028569698333740234,15,lag_01__T2__is_walking,T2__is_walking,False,-2.2968344688415527,0.00039995761471800506,-0.0009186364355599635
125816,97.0,-0.0028569698333740234,16,lag_07__CT2__is_walking,CT2__is_walking,False,2.360051155090332,0.00038290611701086164,0.0009036780237426378
125816,97.0,-0.0028569698333740234,17,lag_06__T4__duck_amount,T4__duck_amount,False,2.106947183609009,0.0004179595853202045,0.0008806187711527941
125816,97.0,-0.0028569698333740234,18,lag_04__T_duck_amount_mean,T_duck_amount_mean,False,-1.4539684057235718,-0.0005479127285070717,0.0007966477963430793
125816,97.0,-0.0028569698333740234,19,lag_00__CT_scoped_count,CT_scoped_count,False,-2.141930103302002,0.00035353712155483663,-0.0007572518032930436
125816,97.0,-0.0028569698333740234,20,lag_08__T1__is_walking,T1__is_walking,False,-2.281590461730957,-0.0003247926651965827,0.0007410438469526992
124728,80.0,0.002820134162902832,1,lag_07__T2__duck_amount,T2__duck_amount,False,3.8233180046081543,0.0004784164484590292,0.0018291382210940954
124728,80.0,0.002820134162902832,2,lag_09__T4__duck_amount,T4__duck_amount,False,3.6976382732391357,0.00043730647303164005,0.0016170011518170102
124728,80.0,0.002820134162902832,3,lag_13__T3__duck_amount,T3__duck_amount,False,1.8265323638916016,0.000605045526754111,0.0011051352362442257
124728,80.0,0.002820134162902832,4,lag_00__T3__duck_amount,T3__duck_amount,False,-2.4053947925567627,0.00042161077726632357,-0.0010141403681222239
124728,80.0,0.002820134162902832,5,lag_11__T2__is_walking,T2__is_walking,False,2.2968344688415527,0.0004402948834467679,0.0010112844647551106
124728,80.0,0.002820134162902832,6,lag_09__T3__is_walking,T3__is_walking,False,-2.3223767280578613,0.00036043141153641045,-0.0008370575222132054
124728,80.0,0.002820134162902832,7,lag_05__T3__is_walking,T3__is_walking,False,-2.3223767280578613,0.0003475644043646753,-0.000807175484197814
124728,80.0,0.002820134162902832,8,lag_00__CT2__is_walking,CT2__is_walking,False,-2.360051155090332,-0.00033712375443428755,0.0007956293060610298
124728,80.0,0.002820134162902832,9,lag_03__T1__is_walking,T1__is_walking,False,-2.281590461730957,0.00033243795041926205,-0.0007584872567939771
124728,80.0,0.002820134162902832,10,lag_08__T1__is_walking,T1__is_walking,False,2.281590461730957,-0.0003247926651965827,-0.0007410438469526992
124728,80.0,0.002820134162902832,11,lag_10__T2__is_walking,T2__is_walking,False,-2.2968344688415527,-0.0003049870138056576,0.0007005046858578889
124728,80.0,0.002820134162902832,12,lag_07__T1__is_walking,T1__is_walking,False,-2.281590461730957,0.00030015932861715555,-0.00068484066117247
124728,80.0,0.002820134162902832,13,lag_03__CT1__duck_amount,CT1__duck_amount,False,3.8154516220092773,0.00017349857080262154,0.0006619754033851538
124728,80.0,0.002820134162902832,14,lag_13__T2__is_walking,T2__is_walking,False,2.2968344688415527,0.00027503244928084314,0.0006317040095581566
124728,80.0,0.002820134162902832,15,lag_09__T1__is_walking,T1__is_walking,False,-2.281590461730957,-0.00027209060499444604,0.0006207993290819336
124728,80.0,0.002820134162902832,16,lag_14__CT1__is_walking,CT1__is_walking,False,2.3343825340270996,0.0002578163694124669,0.0006018420297427413
124728,80.0,0.002820134162902832,17,lag_11__T3__duck_amount,T3__duck_amount,False,-3.122612237930298,0.00018992852710653096,-0.0005930731430749299
124728,80.0,0.002820134162902832,18,lag_01__T4__is_walking,T4__is_walking,False,-2.307980537414551,-0.0002342455554753542,0.0005406341830129779
124728,80.0,0.002820134162902832,19,lag_03__CT_duck_amount_mean,CT_duck_amount_mean,False,1.505911111831665,-0.00033361322130076587,-0.0005023918570107797
124728,80.0,0.002820134162902832,20,lag_06__T1__is_walking,T1__is_walking,False,2.281590461730957,-0.0002062799467239529,-0.0004706463588917409
124184,71.5,-0.002711355686187744,1,lag_01__T_place_SECONDMID,T_place_SECONDMID,False,-3.2740612030029297,0.000686042825691402,-0.0022461461991947207
124184,71.5,-0.002711355686187744,2,lag_08__T4__duck_amount,T4__duck_amount,False,-3.6976382732391357,-0.0005750535638071597,0.002126340066695917
124184,71.5,-0.002711355686187744,3,lag_14__T3__duck_amount,T3__duck_amount,False,-3.7704498767852783,0.0005507018067874014,-0.002076393559546988
124184,71.5,-0.002711355686187744,4,lag_03__CT_place_RUINS,CT_place_RUINS,False,-6.987826824188232,-0.0002494043146725744,0.0017427941601372982
124184,71.5,-0.002711355686187744,5,lag_12__CT2__is_walking,CT2__is_walking,False,2.360051155090332,-0.0005939917173236609,-0.0014018508385837958
124184,71.5,-0.002711355686187744,6,lag_02__CT1__duck_amount,CT1__duck_amount,False,2.9699862003326416,0.00045581706217490137,0.0013537703845356228
124184,71.5,-0.002711355686187744,7,lag_08__T4__is_walking,T4__is_walking,False,2.307980537414551,0.0005761355278082192,0.0013297095850944296
124184,71.5,-0.002711355686187744,8,lag_09__CT_place_LIBRARY,CT_place_LIBRARY,False,-6.411735534667969,-0.00018677295884117484,0.0011975388171170387
124184,71.5,-0.002711355686187744,9,lag_06__T_flashes_last_5s,T_flashes_last_5s,True,-9.0607271194458,-0.00013037463941145688,0.0011812890310033547
124184,71.5,-0.002711355686187744,10,lag_02__T4__is_walking,T4__is_walking,False,-2.307980537414551,-0.000464164768345654,0.001071283251495303
124184,71.5,-0.002711355686187744,11,lag_04__CT1__duck_amount,CT1__duck_amount,False,1.4697526693344116,-0.0007108165300451219,-0.001044724492440842
124184,71.5,-0.002711355686187744,12,lag_04__CT3__is_walking,CT3__is_walking,False,2.387126922607422,0.0004291778604965657,0.0010245020253784043
124184,71.5,-0.002711355686187744,13,lag_11__CT1__is_walking,CT1__is_walking,False,2.3343825340270996,0.0004205553268548101,0.0009817370096019268
124184,71.5,-0.002711355686187744,14,lag_01__T2__is_walking,T2__is_walking,False,2.2968344688415527,0.00039995761471800506,0.0009186364355599635
124184,71.5,-0.002711355686187744,15,lag_11__CT2__is_walking,CT2__is_walking,False,-2.360051155090332,0.0003682550450321287,-0.0008691007443959176
124184,71.5,-0.002711355686187744,16,lag_14__T3__is_walking,T3__is_walking,False,2.3223767280578613,-0.00037350942147895694,-0.0008674295881530847
124184,71.5,-0.002711355686187744,17,lag_05__CT5__is_scoped,CT5__is_scoped,False,-3.5760385990142822,0.0002259655448142439,-0.0008080615103030278
124184,71.5,-0.002711355686187744,18,lag_05__CT1__duck_amount,CT1__duck_amount,False,1.7344276905059814,0.00046185965766198933,0.0008010621793765674
124184,71.5,-0.002711355686187744,19,lag_00__CT2__is_walking,CT2__is_walking,False,2.360051155090332,-0.00033712375443428755,-0.0007956293060610298
124184,71.5,-0.002711355686187744,20,lag_03__T1__is_walking,T1__is_walking,False,-2.281590461730957,0.00033243795041926205,-0.0007584872567939771
123000,53.0,0.002667725086212158,1,lag_01__T_place_BALCONY,T_place_BALCONY,False,-13.751577377319336,-0.0011894683120772243,0.016357065531399373
123000,53.0,0.002667725086212158,2,lag_00__CT_place_PIT,CT_place_PIT,False,4.305429458618164,0.0010505440877750516,0.004523043463083853
123000,53.0,0.002667725086212158,3,lag_12__T3__flash_duration,T3__flash_duration,True,-6.350583076477051,0.0006094399141147733,-0.0038702988047069065
123000,53.0,0.002667725086212158,4,lag_12__utility_damage_diff_last_5s,utility_damage_diff_last_5s,True,4.243395805358887,-0.0005814807955175638,-0.002467453168595979
123000,53.0,0.002667725086212158,5,lag_01__T_place_SECONDMID,T_place_SECONDMID,False,3.2740612030029297,0.000686042825691402,0.0022461461991947207
123000,53.0,0.002667725086212158,6,lag_09__T_utility_damage_last_5s,T_utility_damage_last_5s,True,-1.570487380027771,0.0011333293514326215,-0.0017798794438399906
123000,53.0,0.002667725086212158,7,lag_12__T4__duck_amount,T4__duck_amount,False,-3.6976382732391357,0.0004697070689871907,-0.0017368068354980115
123000,53.0,0.002667725086212158,8,lag_12__CT_place_RUINS,CT_place_RUINS,False,-3.493913412094116,-0.00048437880468554795,0.0016923776022249523
123000,53.0,0.002667725086212158,9,lag_03__T_place_BALCONY,T_place_BALCONY,False,13.751577377319336,-0.0001041392024490051,-0.0014320783004898169
123000,53.0,0.002667725086212158,10,lag_03__T4__duck_amount,T4__duck_amount,False,3.6976382732391357,-0.00032167002791538835,-0.0011894194065738412
123000,53.0,0.002667725086212158,11,lag_10__T3__is_walking,T3__is_walking,False,-2.3223767280578613,0.0004356538411229849,-0.001011752342113037
123000,53.0,0.002667725086212158,12,lag_12__T_utility_damage_last_5s,T_utility_damage_last_5s,True,-6.710264205932617,0.00014881989045534283,-0.0009986207840533001
123000,53.0,0.002667725086212158,13,lag_03__T1__duck_amount,T1__duck_amount,False,3.915480136871338,-0.0002520966518204659,-0.000987079432774804
123000,53.0,0.002667725086212158,14,lag_09__utility_damage_diff_last_5s,utility_damage_diff_last_5s,True,0.9931350946426392,-0.0009674347820691764,-0.0009607934338508525
123000,53.0,0.002667725086212158,15,lag_03__T3__is_walking,T3__is_walking,False,2.3223767280578613,-0.0004129338776692748,-0.0009589880277258156
123000,53.0,0.002667725086212158,16,lag_04__T3__is_walking,T3__is_walking,False,-2.3223767280578613,0.00036516980617307127,-0.0008480618596457407
123000,53.0,0.002667725086212158,17,lag_09__T3__is_walking,T3__is_walking,False,2.3223767280578613,0.00036043141153641045,0.0008370575222132054
123000,53.0,0.002667725086212158,18,lag_06__kill_diff_last_3s,kill_diff_last_3s,False,-2.4069459438323975,-0.0003384974552318454,0.0008147450768678788
123000,53.0,0.002667725086212158,19,lag_01__T4__duck_amount,T4__duck_amount,False,-3.6976382732391357,0.0002160709263989702,-0.0007989521271870685
123000,53.0,0.002667725086212158,20,lag_00__CT2__is_walking,CT2__is_walking,False,2.360051155090332,-0.00033712375443428755,-0.0007956293060610298
122936,52.0,-0.0026667118072509766,1,lag_01__T_place_BALCONY,T_place_BALCONY,False,13.751577377319336,-0.0011894683120772243,-0.016357065531399373
122936,52.0,-0.0026667118072509766,2,lag_11__T5__flash_duration,T5__flash_duration,True,-7.137953758239746,0.0009890110231935978,-0.007059514949945278
122936,52.0,-0.0026667118072509766,3,lag_14__CT5__is_scoped,CT5__is_scoped,False,-3.5760385990142822,-0.0008743734215386212,0.0031267931053742953
122936,52.0,-0.0026667118072509766,4,lag_11__T_place_PIT,T_place_PIT,False,-6.3102264404296875,0.000411047920351848,-0.0025938054552878675
122936,52.0,-0.0026667118072509766,5,lag_11__kill_diff_last_3s,kill_diff_last_3s,False,4.813891887664795,0.0004664371663238853,0.0022453780910719062
122936,52.0,-0.0026667118072509766,6,lag_10__T_flashed_players,T_flashed_players,False,-1.9296237230300903,-0.0011602562153711915,0.002238857917973361
122936,52.0,-0.0026667118072509766,7,lag_10__T_utility_damage_last_5s,T_utility_damage_last_5s,True,-6.710264205932617,0.00032157625537365675,-0.0021578616359116953
122936,52.0,-0.0026667118072509766,8,lag_12__T4__duck_amount,T4__duck_amount,False,3.6976382732391357,0.0004697070689871907,0.0017368068354980115
122936,52.0,-0.0026667118072509766,9,lag_15__T3__is_walking,T3__is_walking,False,2.3223767280578613,0.0007450400153174996,0.0017302635930452337
122936,52.0,-0.0026667118072509766,10,lag_10__T3__flash_duration,T3__flash_duration,True,-6.350583076477051,-0.00026964303106069565,0.0017123904697440295
122936,52.0,-0.0026667118072509766,11,lag_10__T_flash_duration_sum,T_flash_duration_sum,True,-2.646233320236206,-0.0005733251455239952,0.0015171521034148677
122936,52.0,-0.0026667118072509766,12,lag_11__T_flash_duration_sum,T_flash_duration_sum,True,-2.899358034133911,0.00046607301919721067,-0.0013513125527024814
122936,52.0,-0.0026667118072509766,13,lag_10__utility_damage_diff_last_5s,utility_damage_diff_last_5s,True,4.243395805358887,-0.00030217610765248537,-0.0012822528276922318
122936,52.0,-0.0026667118072509766,14,lag_11__CT1__duck_amount,CT1__duck_amount,False,-2.863501787185669,0.00044415416778065264,-0.0012718362532258623
122936,52.0,-0.0026667118072509766,15,lag_10__T4__duck_amount,T4__duck_amount,False,-3.6976382732391357,0.00031839829171076417,-0.0011773217095636807
122936,52.0,-0.0026667118072509766,16,lag_15__CT1__duck_amount,CT1__duck_amount,False,-3.8154516220092773,-0.0002918790269177407,0.0011136503066837833
122936,52.0,-0.0026667118072509766,17,lag_14__CT_scoped_count,CT_scoped_count,False,-2.141930103302002,-0.0005059474497102201,0.0010837040732231962
122936,52.0,-0.0026667118072509766,18,lag_02__T4__is_walking,T4__is_walking,False,-2.307980537414551,-0.000464164768345654,0.001071283251495303
122936,52.0,-0.0026667118072509766,19,lag_11__CT_kills_last_3s,CT_kills_last_3s,False,2.8871407508850098,0.00034041417529806495,0.0009828236376819566
122936,52.0,-0.0026667118072509766,20,lag_10__CT_shots_fired_sum,CT_shots_fired_sum,False,-1.389482021331787,-0.0006777507369406521,0.0009417224639234056
120408,12.5,0.00265580415725708,1,lag_07__T4__flash_duration,T4__flash_duration,True,6.504885196685791,0.0002762229123618454,0.0017967983336080046
120408,12.5,0.00265580415725708,2,lag_07__T_flashed_players,T_flashed_players,False,3.8592474460601807,0.00044088633148930967,0.0017014894488029605
120408,12.5,0.00265580415725708,3,lag_12__CT_place_RUINS,CT_place_RUINS,False,3.493913412094116,-0.00048437880468554795,-0.0016923776022249523
120408,12.5,0.00265580415725708,4,lag_12__T_place_SECONDMID,T_place_SECONDMID,False,3.2740612030029297,0.0004920939682051539,0.0016111457695322517
120408,12.5,0.00265580415725708,5,lag_10__T_place_LOWERMID,T_place_LOWERMID,False,-3.3263461589813232,0.00047533458564430475,-0.001581127373188912
120408,12.5,0.00265580415725708,6,lag_04__CT_place_BALCONY,CT_place_BALCONY,False,6.417822360992432,0.00020738481543958187,0.001330958905858437
120408,12.5,0.00265580415725708,7,lag_03__T4__duck_amount,T4__duck_amount,False,-3.6976382732391357,-0.00032167002791538835,0.0011894194065738412
120408,12.5,0.00265580415725708,8,lag_11__T_place_SECONDMID,T_place_SECONDMID,False,3.274061679840088,0.0003458225983195007,0.0011322445171806084
120408,12.5,0.00265580415725708,9,lag_05__CT5__duck_amount,CT5__duck_amount,False,-3.7749595642089844,0.0002987968036904931,-0.0011279458518465013
120408,12.5,0.00265580415725708,10,lag_06__T_place_SECONDMID,T_place_SECONDMID,False,3.274061679840088,0.0003358133544679731,0.001099473635442147
120408,12.5,0.00265580415725708,11,lag_03__T_place_SECONDMID,T_place_SECONDMID,False,-3.274061679840088,0.0002490394690539688,-0.0008153705823973206
120408,12.5,0.00265580415725708,12,lag_00__CT2__is_walking,CT2__is_walking,False,-2.360051155090332,-0.00033712375443428755,0.0007956293060610298
120408,12.5,0.00265580415725708,13,lag_12__T_place_LOWERMID,T_place_LOWERMID,False,-6.652692794799805,-0.0001071493243216537,0.000712831537882333
120408,12.5,0.00265580415725708,14,lag_01__CT_place_BALCONY,CT_place_BALCONY,False,-6.417822360992432,-0.00010206730075879022,0.0006550498051359037
120408,12.5,0.00265580415725708,15,lag_04__T_duck_amount_mean,T_duck_amount_mean,False,1.1631747484207153,-0.0005479127285070717,-0.0006373182501377209
120408,12.5,0.00265580415725708,16,lag_06__T_place_LOWERMID,T_place_LOWERMID,False,-3.3263463973999023,-0.0001867877144832164,0.0006213206411498085
120408,12.5,0.00265580415725708,17,lag_09__CT_place_RUINS,CT_place_RUINS,False,-3.493913412094116,0.0001700500288279727,-0.000594140076449045
120408,12.5,0.00265580415725708,18,lag_02__CT2__is_walking,CT2__is_walking,False,2.360051155090332,0.00024049539933912456,0.0005675814450042116
120408,12.5,0.00265580415725708,19,lag_09__CT_place_ARCH,CT_place_ARCH,False,4.080447673797607,-0.00013563368702307343,-0.0005534461627018927
120408,12.5,0.00265580415725708,20,lag_05__T_active_infernos,T_active_infernos,True,2.082643508911133,-0.00026470990269444883,-0.0005512963605910914
123256,57.0,0.0026369690895080566,1,lag_11__T_place_BALCONY,T_place_BALCONY,False,13.751577377319336,-0.00026792773860506713,-0.0036844290289577697
123256,57.0,0.0026369690895080566,2,lag_00__CT5__is_scoped,CT5__is_scoped,False,3.5760385990142822,0.0005902426782995462,0.002110730600384747
123256,57.0,0.0026369690895080566,3,lag_09__T4__duck_amount,T4__duck_amount,False,-3.6976382732391357,0.00043730647303164005,-0.0016170011518170102
123256,57.0,0.0026369690895080566,4,lag_09__T_place_SECONDMID,T_place_SECONDMID,False,3.2740612030029297,0.000413242174545303,0.0013529801711233413
123256,57.0,0.0026369690895080566,5,lag_07__T4__duck_amount,T4__duck_amount,False,3.6976382732391357,0.0003377425018697977,0.0012488496014133044
123256,57.0,0.0026369690895080566,6,lag_09__T_place_BALCONY,T_place_BALCONY,False,-13.751577377319336,8.928103488869965e-05,-0.0012277550595991005
123256,57.0,0.0026369690895080566,7,lag_11__T4__duck_amount,T4__duck_amount,False,3.6976382732391357,0.0003145233786199242,0.0011629936826135154
123256,57.0,0.0026369690895080566,8,lag_01__T2__duck_amount,T2__duck_amount,False,3.8233180046081543,-0.0002749538398347795,-0.0010512359662764592
123256,57.0,0.0026369690895080566,9,lag_03__T_place_SECONDMID,T_place_SECONDMID,False,3.274061679840088,0.0002490394690539688,0.0008153705823973206
123256,57.0,0.0026369690895080566,10,lag_12__T_walking_count,T_walking_count,False,-2.3912696838378906,0.00032866629771888256,-0.0007859297538344023
123256,57.0,0.0026369690895080566,11,lag_03__T1__is_walking,T1__is_walking,False,2.281590461730957,0.00033243795041926205,0.0007584872567939771
123256,57.0,0.0026369690895080566,12,lag_00__CT_scoped_count,CT_scoped_count,False,2.141930103302002,0.00035353712155483663,0.0007572518032930436
123256,57.0,0.0026369690895080566,13,lag_08__T1__is_walking,T1__is_walking,False,2.281590461730957,-0.0003247926651965827,-0.0007410438469526992
123256,57.0,0.0026369690895080566,14,lag_10__T1__duck_amount,T1__duck_amount,False,-3.915480136871338,0.00018911594816017896,-0.0007404797385867704
123256,57.0,0.0026369690895080566,15,lag_15__CT1__is_walking,CT1__is_walking,False,2.3343825340270996,-0.00031160173239186406,-0.0007273976416681538
123256,57.0,0.0026369690895080566,16,lag_12__T3__is_walking,T3__is_walking,False,-2.3223767280578613,0.00029835361056029797,-0.0006928894818972742
123256,57.0,0.0026369690895080566,17,lag_11__T_duck_amount_mean,T_duck_amount_mean,False,2.9079365730285645,0.00021986532374285161,0.0006393544160526038
123256,57.0,0.0026369690895080566,18,lag_13__T2__is_walking,T2__is_walking,False,2.2968344688415527,0.00027503244928084314,0.0006317040095581566
123256,57.0,0.0026369690895080566,19,lag_12__T1__is_walking,T1__is_walking,False,-2.281590461730957,0.000268021656665951,-0.0006115156553863632
123256,57.0,0.0026369690895080566,20,lag_13__CT_walking_count,CT_walking_count,False,1.7948952913284302,0.00032104263664223254,0.0005762379168248073
124568,77.5,-0.002598404884338379,1,lag_13__T_place_SECONDMID,T_place_SECONDMID,False,-3.2740612030029297,-0.0007598143420182168,0.0024876786586870425
124568,77.5,-0.002598404884338379,2,lag_06__T3__duck_amount,T3__duck_amount,False,-3.122612237930298,-0.0007399225141853094,0.0023104910979152016
124568,77.5,-0.002598404884338379,3,lag_02__T2__duck_amount,T2__duck_amount,False,3.8233180046081543,-0.0004818271554540843,-0.0018421784385567325
124568,77.5,-0.002598404884338379,4,lag_12__CT2__is_walking,CT2__is_walking,False,2.360051155090332,-0.0005939917173236609,-0.0014018508385837958
124568,77.5,-0.002598404884338379,5,lag_14__T1__duck_amount,T1__duck_amount,False,3.915480136871338,0.0003490946546662599,0.0013668731862336997
124568,77.5,-0.002598404884338379,6,lag_12__CT2__duck_amount,CT2__duck_amount,False,-2.8978590965270996,0.0004578091611620039,-0.0013266664421467539
124568,77.5,-0.002598404884338379,7,lag_14__T4__is_walking,T4__is_walking,False,-2.307980537414551,0.0005385952536016703,-0.0012430673628565092
124568,77.5,-0.002598404884338379,8,lag_07__T3__duck_amount,T3__duck_amount,False,1.2960797548294067,-0.0008297670283354819,-0.0010754442466505768
124568,77.5,-0.002598404884338379,9,lag_01__T2__duck_amount,T2__duck_amount,False,-3.8233180046081543,-0.0002749538398347795,0.0010512359662764592
124568,77.5,-0.002598404884338379,10,lag_15__CT2__is_walking,CT2__is_walking,False,2.360051155090332,-0.00043083936907351017,-0.0010168029506403276
124568,77.5,-0.002598404884338379,11,lag_13__CT2__duck_amount,CT2__duck_amount,False,2.8978590965270996,-0.00034235691418871284,-0.0009921020980407091
124568,77.5,-0.002598404884338379,12,lag_11__CT1__is_walking,CT1__is_walking,False,-2.3343825340270996,0.0004205553268548101,-0.0009817370096019268
124568,77.5,-0.002598404884338379,13,lag_15__CT1__duck_amount,CT1__duck_amount,False,-3.2041802406311035,-0.0002918790269177407,0.0009352330107044587
124568,77.5,-0.002598404884338379,14,lag_04__T3__is_walking,T3__is_walking,False,-2.3223767280578613,0.00036516980617307127,-0.0008480618596457407
124568,77.5,-0.002598404884338379,15,lag_04__T_duck_amount_mean,T_duck_amount_mean,False,1.4539684057235718,-0.0005479127285070717,-0.0007966477963430793
124568,77.5,-0.002598404884338379,16,lag_07__CT5__duck_amount,CT5__duck_amount,False,3.7749595642089844,-0.00020857041818089783,-0.0007873448949230477
124568,77.5,-0.002598404884338379,17,lag_03__T1__is_walking,T1__is_walking,False,2.281590461730957,0.00033243795041926205,0.0007584872567939771
124568,77.5,-0.002598404884338379,18,lag_15__CT1__is_walking,CT1__is_walking,False,2.3343825340270996,-0.00031160173239186406,-0.0007273976416681538
124568,77.5,-0.002598404884338379,19,lag_10__T2__is_walking,T2__is_walking,False,-2.2968344688415527,-0.0003049870138056576,0.0007005046858578889
124568,77.5,-0.002598404884338379,20,lag_12__T3__is_walking,T3__is_walking,False,2.3223767280578613,0.00029835361056029797,0.0006928894818972742
122456,44.5,-0.0025687813758850098,1,lag_01__T_place_BALCONY,T_place_BALCONY,False,-13.751577377319336,-0.0011894683120772243,0.016357065531399373
122456,44.5,-0.0025687813758850098,2,lag_15__T_place_DECK,T_place_DECK,False,-24.256479263305664,-0.0005606307531706989,0.013598928238656494
122456,44.5,-0.0025687813758850098,3,lag_12__T_place_BALCONY,T_place_BALCONY,False,13.751577377319336,-0.0008701588376425207,-0.011966056586399376
122456,44.5,-0.0025687813758850098,4,lag_07__T_place_BALCONY,T_place_BALCONY,False,-13.751577377319336,0.0005254644784145057,-0.007225965433949821
122456,44.5,-0.0025687813758850098,5,lag_11__T4__flash_duration,T4__flash_duration,True,-7.262770175933838,-0.0005426176940090954,0.003940907604983251
122456,44.5,-0.0025687813758850098,6,lag_05__CT_flashed_players,CT_flashed_players,False,-4.379879951477051,-0.000531210214830935,0.0023266369699578293
122456,44.5,-0.0025687813758850098,7,lag_07__T_place_PIT,T_place_PIT,False,6.3102264404296875,-0.0003488755610305816,-0.002201483789634917
122456,44.5,-0.0025687813758850098,8,lag_09__T3__duck_amount,T3__duck_amount,False,3.7704498767852783,-0.0004805804055649787,-0.001812004330947893
122456,44.5,-0.0025687813758850098,9,lag_14__CT2__duck_amount,CT2__duck_amount,False,-3.8097944259643555,-0.00046352235949598253,0.0017659249015176404
122456,44.5,-0.0025687813758850098,10,lag_07__T_flashed_players,T_flashed_players,False,3.8592474460601807,0.00044088633148930967,0.0017014894488029605
122456,44.5,-0.0025687813758850098,11,lag_13__CT4__flash_duration,CT4__flash_duration,True,5.9389777183532715,-0.00026402276125736535,-0.0015680252962455982
122456,44.5,-0.0025687813758850098,12,lag_11__T_flash_duration_sum,T_flash_duration_sum,True,-3.156754732131958,0.00046607301919721067,-0.0014712782088698237
122456,44.5,-0.0025687813758850098,13,lag_00__T5__duck_amount,T5__duck_amount,False,-3.7970333099365234,-0.0003858840500470251,0.0014652145918017667
122456,44.5,-0.0025687813758850098,14,lag_03__T_place_BALCONY,T_place_BALCONY,False,13.751577377319336,-0.0001041392024490051,-0.0014320783004898169
122456,44.5,-0.0025687813758850098,15,lag_12__CT2__is_walking,CT2__is_walking,False,2.360051155090332,-0.0005939917173236609,-0.0014018508385837958
122456,44.5,-0.0025687813758850098,16,lag_11__CT_flashed_players,CT_flashed_players,False,-2.1899399757385254,0.0005214161355979741,-0.001141870039341103
122456,44.5,-0.0025687813758850098,17,lag_07__CT_flashed_players,CT_flashed_players,False,4.379879951477051,-0.0002563144953455776,-0.0011226267194370532
122456,44.5,-0.0025687813758850098,18,lag_02__CT_flashed_players,CT_flashed_players,False,-2.1899399757385254,0.0005107324104756117,-0.0011184733226058396
122456,44.5,-0.0025687813758850098,19,lag_06__T5__duck_amount,T5__duck_amount,False,3.7970333099365234,-0.0002885430585592985,-0.0010956076047006214
122456,44.5,-0.0025687813758850098,20,lag_05__T_utility_damage_last_5s,T_utility_damage_last_5s,True,6.710264205932617,-0.00016060385678429157,-0.00107769431151436
119736,2.0,-0.0025522708892822266,1,lag_00__CT_place_LIBRARY,CT_place_LIBRARY,False,6.411735534667969,-0.00038585709990002215,-0.0024740136787329003
119736,2.0,-0.0025522708892822266,2,lag_03__CT_velocity_mean,CT_velocity_mean,False,2.835827350616455,-0.00032755310530774295,-0.0009288840548110494
119736,2.0,-0.0025522708892822266,3,lag_03__T_velocity_mean,T_velocity_mean,False,3.396030902862549,-0.0002358929195906967,-0.0008010996446964763
119736,2.0,-0.0025522708892822266,4,lag_04__CT_velocity_mean,CT_velocity_mean,False,-1.694637656211853,-0.0002810515579767525,0.0004762805534844136
119736,2.0,-0.0025522708892822266,5,lag_04__T5__duck_amount,T5__duck_amount,False,-0.334852933883667,-0.0012885982869192958,0.0004314909169723935
119736,2.0,-0.0025522708892822266,6,lag_04__CT_place_CTSPAWN,CT_place_CTSPAWN,False,4.78255033493042,-8.459038508590311e-05,-0.0004045577745244791
119736,2.0,-0.0025522708892822266,7,lag_04__T_duck_amount_mean,T_duck_amount_mean,False,-0.5425171852111816,-0.0005479127285070717,0.0002972520712110349
119736,2.0,-0.0025522708892822266,8,lag_04__T_velocity_mean,T_velocity_mean,False,-1.7359485626220703,-0.00016968762793112546,0.0002945689938017859
119736,2.0,-0.0025522708892822266,9,lag_04__T2__smoke,T2__smoke,True,1.5516093969345093,0.00018037980771623552,0.00027987900466975094
119736,2.0,-0.0025522708892822266,10,lag_04__T3__flash,T3__flash,True,2.2380197048187256,0.00012163425708422437,0.0002722198641354808
119736,2.0,-0.0025522708892822266,11,lag_00__CT_unique_places,CT_unique_places,False,0.7992768287658691,0.0003242366074118763,0.0002591548073419686
119736,2.0,-0.0025522708892822266,12,lag_04__CT_active_smokes,CT_active_smokes,True,-0.8114572763442993,0.000302713830024004,-0.00024563934002302945
119736,2.0,-0.0025522708892822266,13,lag_04__CT1__duck_amount,CT1__duck_amount,False,-0.33039888739585876,-0.0007108165300451219,0.0002348529906694933
119736,2.0,-0.0025522708892822266,14,lag_04__CT3__is_walking,CT3__is_walking,False,-0.5419549345970154,0.0004291778604965657,-0.00023259505931590325
119736,2.0,-0.0025522708892822266,15,lag_04__T1__X,T1__X,False,-1.5198701620101929,-0.0001431049022357911,0.0002175008709455646
119736,2.0,-0.0025522708892822266,16,lag_04__CT_B_site_active_smokes,CT_B_site_active_smokes,True,-0.6034660935401917,0.0003502868639770895,-0.0002113862454226987
119736,2.0,-0.0025522708892822266,17,lag_04__T3__is_walking,T3__is_walking,False,-0.5709694027900696,0.00036516980617307127,-0.00020850078614760396
119736,2.0,-0.0025522708892822266,18,lag_04__CT_mean_X,CT_mean_X,False,2.121032476425171,-9.056538692675531e-05,-0.0001920921269116596
119736,2.0,-0.0025522708892822266,19,lag_04__active_smokes_total,active_smokes_total,True,-0.9848002791404724,0.0001817595330066979,-0.000178996838841438
119736,2.0,-0.0025522708892822266,20,lag_04__T5__molly,T5__molly,True,1.579392433166504,-0.00011326848471071571,-0.00017889538766834023
124440,75.5,-0.002547740936279297,1,lag_07__CT5__is_scoped,CT5__is_scoped,False,3.5760385990142822,0.0004739676951430738,0.001694926772517466
124440,75.5,-0.002547740936279297,2,lag_00__T4__duck_amount,T4__duck_amount,False,3.6976382732391357,-0.00042046597809530795,-0.0015547310932001387
124440,75.5,-0.002547740936279297,3,lag_11__CT1__duck_amount,CT1__duck_amount,False,-3.2041802406311035,0.00044415416778065264,-0.001423150008196719
124440,75.5,-0.002547740936279297,4,lag_12__CT2__is_walking,CT2__is_walking,False,-2.360051155090332,-0.0005939917173236609,0.0014018508385837958
124440,75.5,-0.002547740936279297,5,lag_09__T_place_SECONDMID,T_place_SECONDMID,False,-3.2740612030029297,0.000413242174545303,-0.0013529801711233413
124440,75.5,-0.002547740936279297,6,lag_14__T_flashes_last_5s,T_flashes_last_5s,True,-9.0607271194458,0.00014714339340571314,-0.0013332261350784275
124440,75.5,-0.002547740936279297,7,lag_14__T4__is_walking,T4__is_walking,False,-2.307980537414551,0.0005385952536016703,-0.0012430673628565092
124440,75.5,-0.002547740936279297,8,lag_11__CT1__is_walking,CT1__is_walking,False,2.3343825340270996,0.0004205553268548101,0.0009817370096019268
124440,75.5,-0.002547740936279297,9,lag_10__CT1__duck_amount,CT1__duck_amount,False,2.9699862003326416,0.00031154786120168865,0.0009252928485121645
124440,75.5,-0.002547740936279297,10,lag_01__T2__is_walking,T2__is_walking,False,-2.2968344688415527,0.00039995761471800506,-0.0009186364355599635
124440,75.5,-0.002547740936279297,11,lag_11__CT2__is_walking,CT2__is_walking,False,2.360051155090332,0.0003682550450321287,0.0008691007443959176
124440,75.5,-0.002547740936279297,12,lag_04__T3__is_walking,T3__is_walking,False,-2.3223767280578613,0.00036516980617307127,-0.0008480618596457407
124440,75.5,-0.002547740936279297,13,lag_10__T1__duck_amount,T1__duck_amount,False,3.915480136871338,0.00018911594816017896,0.0007404797385867704
124440,75.5,-0.002547740936279297,14,lag_09__CT2__duck_amount,CT2__duck_amount,False,2.8978590965270996,-0.00025416503194719553,-0.0007365344498472814
124440,75.5,-0.002547740936279297,15,lag_11__CT_walking_count,CT_walking_count,False,1.7948954105377197,0.00039668884710408747,0.0007120149910786258
124440,75.5,-0.002547740936279297,16,lag_13__CT3__duck_amount,CT3__duck_amount,False,1.3960918188095093,0.0004851756093557924,0.0006773496989075402
124440,75.5,-0.002547740936279297,17,lag_08__CT5__is_walking,CT5__is_walking,False,-2.396676540374756,0.000278280844213441,-0.0006669491709620362
124440,75.5,-0.002547740936279297,18,lag_00__T_duck_amount_mean,T_duck_amount_mean,False,1.4539684057235718,-0.0004539376823231578,-0.0006600110482652549
124440,75.5,-0.002547740936279297,19,lag_07__CT_scoped_count,CT_scoped_count,False,2.141930103302002,0.0002997195115312934,0.0006419782442958488
124440,75.5,-0.002547740936279297,20,lag_02__T3__duck_amount,T3__duck_amount,False,-3.122612237930298,-0.0002037809754256159,0.0006363289677214015
123512,61.0,0.002492368221282959,1,lag_08__CT5__is_scoped,CT5__is_scoped,False,3.5760385990142822,0.0011209924705326557,0.004008712343829157
123512,61.0,0.002492368221282959,2,lag_04__CT1__duck_amount,CT1__duck_amount,False,3.8154516220092773,-0.0007108165300451219,-0.0027120860825116666
123512,61.0,0.002492368221282959,3,lag_02__CT_place_LIBRARY,CT_place_LIBRARY,False,6.411735534667969,-0.0004168027953710407,-0.0026724292940294436
123512,61.0,0.002492368221282959,4,lag_06__T3__duck_amount,T3__duck_amount,False,3.227454900741577,-0.0007399225141853094,-0.002388066544576406
123512,61.0,0.002492368221282959,5,lag_10__T_place_SECONDMID,T_place_SECONDMID,False,-3.274061679840088,0.0006682166131213307,-0.0021877824068530782
123512,61.0,0.002492368221282959,6,lag_04__T_duck_amount_mean,T_duck_amount_mean,False,-3.2354815006256104,-0.0005479127285070717,0.001772761497041933
123512,61.0,0.002492368221282959,7,lag_02__CT1__duck_amount,CT1__duck_amount,False,3.8154516220092773,0.00045581706217490137,0.001739147949214731
123512,61.0,0.002492368221282959,8,lag_05__CT3__duck_amount,CT3__duck_amount,False,-3.7208433151245117,-0.0004106589185539633,0.0015279974918977757
123512,61.0,0.002492368221282959,9,lag_08__CT_scoped_count,CT_scoped_count,False,2.141930103302002,0.0006835056701675057,0.0014640213707093896
123512,61.0,0.002492368221282959,10,lag_04__T2__duck_amount,T2__duck_amount,False,-3.8233180046081543,-0.00030877365497872233,0.0011805398744288154
123512,61.0,0.002492368221282959,11,lag_11__T_place_SECONDMID,T_place_SECONDMID,False,3.274061679840088,0.0003458225983195007,0.0011322445171806084
123512,61.0,0.002492368221282959,12,lag_09__T2__duck_amount,T2__duck_amount,False,3.8233180046081543,0.0002876898506656289,0.0010999297857929302
123512,61.0,0.002492368221282959,13,lag_03__T3__is_walking,T3__is_walking,False,2.3223767280578613,-0.0004129338776692748,-0.0009589880277258156
123512,61.0,0.002492368221282959,14,lag_03__CT_place_RUINS,CT_place_RUINS,False,3.493913412094116,-0.0002494043146725744,-0.0008713970800686491
123512,61.0,0.002492368221282959,15,lag_03__T1__is_walking,T1__is_walking,False,2.281590461730957,0.00033243795041926205,0.0007584872567939771
123512,61.0,0.002492368221282959,16,lag_10__T2__is_walking,T2__is_walking,False,-2.2968344688415527,-0.0003049870138056576,0.0007005046858578889
123512,61.0,0.002492368221282959,17,lag_08__CT5__is_walking,CT5__is_walking,False,-2.396676540374756,0.000278280844213441,-0.0006669491709620362
123512,61.0,0.002492368221282959,18,lag_03__CT1__duck_amount,CT1__duck_amount,False,-3.8154516220092773,0.00017349857080262154,-0.0006619754033851538
123512,61.0,0.002492368221282959,19,lag_12__T1__is_walking,T1__is_walking,False,-2.281590461730957,0.000268021656665951,-0.0006115156553863632
123512,61.0,0.002492368221282959,20,lag_06__CT3__duck_amount,CT3__duck_amount,False,3.7208433151245117,0.00016185805725399405,0.0006022484703325642
123736,64.5,-0.0024824142456054688,1,lag_13__T3__duck_amount,T3__duck_amount,False,3.227454900741577,0.000605045526754111,0.0019527571504943247
123736,64.5,-0.0024824142456054688,2,lag_13__CT3__duck_amount,CT3__duck_amount,False,3.7208433151245117,0.0004851756093557924,0.0018052624227329617
123736,64.5,-0.0024824142456054688,3,lag_11__CT1__duck_amount,CT1__duck_amount,False,3.8154516220092773,0.00044415416778065264,0.0016946487398808718
123736,64.5,-0.0024824142456054688,4,lag_04__CT_flashed_players,CT_flashed_players,False,-4.379879951477051,-0.00037005386548116803,0.0016207915063875533
123736,64.5,-0.0024824142456054688,5,lag_00__T3__duck_amount,T3__duck_amount,False,-3.7704498767852783,0.00042161077726632357,-0.0015896623031951551
123736,64.5,-0.0024824142456054688,6,lag_06__CT_flashed_players,CT_flashed_players,False,4.379879951477051,-0.00028297476819716394,-0.001239395514000624
123736,64.5,-0.0024824142456054688,7,lag_09__CT_place_LIBRARY,CT_place_LIBRARY,False,6.411735534667969,-0.00018677295884117484,-0.0011975388171170387
123736,64.5,-0.0024824142456054688,8,lag_10__CT1__duck_amount,CT1__duck_amount,False,-3.8154516220092773,0.00031154786120168865,-0.0011886957923555042
123736,64.5,-0.0024824142456054688,9,lag_11__T4__duck_amount,T4__duck_amount,False,-3.6976382732391357,0.0003145233786199242,-0.0011629936826135154
123736,64.5,-0.0024824142456054688,10,lag_12__CT3__duck_amount,CT3__duck_amount,False,-3.7208433151245117,0.0003121037152595818,-0.001161289022549139
123736,64.5,-0.0024824142456054688,11,lag_02__T_flashes_last_5s,T_flashes_last_5s,True,9.0607271194458,0.00011386261030565947,0.0010316780410873777
123736,64.5,-0.0024824142456054688,12,lag_10__T3__is_walking,T3__is_walking,False,2.3223767280578613,0.0004356538411229849,0.001011752342113037
123736,64.5,-0.0024824142456054688,13,lag_11__CT1__is_walking,CT1__is_walking,False,-2.3343825340270996,0.0004205553268548101,-0.0009817370096019268
123736,64.5,-0.0024824142456054688,14,lag_04__T3__is_walking,T3__is_walking,False,-2.3223767280578613,0.00036516980617307127,-0.0008480618596457407
123736,64.5,-0.0024824142456054688,15,lag_10__CT_place_RUINS,CT_place_RUINS,False,3.493913412094116,-0.0002121785219060257,-0.0007413333834457685
123736,64.5,-0.0024824142456054688,16,lag_03__T3__duck_amount,T3__duck_amount,False,2.1249780654907227,0.0003396302054170519,0.0007217067368893437
123736,64.5,-0.0024824142456054688,17,lag_11__T_duck_amount_mean,T_duck_amount_mean,False,-3.2354815006256104,0.00021986532374285161,-0.0007113701875990572
123736,64.5,-0.0024824142456054688,18,lag_10__T2__is_walking,T2__is_walking,False,2.2968344688415527,-0.0003049870138056576,-0.0007005046858578889
123736,64.5,-0.0024824142456054688,19,lag_00__T_duck_amount_mean,T_duck_amount_mean,False,-1.4539684057235718,-0.0004539376823231578,0.0006600110482652549
123736,64.5,-0.0024824142456054688,20,lag_15__CT5__is_scoped,CT5__is_scoped,False,3.5760385990142822,-0.0001798135635908693,-0.0006430202440272578
120632,16.0,-0.0024048686027526855,1,lag_08__CT5__is_scoped,CT5__is_scoped,False,3.5760385990142822,0.0011209924705326557,0.004008712343829157
120632,16.0,-0.0024048686027526855,2,lag_13__T_place_SECONDMID,T_place_SECONDMID,False,3.274061679840088,-0.0007598143420182168,-0.002487679020994754
120632,16.0,-0.0024048686027526855,3,lag_10__T_place_SECONDMID,T_place_SECONDMID,False,-3.274061679840088,0.0006682166131213307,-0.0021877824068530782
120632,16.0,-0.0024048686027526855,4,lag_08__CT_scoped_count,CT_scoped_count,False,2.141930103302002,0.0006835056701675057,0.0014640213707093896
120632,16.0,-0.0024048686027526855,5,lag_10__T4__duck_amount,T4__duck_amount,False,-3.6976382732391357,0.00031839829171076417,-0.0011773217095636807
120632,16.0,-0.0024048686027526855,6,lag_11__T4__duck_amount,T4__duck_amount,False,3.6976382732391357,0.0003145233786199242,0.0011629936826135154
120632,16.0,-0.0024048686027526855,7,lag_08__CT_place_BALCONY,CT_place_BALCONY,False,-6.417822360992432,0.00017931711045093834,-0.0011508253611605818
120632,16.0,-0.0024048686027526855,8,lag_06__T_place_SECONDMID,T_place_SECONDMID,False,-3.274061679840088,0.0003358133544679731,-0.001099473635442147
120632,16.0,-0.0024048686027526855,9,lag_02__T4__flash_duration,T4__flash_duration,True,-6.504885196685791,-0.00016471736307721585,0.0010714675367181
120632,16.0,-0.0024048686027526855,10,lag_02__T4__is_walking,T4__is_walking,False,2.307980537414551,-0.000464164768345654,-0.001071283251495303
120632,16.0,-0.0024048686027526855,11,lag_11__CT1__is_walking,CT1__is_walking,False,2.3343825340270996,0.0004205553268548101,0.0009817370096019268
120632,16.0,-0.0024048686027526855,12,lag_03__T3__is_walking,T3__is_walking,False,2.3223767280578613,-0.0004129338776692748,-0.0009589880277258156
120632,16.0,-0.0024048686027526855,13,lag_14__T_flashed_players,T_flashed_players,False,3.8592474460601807,-0.00024332919565495104,-0.0009390675768832478
120632,16.0,-0.0024048686027526855,14,lag_01__T2__is_walking,T2__is_walking,False,2.2968344688415527,0.00039995761471800506,0.0009186364355599635
120632,16.0,-0.0024048686027526855,15,lag_07__CT2__is_walking,CT2__is_walking,False,-2.360051155090332,0.00038290611701086164,-0.0009036780237426378
120632,16.0,-0.0024048686027526855,16,lag_11__CT4__duck_amount,CT4__duck_amount,False,-3.6725916862487793,-0.00024584264610894024,0.0009028796582250948
120632,16.0,-0.0024048686027526855,17,lag_02__T_flash_duration_sum,T_flash_duration_sum,True,-2.6450178623199463,-0.00032056396594271064,0.0008478974159345926
120632,16.0,-0.0024048686027526855,18,lag_03__T_place_SECONDMID,T_place_SECONDMID,False,-3.2740612030029297,0.0002490394690539688,-0.0008153704636460479
120632,16.0,-0.0024048686027526855,19,lag_06__T_place_BACKALLEY,T_place_BACKALLEY,False,3.025209665298462,-0.0002554414386395365,-0.0007727639090900698
120632,16.0,-0.0024048686027526855,20,lag_11__CT_walking_count,CT_walking_count,False,1.7948951721191406,0.00039668884710408747,0.0007120148965006345
120184,9.0,0.0023659467697143555,1,lag_05__T_place_LOWERMID,T_place_LOWERMID,False,-6.652692794799805,-0.000357313227141276,0.002377095131689433
120184,9.0,0.0023659467697143555,2,lag_14__CT_place_LIBRARY,CT_place_LIBRARY,False,6.411735534667969,-0.00033181949402205646,-0.002127538840916765
120184,9.0,0.0023659467697143555,3,lag_00__T4__flash_duration,T4__flash_duration,True,6.504885196685791,0.0002691930567380041,0.001751069929825641
120184,9.0,0.0023659467697143555,4,lag_02__CT_place_ARCH,CT_place_ARCH,False,4.080447673797607,-0.0003748765157070011,-0.0015296640064779848
120184,9.0,0.0023659467697143555,5,lag_09__T_place_LOWERMID,T_place_LOWERMID,False,6.652692794799805,0.00021904030290897936,0.0014572078449333337
120184,9.0,0.0023659467697143555,6,lag_03__T_place_LOWERMID,T_place_LOWERMID,False,-3.3263461589813232,-0.00043349445331841707,0.0014419526097354252
120184,9.0,0.0023659467697143555,7,lag_09__CT_place_LIBRARY,CT_place_LIBRARY,False,-6.411735534667969,-0.00018677295884117484,0.0011975388171170387
120184,9.0,0.0023659467697143555,8,lag_00__T_flash_duration_sum,T_flash_duration_sum,True,2.92400860786438,-0.00037209742004051805,-0.0010880160591626026
120184,9.0,0.0023659467697143555,9,lag_07__T_place_LOWERMID,T_place_LOWERMID,False,3.3263463973999023,-0.0003017595736309886,-0.0010037568706283695
120184,9.0,0.0023659467697143555,10,lag_04__CT_place_RUINS,CT_place_RUINS,False,-3.493913412094116,0.0002781023795250803,-0.0009716656337579663
120184,9.0,0.0023659467697143555,11,lag_10__CT_place_LIBRARY,CT_place_LIBRARY,False,6.411735534667969,-0.00010870929691009223,-0.0006970152619472092
120184,9.0,0.0023659467697143555,12,lag_08__T_macro_MID,T_macro_MID,False,2.0557377338409424,0.00030429227626882493,0.0006255451144421761
120184,9.0,0.0023659467697143555,13,lag_09__T_macro_MID,T_macro_MID,False,2.0557379722595215,0.0003033240791410208,0.0006235548273908487
120184,9.0,0.0023659467697143555,14,lag_04__T_place_LOWERMID,T_place_LOWERMID,False,-3.326345920562744,-0.00018010982603300363,0.0005991075850781472
120184,9.0,0.0023659467697143555,15,lag_09__CT_place_RUINS,CT_place_RUINS,False,3.493913412094116,0.0001700500288279727,0.000594140076449045
120184,9.0,0.0023659467697143555,16,lag_05__CT_place_RUINS,CT_place_RUINS,False,3.493913412094116,-0.00016692806093487889,-0.0005832321909552372
120184,9.0,0.0023659467697143555,17,lag_08__T_place_LOWERMID,T_place_LOWERMID,False,6.6526923179626465,-8.690250251675025e-05,-0.0005781356109049139
120184,9.0,0.0023659467697143555,18,lag_01__T_place_MIDDLE,T_place_MIDDLE,False,1.6254756450653076,0.00030776814674027264,0.0005002696268531989
120184,9.0,0.0023659467697143555,19,lag_08__CT1__flash,CT1__flash,True,1.789415717124939,0.00026006801635958254,0.00046536979599534276
120184,9.0,0.0023659467697143555,20,lag_01__T_macro_MID,T_macro_MID,False,1.0278687477111816,0.0004226144519634545,0.0004343921875043233
119864,4.0,-0.002264082431793213,1,lag_04__CT_place_LIBRARY,CT_place_LIBRARY,False,6.411735534667969,-0.0005715794977732003,-0.0036648165767600993
119864,4.0,-0.002264082431793213,2,lag_00__CT_place_LIBRARY,CT_place_LIBRARY,False,6.411735534667969,-0.00038585709990002215,-0.0024740136787329003
119864,4.0,-0.002264082431793213,3,lag_00__CT3__duck_amount,CT3__duck_amount,False,3.7208433151245117,0.00022309769701678306,0.000830111574564571
119864,4.0,-0.002264082431793213,4,lag_07__CT_velocity_mean,CT_velocity_mean,False,2.835827350616455,0.00029181677382439375,0.0008275419885798718
119864,4.0,-0.002264082431793213,5,lag_07__T_velocity_mean,T_velocity_mean,False,3.396030902862549,-0.0001576550566824153,-0.0005354014444860292
119864,4.0,-0.002264082431793213,6,lag_08__T2__smoke,T2__smoke,True,1.5516093969345093,0.0002823557297233492,0.00043810580351704917
119864,4.0,-0.002264082431793213,7,lag_08__CT_scoped_count,CT_scoped_count,False,-0.5918432474136353,0.0006835056701675057,-0.0004045282154575697
119864,4.0,-0.002264082431793213,8,lag_00__CT_duck_amount_mean,CT_duck_amount_mean,False,1.197706937789917,0.0003346470184624195,0.0004008090557231503
119864,4.0,-0.002264082431793213,9,lag_08__CT_macro_OTHER,CT_macro_OTHER,False,1.8060362339019775,0.00022144823742564768,0.0003999435407244477
119864,4.0,-0.002264082431793213,10,lag_08__CT5__is_scoped,CT5__is_scoped,False,-0.3057868778705597,0.0011209924705326557,-0.0003427847876805862
119864,4.0,-0.002264082431793213,11,lag_08__T4__is_walking,T4__is_walking,False,-0.5780618786811829,0.0005761355278082192,-0.00033304198557979406
119864,4.0,-0.002264082431793213,12,lag_08__CT1__utility_total,CT1__utility_total,True,1.9631518125534058,0.00015388838073704392,0.0003021062535748364
119864,4.0,-0.002264082431793213,13,lag_08__CT3__smoke,CT3__smoke,True,1.578822374343872,0.00018670274585019797,0.00029477047249973007
119864,4.0,-0.002264082431793213,14,lag_08__CT1__flash,CT1__flash,True,1.075992465019226,0.00026006801635958254,0.00027983122599540763
119864,4.0,-0.002264082431793213,15,lag_08__CT_unique_places,CT_unique_places,False,-1.6410033702850342,0.00017010820738505572,-0.000279148141632022
119864,4.0,-0.002264082431793213,16,lag_08__CT_smoke_inv,CT_smoke_inv,True,2.3161351680755615,0.00011990849452558905,0.00027772428112171274
119864,4.0,-0.002264082431793213,17,lag_08__CT_velocity_mean,CT_velocity_mean,False,-1.694637656211853,0.00015349125897046179,-0.0002601120673507099
119864,4.0,-0.002264082431793213,18,lag_08__CT_walking_count,CT_walking_count,False,-1.0355465412139893,0.00023245974443852901,-0.0002407228843248066
119864,4.0,-0.002264082431793213,19,lag_08__T4__flash,T4__flash,True,1.9732310771942139,0.00011447605356806889,0.0002258877064950631
119864,4.0,-0.002264082431793213,20,lag_03__CT_velocity_mean,CT_velocity_mean,False,-0.6410719156265259,-0.00032755310530774295,0.00020998509668905194
125176,87.0,-0.0022527575492858887,1,lag_13__T_place_SECONDMID,T_place_SECONDMID,False,3.2740612030029297,-0.0007598143420182168,-0.0024876786586870425
125176,87.0,-0.0022527575492858887,2,lag_12__CT2__is_walking,CT2__is_walking,False,-2.360051155090332,-0.0005939917173236609,0.0014018508385837958
125176,87.0,-0.0022527575492858887,3,lag_14__T3__duck_amount,T3__duck_amount,False,-2.4053947925567627,0.0005507018067874014,-0.001324655258298016
125176,87.0,-0.0022527575492858887,4,lag_05__CT5__duck_amount,CT5__duck_amount,False,3.7749595642089844,0.0002987968036904931,0.0011279458518465013
125176,87.0,-0.0022527575492858887,5,lag_15__CT2__is_walking,CT2__is_walking,False,2.360051155090332,-0.00043083936907351017,-0.0010168029506403276
125176,87.0,-0.0022527575492858887,6,lag_11__T2__is_walking,T2__is_walking,False,-2.2968344688415527,0.0004402948834467679,-0.0010112844647551106
125176,87.0,-0.0022527575492858887,7,lag_11__CT2__is_walking,CT2__is_walking,False,2.360051155090332,0.0003682550450321287,0.0008691007443959176
125176,87.0,-0.0022527575492858887,8,lag_13__T3__duck_amount,T3__duck_amount,False,-1.3650550842285156,0.000605045526754111,-0.0008259204724854197
125176,87.0,-0.0022527575492858887,9,lag_05__CT2__is_walking,CT2__is_walking,False,-2.360051155090332,-0.0002599559666123241,0.0006135093792760393
125176,87.0,-0.0022527575492858887,10,lag_02__CT2__is_walking,CT2__is_walking,False,2.360051155090332,0.00024049539933912456,0.0005675814450042116
125176,87.0,-0.0022527575492858887,11,lag_05__T4__is_walking,T4__is_walking,False,2.307980537414551,-0.00022469049145001918,-0.0005185812812087548
125176,87.0,-0.0022527575492858887,12,lag_06__T4__is_walking,T4__is_walking,False,-2.307980537414551,0.00021852977806702256,-0.0005043624746242092
125176,87.0,-0.0022527575492858887,13,lag_02__T2__is_walking,T2__is_walking,False,2.2968344688415527,-0.00020839909848291427,-0.00047865823267106283
125176,87.0,-0.0022527575492858887,14,lag_06__T1__is_walking,T1__is_walking,False,-2.281590461730957,-0.0002062799467239529,0.0004706463588917409
125176,87.0,-0.0022527575492858887,15,lag_13__CT2__is_walking,CT2__is_walking,False,2.360051155090332,0.00019857352890539914,0.0004686436862635507
125176,87.0,-0.0022527575492858887,16,lag_05__CT_duck_amount_mean,CT_duck_amount_mean,False,1.497133493423462,0.0002677079173736274,0.0004007944895546983
125176,87.0,-0.0022527575492858887,17,lag_05__T_place_MIDDLE,T_place_MIDDLE,False,1.6254756450653076,0.00022942452051211149,0.0003729239704732233
125176,87.0,-0.0022527575492858887,18,lag_03__CT2__is_walking,CT2__is_walking,False,-2.360051155090332,0.00015276187332347035,-0.0003605258355908192
125176,87.0,-0.0022527575492858887,19,lag_11__CT_walking_count,CT_walking_count,False,0.8974475860595703,0.00039668884710408747,0.00035600744825031727
125176,87.0,-0.0022527575492858887,20,lag_15__T4__is_walking,T4__is_walking,False,-2.307980537414551,0.00015181461640167981,-0.00035038517995013285
121368,27.5,-0.0022382140159606934,1,lag_08__T_place_DECK,T_place_DECK,False,24.256479263305664,-0.0006346582085825503,-0.015394573675769352
121368,27.5,-0.0022382140159606934,2,lag_08__T_place_KITCHEN,T_place_KITCHEN,False,-31.938587188720703,-0.00015146513760555536,0.004837582503466609
121368,27.5,-0.0022382140159606934,3,lag_10__T_place_KITCHEN,T_place_KITCHEN,False,31.938587188720703,0.0001053520682035014,0.0033647962158295797
121368,27.5,-0.0022382140159606934,4,lag_11__T_place_BACKALLEY,T_place_BACKALLEY,False,-3.025209665298462,-0.0006680043879896402,0.0020208533310080434
121368,27.5,-0.0022382140159606934,5,lag_11__CT3__duck_amount,CT3__duck_amount,False,3.7208433151245117,-0.00042933892109431326,-0.0015975028544765457
121368,27.5,-0.0022382140159606934,6,lag_10__T_place_UPSTAIRS,T_place_UPSTAIRS,False,-16.86671257019043,8.001067908480763e-05,-0.0013495171266691974
121368,27.5,-0.0022382140159606934,7,lag_02__T4__is_walking,T4__is_walking,False,-2.307980537414551,-0.000464164768345654,0.001071283251495303
121368,27.5,-0.0022382140159606934,8,lag_04__CT3__is_walking,CT3__is_walking,False,2.387126922607422,0.0004291778604965657,0.0010245020253784043
121368,27.5,-0.0022382140159606934,9,lag_09__T3__is_walking,T3__is_walking,False,2.3223767280578613,0.00036043141153641045,0.0008370575222132054
121368,27.5,-0.0022382140159606934,10,lag_00__CT2__is_walking,CT2__is_walking,False,2.360051155090332,-0.00033712375443428755,-0.0007956293060610298
121368,27.5,-0.0022382140159606934,11,lag_10__CT1__is_walking,CT1__is_walking,False,2.3343825340270996,0.00024633793509565294,0.0005750469731555935
121368,27.5,-0.0022382140159606934,12,lag_11__T_place_APARTMENTS,T_place_APARTMENTS,False,2.28895902633667,0.00023928766313474625,0.0005477196564232858
121368,27.5,-0.0022382140159606934,13,lag_11__CT4__is_walking,CT4__is_walking,False,2.384641170501709,0.00022514438023790717,0.0005368885584224048
121368,27.5,-0.0022382140159606934,14,lag_03__T2__is_walking,T2__is_walking,False,2.2968344688415527,0.0002332256262889132,0.0005356806574775344
121368,27.5,-0.0022382140159606934,15,lag_02__CT4__duck_amount,CT4__duck_amount,False,-3.6725916862487793,-0.00014542473945766687,0.0005340856891071222
121368,27.5,-0.0022382140159606934,16,lag_04__T_duck_amount_mean,T_duck_amount_mean,False,-0.9651579260826111,-0.0005479127285070717,0.0005288223127201501
121368,27.5,-0.0022382140159606934,17,lag_06__T3__is_walking,T3__is_walking,False,-2.3223767280578613,0.00022186199203133583,-0.000515247127134133
121368,27.5,-0.0022382140159606934,18,lag_08__T3__is_walking,T3__is_walking,False,-2.3223767280578613,-0.00021952461975160986,0.0005098188681468899
121368,27.5,-0.0022382140159606934,19,lag_03__CT2__duck_amount,CT2__duck_amount,False,-3.8097944259643555,-0.00012769665045198053,0.0004864979871062741
121368,27.5,-0.0022382140159606934,20,lag_05__T2__is_walking,T2__is_walking,False,2.2968344688415527,0.00020874658366665244,0.0004794563486184844
126616,109.5,-0.002216501161456108,1,lag_12__T_place_ARCH,T_place_ARCH,False,-9.303513526916504,-0.0006627331604249775,0.006165746922749904
126616,109.5,-0.002216501161456108,2,lag_05__T_place_GRAVEYARD,T_place_GRAVEYARD,False,19.65784454345703,-0.00027755554765462875,-0.005456143807968772
126616,109.5,-0.002216501161456108,3,lag_15__T4__flash_duration,T4__flash_duration,True,6.295469284057617,-0.000848471827339381,-0.005341528327403311
126616,109.5,-0.002216501161456108,4,lag_14__CT5__is_scoped,CT5__is_scoped,False,3.5760385990142822,-0.0008743734215386212,-0.0031267931053742953
126616,109.5,-0.002216501161456108,5,lag_01__CT_place_LIBRARY,CT_place_LIBRARY,False,-6.411735534667969,-0.00040003840695135295,0.0025649404690819555
126616,109.5,-0.002216501161456108,6,lag_15__T_flashed_players,T_flashed_players,False,3.8592474460601807,-0.0005744826630689204,-0.0022170707502545822
126616,109.5,-0.002216501161456108,7,lag_07__CT3__duck_amount,CT3__duck_amount,False,-3.7208433151245117,-0.0005844108527526259,0.0021745012147508236
126616,109.5,-0.002216501161456108,8,lag_04__T4__flash_duration,T4__flash_duration,True,-6.295469284057617,-0.00034007610520347953,0.002140938674550452
126616,109.5,-0.002216501161456108,9,lag_15__T_flash_duration_sum,T_flash_duration_sum,True,3.1388089656829834,-0.00040812636143527925,-0.0012810306824046283
126616,109.5,-0.002216501161456108,10,lag_10__T2__shots_fired,T2__shots_fired,False,-2.353466033935547,-0.0004990908782929182,0.001174593429909443
126616,109.5,-0.002216501161456108,11,lag_14__CT_scoped_count,CT_scoped_count,False,2.141930103302002,-0.0005059474497102201,-0.0010837040732231962
126616,109.5,-0.002216501161456108,12,lag_03__T3__duck_amount,T3__duck_amount,False,-2.9432532787323,0.0003396302054170519,-0.0009996177156502625
126616,109.5,-0.002216501161456108,13,lag_08__CT_place_LIBRARY,CT_place_LIBRARY,False,6.411735534667969,0.00015439282287843525,0.000989925948747361
126616,109.5,-0.002216501161456108,14,lag_05__CT2__duck_amount,CT2__duck_amount,False,-3.8097944259643555,0.0002463442797306925,-0.0009385210637861963
126616,109.5,-0.002216501161456108,15,lag_04__T_place_PIT,T_place_PIT,False,6.3102264404296875,0.0001422812492819503,0.0008978269011963302
126616,109.5,-0.002216501161456108,16,lag_11__CT2__duck_amount,CT2__duck_amount,False,3.8097944259643555,0.00022204955166671425,0.0008459631442277321
126616,109.5,-0.002216501161456108,17,lag_03__T_kills_last_3s,T_kills_last_3s,False,3.1681017875671387,0.00022063709911890328,0.0006990007881222254
126616,109.5,-0.002216501161456108,18,lag_04__T_duck_amount_mean,T_duck_amount_mean,False,1.134982943534851,-0.0005479127285070717,-0.000621871601401168
126616,109.5,-0.002216501161456108,19,lag_14__T3__shots_fired,T3__shots_fired,False,2.4222826957702637,0.00025157679920084774,0.0006093901273614838
126616,109.5,-0.002216501161456108,20,lag_09__CT_place_RUINS,CT_place_RUINS,False,-3.493913412094116,0.0001700500288279727,-0.000594140076449045
125688,95.0,-0.0021994709968566895,1,lag_14__CT_place_RUINS,CT_place_RUINS,False,3.493913412094116,-0.0004953124444000423,-0.001730578792666429
125688,95.0,-0.0021994709968566895,2,lag_00__T4__duck_amount,T4__duck_amount,False,-3.6976382732391357,-0.00042046597809530795,0.0015547310932001387
125688,95.0,-0.0021994709968566895,3,lag_02__T4__duck_amount,T4__duck_amount,False,2.106947183609009,0.0007360627641901374,0.001550845367969872
125688,95.0,-0.0021994709968566895,4,lag_12__CT2__is_walking,CT2__is_walking,False,-2.360051155090332,-0.0005939917173236609,0.0014018508385837958
125688,95.0,-0.0021994709968566895,5,lag_04__CT3__is_walking,CT3__is_walking,False,-2.387126922607422,0.0004291778604965657,-0.0010245020253784043
125688,95.0,-0.0021994709968566895,6,lag_15__CT2__is_walking,CT2__is_walking,False,2.360051155090332,-0.00043083936907351017,-0.0010168029506403276
125688,95.0,-0.0021994709968566895,7,lag_14__T2__is_walking,T2__is_walking,False,2.2968344688415527,0.0004084695829078555,0.0009381870174960949
125688,95.0,-0.0021994709968566895,8,lag_11__CT2__is_walking,CT2__is_walking,False,2.360051155090332,0.0003682550450321287,0.0008691007443959176
125688,95.0,-0.0021994709968566895,9,lag_04__T3__is_walking,T3__is_walking,False,-2.3223767280578613,0.00036516980617307127,-0.0008480618596457407
125688,95.0,-0.0021994709968566895,10,lag_00__CT2__is_walking,CT2__is_walking,False,-2.360051155090332,-0.00033712375443428755,0.0007956293060610298
125688,95.0,-0.0021994709968566895,11,lag_00__T_duck_amount_mean,T_duck_amount_mean,False,-1.4539684057235718,-0.0004539376823231578,0.0006600110482652549
125688,95.0,-0.0021994709968566895,12,lag_05__CT2__is_walking,CT2__is_walking,False,2.360051155090332,-0.0002599559666123241,-0.0006135093792760393
125688,95.0,-0.0021994709968566895,13,lag_12__T1__is_walking,T1__is_walking,False,-2.281590461730957,0.000268021656665951,-0.0006115156553863632
125688,95.0,-0.0021994709968566895,14,lag_06__CT3__duck_amount,CT3__duck_amount,False,-3.7208433151245117,0.00016185805725399405,-0.0006022484703325642
125688,95.0,-0.0021994709968566895,15,lag_07__T_place_TOPOFMID,T_place_TOPOFMID,False,2.0359649658203125,0.00028487580129876733,0.000579997151054279
125688,95.0,-0.0021994709968566895,16,lag_12__T_walking_count,T_walking_count,False,-1.594179630279541,0.00032866629771888256,-0.0005239531169828338
125688,95.0,-0.0021994709968566895,17,lag_05__T4__is_walking,T4__is_walking,False,2.307980537414551,-0.00022469049145001918,-0.0005185812812087548
125688,95.0,-0.0021994709968566895,18,lag_01__CT3__is_walking,CT3__is_walking,False,2.387126922607422,-0.00020937243243679404,-0.0004997985703216745
125688,95.0,-0.0021994709968566895,19,lag_03__CT_duck_amount_mean,CT_duck_amount_mean,False,1.4584318399429321,-0.00033361322130076587,-0.00048655214417096457
125688,95.0,-0.0021994709968566895,20,lag_05__T2__is_walking,T2__is_walking,False,-2.2968344688415527,0.00020874658366665244,-0.0004794563486184844
123576,62.0,0.002125680446624756,1,lag_04__CT_place_LIBRARY,CT_place_LIBRARY,False,6.411735534667969,-0.0005715794977732003,-0.0036648165767600993
123576,62.0,0.002125680446624756,2,lag_04__CT1__duck_amount,CT1__duck_amount,False,3.8154516220092773,-0.0007108165300451219,-0.0027120860825116666
123576,62.0,0.002125680446624756,3,lag_13__T_place_SECONDMID,T_place_SECONDMID,False,3.274061679840088,-0.0007598143420182168,-0.002487679020994754
123576,62.0,0.002125680446624756,4,lag_07__CT3__duck_amount,CT3__duck_amount,False,-3.7208433151245117,-0.0005844108527526259,0.0021745012147508236
123576,62.0,0.002125680446624756,5,lag_01__CT_flashed_players,CT_flashed_players,False,4.379879951477051,0.0004563998954836279,0.0019989767520849633
123576,62.0,0.002125680446624756,6,lag_07__T3__duck_amount,T3__duck_amount,False,-2.378060817718506,-0.0008297670283354819,0.0019732364579193307
123576,62.0,0.002125680446624756,7,lag_05__CT1__duck_amount,CT1__duck_amount,False,-3.8154516220092773,0.00046185965766198933,-0.0017622031799670868
123576,62.0,0.002125680446624756,8,lag_12__T_place_SECONDMID,T_place_SECONDMID,False,-3.274061679840088,0.0004920939682051539,-0.0016111460041809411
123576,62.0,0.002125680446624756,9,lag_06__T4__duck_amount,T4__duck_amount,False,-3.6976382732391357,0.0004179595853202045,-0.0015454633593471462
123576,62.0,0.002125680446624756,10,lag_12__CT2__is_walking,CT2__is_walking,False,-2.360051155090332,-0.0005939917173236609,0.0014018508385837958
123576,62.0,0.002125680446624756,11,lag_05__CT5__duck_amount,CT5__duck_amount,False,3.7749595642089844,0.0002987968036904931,0.0011279458518465013
123576,62.0,0.002125680446624756,12,lag_03__T3__is_walking,T3__is_walking,False,-2.3223767280578613,-0.0004129338776692748,0.0009589880277258156
123576,62.0,0.002125680446624756,13,lag_05__T3__is_walking,T3__is_walking,False,2.3223767280578613,0.0003475644043646753,0.000807175484197814
123576,62.0,0.002125680446624756,14,lag_15__CT1__is_walking,CT1__is_walking,False,-2.3343825340270996,-0.00031160173239186406,0.0007273976416681538
123576,62.0,0.002125680446624756,15,lag_03__CT1__duck_amount,CT1__duck_amount,False,-3.8154516220092773,0.00017349857080262154,-0.0006619754033851538
123576,62.0,0.002125680446624756,16,lag_06__T3__duck_amount,T3__duck_amount,False,-0.8493940830230713,-0.0007399225141853094,0.0006284858054445563
123576,62.0,0.002125680446624756,17,lag_06__CT1__duck_amount,CT1__duck_amount,False,3.8154516220092773,0.00016200199024751782,0.000618110756458623
123576,62.0,0.002125680446624756,18,lag_05__CT_place_RUINS,CT_place_RUINS,False,3.493913412094116,-0.00016692806093487889,-0.0005832321909552372
123576,62.0,0.002125680446624756,19,lag_06__CT_velocity_mean,CT_velocity_mean,False,-2.128528118133545,-0.00025028790696524084,0.0005327448476043078
123576,62.0,0.002125680446624756,20,lag_05__T4__is_walking,T4__is_walking,False,2.307980537414551,-0.00022469049145001918,-0.0005185812812087548
120536,14.5,0.002048194408416748,1,lag_11__T4__flash_duration,T4__flash_duration,True,6.504885196685791,-0.0005426176940090954,-0.003529665805219545
120536,14.5,0.002048194408416748,2,lag_10__T_flashed_players,T_flashed_players,False,-1.9296237230300903,-0.0011602562153711915,0.002238857917973361
120536,14.5,0.002048194408416748,3,lag_10__T_place_SECONDMID,T_place_SECONDMID,False,3.274061679840088,0.0006682166131213307,0.0021877824068530782
120536,14.5,0.002048194408416748,4,lag_08__T4__duck_amount,T4__duck_amount,False,3.6976382732391357,-0.0005750535638071597,-0.002126340066695917
120536,14.5,0.002048194408416748,5,lag_10__T_place_LOWERMID,T_place_LOWERMID,False,-3.3263463973999023,0.00047533458564430475,-0.0015811274865175085
120536,14.5,0.002048194408416748,6,lag_11__T_flash_duration_sum,T_flash_duration_sum,True,2.92400860786438,0.00046607301919721067,0.0013628015200259844
120536,14.5,0.002048194408416748,7,lag_07__T4__duck_amount,T4__duck_amount,False,-3.6976382732391357,0.0003377425018697977,-0.0012488496014133044
120536,14.5,0.002048194408416748,8,lag_08__CT_place_BALCONY,CT_place_BALCONY,False,6.417822360992432,0.00017931711045093834,0.0011508253611605818
120536,14.5,0.002048194408416748,9,lag_03__T_place_SECONDMID,T_place_SECONDMID,False,-3.274061679840088,0.0002490394690539688,-0.0008153705823973206
120536,14.5,0.002048194408416748,10,lag_05__CT5__is_scoped,CT5__is_scoped,False,3.5760385990142822,0.0002259655448142439,0.0008080615103030278
120536,14.5,0.002048194408416748,11,lag_09__T_A_site_active_infernos,T_A_site_active_infernos,True,2.9764554500579834,0.00026588261243887246,0.0007913877508693365
120536,14.5,0.002048194408416748,12,lag_07__T_place_APARTMENTS,T_place_APARTMENTS,False,2.288959264755249,0.0002947725879494101,0.0006747224461826837
120536,14.5,0.002048194408416748,13,lag_11__T_flashed_players,T_flashed_players,False,3.8592474460601807,0.0001660305861150846,0.0006407531154325151
120536,14.5,0.002048194408416748,14,lag_09__T_active_infernos,T_active_infernos,True,2.082643508911133,0.00030066556064412,0.000626179178228603
120536,14.5,0.002048194408416748,15,lag_00__T_place_UNDERPASS,T_place_UNDERPASS,False,-3.9171202182769775,0.00015092085232026875,-0.0005911751219833186
120536,14.5,0.002048194408416748,16,lag_06__CT2__is_walking,CT2__is_walking,False,2.360051155090332,0.00024117632710840553,0.0005691884693726362
120536,14.5,0.002048194408416748,17,lag_05__CT_place_BALCONY,CT_place_BALCONY,False,-6.417822360992432,8.664354390930384e-05,-0.0005560628735367598
120536,14.5,0.002048194408416748,18,lag_15__T_place_SECONDMID,T_place_SECONDMID,False,3.274061679840088,0.0001526399137219414,0.0004997524923311056
120536,14.5,0.002048194408416748,19,lag_08__CT_place_BANANA,CT_place_BANANA,False,2.9603395462036133,-0.00015835429076105356,-0.00046878246925097233
120536,14.5,0.002048194408416748,20,lag_07__CT_velocity_mean,CT_velocity_mean,False,-1.6038880348205566,0.00029181677382439375,-0.00046804143189688174
123128,55.0,0.00203859806060791,1,lag_07__T_place_BALCONY,T_place_BALCONY,False,13.751577377319336,0.0005254644784145057,0.007225965433949821
123128,55.0,0.00203859806060791,2,lag_14__CT_place_RUINS,CT_place_RUINS,False,3.493913412094116,-0.0004953124444000423,-0.001730578792666429
123128,55.0,0.00203859806060791,3,lag_15__T3__is_walking,T3__is_walking,False,2.3223767280578613,0.0007450400153174996,0.0017302635930452337
123128,55.0,0.00203859806060791,4,lag_06__T1__duck_amount,T1__duck_amount,False,-3.915480136871338,0.00041631876956671476,-0.0016300878728451873
123128,55.0,0.00203859806060791,5,lag_05__T_place_BALCONY,T_place_BALCONY,False,-13.751577377319336,-0.00010424953507026657,0.0014335955480683366
123128,55.0,0.00203859806060791,6,lag_08__T4__is_walking,T4__is_walking,False,-2.307980537414551,0.0005761355278082192,-0.0013297095850944296
123128,55.0,0.00203859806060791,7,lag_07__T4__duck_amount,T4__duck_amount,False,3.6976382732391357,0.0003377425018697977,0.0012488496014133044
123128,55.0,0.00203859806060791,8,lag_03__T4__duck_amount,T4__duck_amount,False,3.6976382732391357,-0.00032167002791538835,-0.0011894194065738412
123128,55.0,0.00203859806060791,9,lag_10__kill_diff_last_3s,kill_diff_last_3s,False,-2.4069459438323975,0.00043957619345746934,-0.001058036135847741
123128,55.0,0.00203859806060791,10,lag_11__CT1__is_walking,CT1__is_walking,False,2.3343825340270996,0.0004205553268548101,0.0009817370096019268
123128,55.0,0.00203859806060791,11,lag_14__T3__is_walking,T3__is_walking,False,-2.3223767280578613,-0.00037350942147895694,0.0008674295881530847
123128,55.0,0.00203859806060791,12,lag_08__T1__is_walking,T1__is_walking,False,-2.281590461730957,-0.0003247926651965827,0.0007410438469526992
123128,55.0,0.00203859806060791,13,lag_14__T_place_APARTMENTS,T_place_APARTMENTS,False,-2.288959503173828,0.0002994941605720669,-0.000685530004986501
123128,55.0,0.00203859806060791,14,lag_07__T_place_APARTMENTS,T_place_APARTMENTS,False,-2.28895902633667,0.0002947725879494101,-0.0006747223759034221
123128,55.0,0.00203859806060791,15,lag_10__CT_kills_last_3s,CT_kills_last_3s,False,-2.8871407508850098,0.0002277696185046807,-0.000657602947398396
123128,55.0,0.00203859806060791,16,lag_11__T_A_site_active_infernos,T_A_site_active_infernos,True,-2.9764554500579834,0.00022010634711477906,-0.0006551367364621384
123128,55.0,0.00203859806060791,17,lag_04__CT_place_PIT,CT_place_PIT,False,4.305429458618164,-0.00014580074639525265,-0.0006277348286186368
123128,55.0,0.00203859806060791,18,lag_09__CT_place_RUINS,CT_place_RUINS,False,-3.493913412094116,0.0001700500288279727,-0.000594140076449045
123128,55.0,0.00203859806060791,19,lag_07__T_place_TOPOFMID,T_place_TOPOFMID,False,-2.0359649658203125,0.00028487580129876733,-0.000579997151054279
123128,55.0,0.00203859806060791,20,lag_08__T3__is_walking,T3__is_walking,False,-2.3223767280578613,-0.00021952461975160986,0.0005098188681468899
125112,86.0,0.0019752979278564453,1,lag_12__CT2__is_walking,CT2__is_walking,False,-2.360051155090332,-0.0005939917173236609,0.0014018508385837958
125112,86.0,0.0019752979278564453,2,lag_11__T_place_SECONDMID,T_place_SECONDMID,False,3.2740612030029297,0.0003458225983195007,0.0011322443522795433
125112,86.0,0.0019752979278564453,3,lag_15__CT1__duck_amount,CT1__duck_amount,False,3.8154516220092773,-0.0002918790269177407,-0.0011136503066837833
125112,86.0,0.0019752979278564453,4,lag_15__CT2__is_walking,CT2__is_walking,False,-2.360051155090332,-0.00043083936907351017,0.0010168029506403276
125112,86.0,0.0019752979278564453,5,lag_07__CT2__is_walking,CT2__is_walking,False,-2.360051155090332,0.00038290611701086164,-0.0009036780237426378
125112,86.0,0.0019752979278564453,6,lag_11__CT2__is_walking,CT2__is_walking,False,2.360051155090332,0.0003682550450321287,0.0008691007443959176
125112,86.0,0.0019752979278564453,7,lag_03__T_place_SECONDMID,T_place_SECONDMID,False,-3.2740612030029297,0.0002490394690539688,-0.0008153704636460479
125112,86.0,0.0019752979278564453,8,lag_00__CT2__is_walking,CT2__is_walking,False,2.360051155090332,-0.00033712375443428755,-0.0007956293060610298
125112,86.0,0.0019752979278564453,9,lag_03__T1__is_walking,T1__is_walking,False,2.281590461730957,0.00033243795041926205,0.0007584872567939771
125112,86.0,0.0019752979278564453,10,lag_08__T1__is_walking,T1__is_walking,False,2.281590461730957,-0.0003247926651965827,-0.0007410438469526992
125112,86.0,0.0019752979278564453,11,lag_15__CT1__is_walking,CT1__is_walking,False,-2.3343825340270996,-0.00031160173239186406,0.0007273976416681538
125112,86.0,0.0019752979278564453,12,lag_10__T2__is_walking,T2__is_walking,False,2.2968344688415527,-0.0003049870138056576,-0.0007005046858578889
125112,86.0,0.0019752979278564453,13,lag_09__T1__is_walking,T1__is_walking,False,-2.281590461730957,-0.00027209060499444604,0.0006207993290819336
125112,86.0,0.0019752979278564453,14,lag_15__CT_walking_count,CT_walking_count,False,-2.692342758178711,-0.00022500295017380267,0.000605785063469283
125112,86.0,0.0019752979278564453,15,lag_06__CT2__is_walking,CT2__is_walking,False,2.360051155090332,0.00024117632710840553,0.0005691884693726362
125112,86.0,0.0019752979278564453,16,lag_02__CT2__is_walking,CT2__is_walking,False,2.360051155090332,0.00024049539933912456,0.0005675814450042116
125112,86.0,0.0019752979278564453,17,lag_03__CT5__duck_amount,CT5__duck_amount,False,3.7749595642089844,-0.00014443225518334657,-0.0005452259230846468
125112,86.0,0.0019752979278564453,18,lag_01__T4__is_walking,T4__is_walking,False,-2.307980537414551,-0.0002342455554753542,0.0005406341830129779
125112,86.0,0.0019752979278564453,19,lag_05__T4__is_walking,T4__is_walking,False,2.307980537414551,-0.00022469049145001918,-0.0005185812812087548
125112,86.0,0.0019752979278564453,20,lag_03__CT_duck_amount_mean,CT_duck_amount_mean,False,1.497133493423462,-0.00033361322130076587,-0.0004994635274582701
124472,76.0,0.001958310604095459,1,lag_08__CT5__is_scoped,CT5__is_scoped,False,3.5760385990142822,0.0011209924705326557,0.004008712343829157
124472,76.0,0.001958310604095459,2,lag_12__CT_place_RUINS,CT_place_RUINS,False,-6.987826824188232,-0.00048437880468554795,0.0033847552044499046
124472,76.0,0.001958310604095459,3,lag_14__CT5__is_scoped,CT5__is_scoped,False,-3.5760385990142822,-0.0008743734215386212,0.0031267931053742953
124472,76.0,0.001958310604095459,4,lag_15__T_flashes_last_5s,T_flashes_last_5s,True,-9.0607271194458,0.0002854753693100065,-0.0025866144206409813
124472,76.0,0.001958310604095459,5,lag_10__T_place_SECONDMID,T_place_SECONDMID,False,-3.2740612030029297,0.0006682166131213307,-0.0021877820882225674
124472,76.0,0.001958310604095459,6,lag_08__CT_scoped_count,CT_scoped_count,False,2.141930103302002,0.0006835056701675057,0.0014640213707093896
124472,76.0,0.001958310604095459,7,lag_12__CT2__is_walking,CT2__is_walking,False,2.360051155090332,-0.0005939917173236609,-0.0014018508385837958
124472,76.0,0.001958310604095459,8,lag_11__CT1__duck_amount,CT1__duck_amount,False,2.9699862003326416,0.00044415416778065264,0.0013191317491287671
124472,76.0,0.001958310604095459,9,lag_14__T4__is_walking,T4__is_walking,False,2.307980537414551,0.0005385952536016703,0.0012430673628565092
124472,76.0,0.001958310604095459,10,lag_14__CT_scoped_count,CT_scoped_count,False,-2.141930103302002,-0.0005059474497102201,0.0010837040732231962
124472,76.0,0.001958310604095459,11,lag_02__T4__is_walking,T4__is_walking,False,-2.307980537414551,-0.000464164768345654,0.001071283251495303
124472,76.0,0.001958310604095459,12,lag_03__T3__duck_amount,T3__duck_amount,False,-3.122612237930298,0.0003396302054170519,-0.0010605334358060672
124472,76.0,0.001958310604095459,13,lag_11__CT1__is_walking,CT1__is_walking,False,-2.3343825340270996,0.0004205553268548101,-0.0009817370096019268
124472,76.0,0.001958310604095459,14,lag_03__T3__is_walking,T3__is_walking,False,2.3223767280578613,-0.0004129338776692748,-0.0009589880277258156
124472,76.0,0.001958310604095459,15,lag_10__CT1__duck_amount,CT1__duck_amount,False,-2.9699862003326416,0.00031154786120168865,-0.0009252928485121645
124472,76.0,0.001958310604095459,16,lag_01__T2__is_walking,T2__is_walking,False,2.2968344688415527,0.00039995761471800506,0.0009186364355599635
124472,76.0,0.001958310604095459,17,lag_09__T3__is_walking,T3__is_walking,False,2.3223767280578613,0.00036043141153641045,0.0008370575222132054
124472,76.0,0.001958310604095459,18,lag_05__T3__is_walking,T3__is_walking,False,-2.3223767280578613,0.0003475644043646753,-0.000807175484197814
124472,76.0,0.001958310604095459,19,lag_01__T4__duck_amount,T4__duck_amount,False,3.6976382732391357,0.0002160709263989702,0.0007989521271870685
124472,76.0,0.001958310604095459,20,lag_10__T1__duck_amount,T1__duck_amount,False,-3.915480136871338,0.00018911594816017896,-0.0007404797385867704
123704,64.0,-0.0019437670707702637,1,lag_14__CT5__is_scoped,CT5__is_scoped,False,3.5760385990142822,-0.0008743734215386212,-0.0031267931053742953
123704,64.0,-0.0019437670707702637,2,lag_03__CT_flashed_players,CT_flashed_players,False,-4.379879951477051,0.0006955666467547417,-0.003046498411037213
123704,64.0,-0.0019437670707702637,3,lag_05__CT_flashed_players,CT_flashed_players,False,4.379879951477051,-0.000531210214830935,-0.0023266369699578293
123704,64.0,-0.0019437670707702637,4,lag_11__CT3__duck_amount,CT3__duck_amount,False,-3.7208433151245117,-0.00042933892109431326,0.0015975028544765457
123704,64.0,-0.0019437670707702637,5,lag_10__T2__duck_amount,T2__duck_amount,False,-3.8233180046081543,-0.0003491787938401103,0.0013350215693162526
123704,64.0,-0.0019437670707702637,6,lag_10__CT1__duck_amount,CT1__duck_amount,False,3.8154516220092773,0.00031154786120168865,0.0011886957923555042
123704,64.0,-0.0019437670707702637,7,lag_01__T_flashes_last_5s,T_flashes_last_5s,True,9.0607271194458,0.00013009239046368748,0.0011787316503078654
123704,64.0,-0.0019437670707702637,8,lag_10__T4__duck_amount,T4__duck_amount,False,-3.6976382732391357,0.00031839829171076417,-0.0011773217095636807
123704,64.0,-0.0019437670707702637,9,lag_12__CT3__duck_amount,CT3__duck_amount,False,3.7208433151245117,0.0003121037152595818,0.001161289022549139
123704,64.0,-0.0019437670707702637,10,lag_14__CT_scoped_count,CT_scoped_count,False,2.141930103302002,-0.0005059474497102201,-0.0010837040732231962
123704,64.0,-0.0019437670707702637,11,lag_08__CT_place_LIBRARY,CT_place_LIBRARY,False,6.411735534667969,0.00015439282287843525,0.000989925948747361
123704,64.0,-0.0019437670707702637,12,lag_03__T3__is_walking,T3__is_walking,False,-2.3223767280578613,-0.0004129338776692748,0.0009589880277258156
123704,64.0,-0.0019437670707702637,13,lag_09__T3__is_walking,T3__is_walking,False,2.3223767280578613,0.00036043141153641045,0.0008370575222132054
123704,64.0,-0.0019437670707702637,14,lag_05__T3__is_walking,T3__is_walking,False,2.3223767280578613,0.0003475644043646753,0.000807175484197814
123704,64.0,-0.0019437670707702637,15,lag_10__T_duck_amount_mean,T_duck_amount_mean,False,-3.2354815006256104,0.0002337207697564736,-0.000756199226859048
123704,64.0,-0.0019437670707702637,16,lag_12__T3__is_walking,T3__is_walking,False,-2.3223767280578613,0.00029835361056029797,-0.0006928894818972742
123704,64.0,-0.0019437670707702637,17,lag_09__T1__is_walking,T1__is_walking,False,2.281590461730957,-0.00027209060499444604,-0.0006207993290819336
123704,64.0,-0.0019437670707702637,18,lag_09__CT_place_RUINS,CT_place_RUINS,False,3.493913412094116,0.0001700500288279727,0.000594140076449045
123704,64.0,-0.0019437670707702637,19,lag_08__CT1__duck_amount,CT1__duck_amount,False,3.8154516220092773,0.00015496517880819738,0.0005912621428386944
123704,64.0,-0.0019437670707702637,20,lag_09__T4__is_walking,T4__is_walking,False,2.307980537414551,0.0002548225165810436,0.0005881254087640453
123960,68.0,-0.001889050006866455,1,lag_07__T3__duck_amount,T3__duck_amount,False,-3.7704498767852783,-0.0008297670283354819,0.003128594989748004
123960,68.0,-0.001889050006866455,2,lag_02__CT_place_LIBRARY,CT_place_LIBRARY,False,-6.411735534667969,-0.0004168027953710407,0.0026724292940294436
123960,68.0,-0.001889050006866455,3,lag_11__CT_flashed_players,CT_flashed_players,False,-4.379879951477051,0.0005214161355979741,-0.002283740078682206
123960,68.0,-0.001889050006866455,4,lag_15__T3__is_walking,T3__is_walking,False,-2.3223767280578613,0.0007450400153174996,-0.0017302635930452337
123960,68.0,-0.001889050006866455,5,lag_06__T4__duck_amount,T4__duck_amount,False,3.6976382732391357,0.0004179595853202045,0.0015454633593471462
123960,68.0,-0.001889050006866455,6,lag_15__CT1__duck_amount,CT1__duck_amount,False,-3.8154516220092773,-0.0002918790269177407,0.0011136503066837833
123960,68.0,-0.001889050006866455,7,lag_11__T2__is_walking,T2__is_walking,False,-2.2968344688415527,0.0004402948834467679,-0.0010112844647551106
123960,68.0,-0.001889050006866455,8,lag_01__T4__duck_amount,T4__duck_amount,False,-3.6976382732391357,0.0002160709263989702,-0.0007989521271870685
123960,68.0,-0.001889050006866455,9,lag_09__T_flashes_last_5s,T_flashes_last_5s,True,9.0607271194458,-7.991997699718922e-05,-0.000724133102963917
123960,68.0,-0.001889050006866455,10,lag_10__T2__is_walking,T2__is_walking,False,2.2968344688415527,-0.0003049870138056576,-0.0007005046858578889
123960,68.0,-0.001889050006866455,11,lag_07__T1__is_walking,T1__is_walking,False,-2.281590461730957,0.00030015932861715555,-0.00068484066117247
123960,68.0,-0.001889050006866455,12,lag_05__CT2__is_walking,CT2__is_walking,False,2.360051155090332,-0.0002599559666123241,-0.0006135093792760393
123960,68.0,-0.001889050006866455,13,lag_14__CT1__is_walking,CT1__is_walking,False,2.3343825340270996,0.0002578163694124669,0.0006018420297427413
123960,68.0,-0.001889050006866455,14,lag_09__CT_place_RUINS,CT_place_RUINS,False,3.493913412094116,0.0001700500288279727,0.000594140076449045
123960,68.0,-0.001889050006866455,15,lag_10__CT1__is_walking,CT1__is_walking,False,-2.3343825340270996,0.00024633793509565294,-0.0005750469731555935
123960,68.0,-0.001889050006866455,16,lag_11__CT_flash_duration_sum,CT_flash_duration_sum,True,-1.0882694721221924,-0.0005276064039207995,0.0005741779426831767
123960,68.0,-0.001889050006866455,17,lag_01__T4__is_walking,T4__is_walking,False,2.307980537414551,-0.0002342455554753542,-0.0005406341830129779
123960,68.0,-0.001889050006866455,18,lag_09__CT1__is_walking,CT1__is_walking,False,2.3343825340270996,0.00022082190844230354,0.0005154828061982447
123960,68.0,-0.001889050006866455,19,lag_06__T4__is_walking,T4__is_walking,False,-2.307980537414551,0.00021852977806702256,-0.0005043624746242092
123960,68.0,-0.001889050006866455,20,lag_04__CT1__is_walking,CT1__is_walking,False,2.3343825340270996,-0.0002052854688372463,-0.0004792148129432322
124312,73.5,-0.0018884539604187012,1,lag_07__CT_place_RUINS,CT_place_RUINS,False,-6.987826824188232,0.0003142493078485131,-0.0021959197428664257
124312,73.5,-0.0018884539604187012,2,lag_12__T4__duck_amount,T4__duck_amount,False,-3.6976382732391357,0.0004697070689871907,-0.0017368068354980115
124312,73.5,-0.0018884539604187012,3,lag_06__T1__duck_amount,T1__duck_amount,False,3.915480136871338,0.00041631876956671476,0.0016300878728451873
124312,73.5,-0.0018884539604187012,4,lag_05__CT1__duck_amount,CT1__duck_amount,False,-2.9699862003326416,0.00046185965766198933,-0.0013717168097464663
124312,73.5,-0.0018884539604187012,5,lag_13__CT3__duck_amount,CT3__duck_amount,False,-2.2156026363372803,0.0004851756093557924,-0.00107495635917524
124312,73.5,-0.0018884539604187012,6,lag_09__CT5__is_scoped,CT5__is_scoped,False,-3.5760385990142822,-0.0002986537292599678,0.001067997263573206
124312,73.5,-0.0018884539604187012,7,lag_15__CT2__is_walking,CT2__is_walking,False,-2.360051155090332,-0.00043083936907351017,0.0010168029506403276
124312,73.5,-0.0018884539604187012,8,lag_07__CT2__is_walking,CT2__is_walking,False,2.360051155090332,0.00038290611701086164,0.0009036780237426378
124312,73.5,-0.0018884539604187012,9,lag_04__T3__is_walking,T3__is_walking,False,2.3223767280578613,0.00036516980617307127,0.0008480618596457407
124312,73.5,-0.0018884539604187012,10,lag_00__T3__duck_amount,T3__duck_amount,False,1.8265323638916016,0.00042161077726632357,0.0007700857296424335
124312,73.5,-0.0018884539604187012,11,lag_15__CT1__is_walking,CT1__is_walking,False,2.3343825340270996,-0.00031160173239186406,-0.0007273976416681538
124312,73.5,-0.0018884539604187012,12,lag_05__CT2__duck_amount,CT2__duck_amount,False,2.8978590965270996,0.0002463442797306925,0.0007138710118950037
124312,73.5,-0.0018884539604187012,13,lag_12__T3__is_walking,T3__is_walking,False,-2.3223767280578613,0.00029835361056029797,-0.0006928894818972742
124312,73.5,-0.0018884539604187012,14,lag_07__T1__is_walking,T1__is_walking,False,-2.281590461730957,0.00030015932861715555,-0.00068484066117247
124312,73.5,-0.0018884539604187012,15,lag_09__T1__is_walking,T1__is_walking,False,2.281590461730957,-0.00027209060499444604,-0.0006207993290819336
124312,73.5,-0.0018884539604187012,16,lag_05__CT2__is_walking,CT2__is_walking,False,-2.360051155090332,-0.0002599559666123241,0.0006135093792760393
124312,73.5,-0.0018884539604187012,17,lag_09__T4__is_walking,T4__is_walking,False,2.307980537414551,0.0002548225165810436,0.0005881254087640453
124312,73.5,-0.0018884539604187012,18,lag_10__CT1__is_walking,CT1__is_walking,False,2.3343825340270996,0.00024633793509565294,0.0005750469731555935
124312,73.5,-0.0018884539604187012,19,lag_10__CT1__duck_amount,CT1__duck_amount,False,-1.6676081418991089,0.00031154786120168865,-0.0005195397499311895
124312,73.5,-0.0018884539604187012,20,lag_05__T4__is_walking,T4__is_walking,False,2.307980537414551,-0.00022469049145001918,-0.0005185812812087548
120760,18.0,-0.0018430352210998535,1,lag_06__T4__flash_duration,T4__flash_duration,True,-6.504885196685791,-0.00036726653343066573,0.0023890266365512447
120760,18.0,-0.0018430352210998535,2,lag_10__T_place_SECONDMID,T_place_SECONDMID,False,-3.274061679840088,0.0006682166131213307,-0.0021877824068530782
120760,18.0,-0.0018430352210998535,3,lag_15__CT_place_BALCONY,CT_place_BALCONY,False,6.417822360992432,-0.00030428869649767876,-0.0019528708005800421
120760,18.0,-0.0018430352210998535,4,lag_05__T_place_BACKALLEY,T_place_BACKALLEY,False,3.025209903717041,0.0005273811984807253,0.0015954388246780526
120760,18.0,-0.0018430352210998535,5,lag_02__T_A_site_active_infernos,T_A_site_active_infernos,True,-2.9764554500579834,-0.0005132655496709049,0.0015277120426449714
120760,18.0,-0.0018430352210998535,6,lag_12__CT5__is_scoped,CT5__is_scoped,False,3.5760385990142822,0.0003804228617809713,0.0013604068376762285
120760,18.0,-0.0018430352210998535,7,lag_02__T4__duck_amount,T4__duck_amount,False,1.4995158910751343,0.0007360627641901374,0.0011037378117318003
120760,18.0,-0.0018430352210998535,8,lag_02__T4__is_walking,T4__is_walking,False,-2.307980537414551,-0.000464164768345654,0.001071283251495303
120760,18.0,-0.0018430352210998535,9,lag_15__CT4__is_walking,CT4__is_walking,False,2.384641170501709,0.0003982839407399297,0.0009497642826380992
120760,18.0,-0.0018430352210998535,10,lag_15__CT_place_BANANA,CT_place_BANANA,False,2.9603395462036133,-0.0003146057133562863,-0.0009313397347102126
120760,18.0,-0.0018430352210998535,11,lag_14__T_place_SECONDMID,T_place_SECONDMID,False,-3.274061679840088,0.00027202742057852447,-0.0008906345535818899
120760,18.0,-0.0018430352210998535,12,lag_11__CT2__is_walking,CT2__is_walking,False,-2.360051155090332,0.0003682550450321287,-0.0008691007443959176
120760,18.0,-0.0018430352210998535,13,lag_12__CT_place_BALCONY,CT_place_BALCONY,False,-6.417822360992432,0.0001269819913432002,-0.0008149478634857377
120760,18.0,-0.0018430352210998535,14,lag_15__CT1__is_walking,CT1__is_walking,False,2.3343825340270996,-0.00031160173239186406,-0.0007273976416681538
120760,18.0,-0.0018430352210998535,15,lag_14__T_place_APARTMENTS,T_place_APARTMENTS,False,2.288959264755249,0.0002994941605720669,0.0006855299335815287
120760,18.0,-0.0018430352210998535,16,lag_07__T_place_APARTMENTS,T_place_APARTMENTS,False,2.288959503173828,0.0002947725879494101,0.0006747225164619453
120760,18.0,-0.0018430352210998535,17,lag_02__T_place_APARTMENTS,T_place_APARTMENTS,False,-2.288959264755249,0.0002727363316807896,-0.0006242823532361039
120760,18.0,-0.0018430352210998535,18,lag_02__T_active_infernos,T_active_infernos,True,-2.082643747329712,-0.00029549957253038883,0.000615420337069017
120760,18.0,-0.0018430352210998535,19,lag_07__T_place_UNDERPASS,T_place_UNDERPASS,False,-3.9171202182769775,0.00015497495769523084,-0.000607055540114608
120760,18.0,-0.0018430352210998535,20,lag_12__T_place_UNDERPASS,T_place_UNDERPASS,False,3.9171202182769775,-0.0001456922327633947,-0.0005706939906034089
125144,86.5,0.001801609992980957,1,lag_12__T_place_SECONDMID,T_place_SECONDMID,False,3.2740612030029297,0.0004920939682051539,0.0016111457695322517
125144,86.5,0.001801609992980957,2,lag_13__T3__duck_amount,T3__duck_amount,False,-2.4053947925567627,0.000605045526754111,-0.0014553733593141022
125144,86.5,0.001801609992980957,3,lag_12__CT2__is_walking,CT2__is_walking,False,2.360051155090332,-0.0005939917173236609,-0.0014018508385837958
125144,86.5,0.001801609992980957,4,lag_14__T4__is_walking,T4__is_walking,False,-2.307980537414551,0.0005385952536016703,-0.0012430673628565092
125144,86.5,0.001801609992980957,5,lag_02__T4__is_walking,T4__is_walking,False,-2.307980537414551,-0.000464164768345654,0.001071283251495303
125144,86.5,0.001801609992980957,6,lag_11__T2__is_walking,T2__is_walking,False,2.2968344688415527,0.0004402948834467679,0.0010112844647551106
125144,86.5,0.001801609992980957,7,lag_01__T2__is_walking,T2__is_walking,False,2.2968344688415527,0.00039995761471800506,0.0009186364355599635
125144,86.5,0.001801609992980957,8,lag_07__CT2__is_walking,CT2__is_walking,False,2.360051155090332,0.00038290611701086164,0.0009036780237426378
125144,86.5,0.001801609992980957,9,lag_11__CT2__is_walking,CT2__is_walking,False,-2.360051155090332,0.0003682550450321287,-0.0008691007443959176
125144,86.5,0.001801609992980957,10,lag_00__CT2__is_walking,CT2__is_walking,False,-2.360051155090332,-0.00033712375443428755,0.0007956293060610298
125144,86.5,0.001801609992980957,11,lag_10__T2__is_walking,T2__is_walking,False,-2.2968344688415527,-0.0003049870138056576,0.0007005046858578889
125144,86.5,0.001801609992980957,12,lag_12__T3__is_walking,T3__is_walking,False,2.3223767280578613,0.00029835361056029797,0.0006928894818972742
125144,86.5,0.001801609992980957,13,lag_09__T1__is_walking,T1__is_walking,False,2.281590461730957,-0.00027209060499444604,-0.0006207993290819336
125144,86.5,0.001801609992980957,14,lag_02__CT2__is_walking,CT2__is_walking,False,-2.360051155090332,0.00024049539933912456,-0.0005675814450042116
125144,86.5,0.001801609992980957,15,lag_05__T4__is_walking,T4__is_walking,False,-2.307980537414551,-0.00022469049145001918,0.0005185812812087548
125144,86.5,0.001801609992980957,16,lag_06__T4__is_walking,T4__is_walking,False,2.307980537414551,0.00021852977806702256,0.0005043624746242092
125144,86.5,0.001801609992980957,17,lag_13__CT2__is_walking,CT2__is_walking,False,-2.360051155090332,0.00019857352890539914,-0.0004686436862635507
125144,86.5,0.001801609992980957,18,lag_15__CT3__is_walking,CT3__is_walking,False,2.387126922607422,-0.00015829769836273044,-0.00037787669754846265
125144,86.5,0.001801609992980957,19,lag_03__CT2__is_walking,CT2__is_walking,False,2.360051155090332,0.00015276187332347035,0.0003605258355908192
125144,86.5,0.001801609992980957,20,lag_11__CT_walking_count,CT_walking_count,False,-0.8974475860595703,0.00039668884710408747,-0.00035600744825031727
123192,56.0,0.0017985105514526367,1,lag_07__T_place_BALCONY,T_place_BALCONY,False,-13.751577377319336,0.0005254644784145057,-0.007225965433949821
123192,56.0,0.0017985105514526367,2,lag_06__CT_place_PIT,CT_place_PIT,False,4.305429458618164,-0.0005969179328531027,-0.0025699880524832075
123192,56.0,0.0017985105514526367,3,lag_01__T_place_SECONDMID,T_place_SECONDMID,False,3.274061679840088,0.000686042825691402,0.002246146526325432
123192,56.0,0.0017985105514526367,4,lag_15__T3__is_walking,T3__is_walking,False,2.3223767280578613,0.0007450400153174996,0.0017302635930452337
123192,56.0,0.0017985105514526367,5,lag_09__T4__duck_amount,T4__duck_amount,False,3.6976382732391357,0.00043730647303164005,0.0016170011518170102
123192,56.0,0.0017985105514526367,6,lag_07__T4__duck_amount,T4__duck_amount,False,-3.6976382732391357,0.0003377425018697977,-0.0012488496014133044
123192,56.0,0.0017985105514526367,7,lag_09__T_place_BALCONY,T_place_BALCONY,False,13.751577377319336,8.928103488869965e-05,0.0012277550595991005
123192,56.0,0.0017985105514526367,8,lag_04__CT3__is_walking,CT3__is_walking,False,2.387126922607422,0.0004291778604965657,0.0010245020253784043
123192,56.0,0.0017985105514526367,9,lag_10__T3__is_walking,T3__is_walking,False,-2.3223767280578613,0.0004356538411229849,-0.001011752342113037
123192,56.0,0.0017985105514526367,10,lag_11__T2__is_walking,T2__is_walking,False,2.2968344688415527,0.0004402948834467679,0.0010112844647551106
123192,56.0,0.0017985105514526367,11,lag_15__T_walking_count,T_walking_count,False,2.3912696838378906,0.00041995709761977196,0.0010042306760507103
123192,56.0,0.0017985105514526367,12,lag_09__T3__is_walking,T3__is_walking,False,2.3223767280578613,0.00036043141153641045,0.0008370575222132054
123192,56.0,0.0017985105514526367,13,lag_00__CT2__is_walking,CT2__is_walking,False,-2.360051155090332,-0.00033712375443428755,0.0007956293060610298
123192,56.0,0.0017985105514526367,14,lag_11__CT_walking_count,CT_walking_count,False,1.7948952913284302,0.00039668884710408747,0.0007120149437896302
123192,56.0,0.0017985105514526367,15,lag_06__CT2__is_walking,CT2__is_walking,False,2.360051155090332,0.00024117632710840553,0.0005691884693726362
123192,56.0,0.0017985105514526367,16,lag_02__T1__is_walking,T1__is_walking,False,-2.281590461730957,0.00023264085757546127,-0.0005307911616530825
123192,56.0,0.0017985105514526367,17,lag_01__T_place_MIDDLE,T_place_MIDDLE,False,-1.6254756450653076,0.00030776814674027264,-0.0005002696268531989
123192,56.0,0.0017985105514526367,18,lag_06__T1__is_walking,T1__is_walking,False,2.281590461730957,-0.0002062799467239529,-0.0004706463588917409
123192,56.0,0.0017985105514526367,19,lag_05__T4__duck_amount,T4__duck_amount,False,3.6976382732391357,0.00011999207345070317,0.00044368728327664163
123192,56.0,0.0017985105514526367,20,lag_13__CT1__is_walking,CT1__is_walking,False,2.3343825340270996,0.00018682889640331268,0.00043613011261545154
124792,81.0,0.001743614673614502,1,lag_01__T_place_SECONDMID,T_place_SECONDMID,False,3.2740612030029297,0.000686042825691402,0.0022461461991947207
124792,81.0,0.001743614673614502,2,lag_13__T3__duck_amount,T3__duck_amount,False,-3.122612237930298,0.000605045526754111,-0.0018893225663473706
124792,81.0,0.001743614673614502,3,lag_05__CT1__duck_amount,CT1__duck_amount,False,3.8154516220092773,0.00046185965766198933,0.0017622031799670868
124792,81.0,0.001743614673614502,4,lag_06__T3__duck_amount,T3__duck_amount,False,2.3649792671203613,-0.0007399225141853094,-0.0017499014053238282
124792,81.0,0.001743614673614502,5,lag_15__T3__is_walking,T3__is_walking,False,-2.3223767280578613,0.0007450400153174996,-0.0017302635930452337
124792,81.0,0.001743614673614502,6,lag_06__T4__duck_amount,T4__duck_amount,False,-2.9631760120391846,0.0004179595853202045,-0.0012384878172226749
124792,81.0,0.001743614673614502,7,lag_07__T3__duck_amount,T3__duck_amount,False,1.405470609664917,-0.0008297670283354819,-0.0011662131711945162
124792,81.0,0.001743614673614502,8,lag_11__T4__duck_amount,T4__duck_amount,False,3.6976382732391357,0.0003145233786199242,0.0011629936826135154
124792,81.0,0.001743614673614502,9,lag_09__T2__duck_amount,T2__duck_amount,False,3.8233180046081543,0.0002876898506656289,0.0010999297857929302
124792,81.0,0.001743614673614502,10,lag_04__CT3__is_walking,CT3__is_walking,False,2.387126922607422,0.0004291778604965657,0.0010245020253784043
124792,81.0,0.001743614673614502,11,lag_11__T2__is_walking,T2__is_walking,False,2.2968344688415527,0.0004402948834467679,0.0010112844647551106
124792,81.0,0.001743614673614502,12,lag_14__T2__is_walking,T2__is_walking,False,-2.2968344688415527,0.0004084695829078555,-0.0009381870174960949
124792,81.0,0.001743614673614502,13,lag_09__T3__is_walking,T3__is_walking,False,2.3223767280578613,0.00036043141153641045,0.0008370575222132054
124792,81.0,0.001743614673614502,14,lag_00__CT2__is_walking,CT2__is_walking,False,-2.360051155090332,-0.00033712375443428755,0.0007956293060610298
124792,81.0,0.001743614673614502,15,lag_03__T1__is_walking,T1__is_walking,False,2.281590461730957,0.00033243795041926205,0.0007584872567939771
124792,81.0,0.001743614673614502,16,lag_08__T1__is_walking,T1__is_walking,False,2.281590461730957,-0.0003247926651965827,-0.0007410438469526992
124792,81.0,0.001743614673614502,17,lag_14__T3__duck_amount,T3__duck_amount,False,1.2960797548294067,0.0005507018067874014,0.0007137534627251266
124792,81.0,0.001743614673614502,18,lag_10__T2__is_walking,T2__is_walking,False,-2.2968344688415527,-0.0003049870138056576,0.0007005046858578889
124792,81.0,0.001743614673614502,19,lag_07__T1__is_walking,T1__is_walking,False,-2.281590461730957,0.00030015932861715555,-0.00068484066117247
124792,81.0,0.001743614673614502,20,lag_08__T2__duck_amount,T2__duck_amount,False,-3.8233180046081543,0.00017035132623277605,-0.00065130729269465
122776,49.5,0.0016952157020568848,1,lag_13__T_place_BALCONY,T_place_BALCONY,False,13.751577377319336,-0.0006514210253953934,-0.008958066635937456
122776,49.5,0.0016952157020568848,2,lag_05__T3__flash_duration,T3__flash_duration,True,-6.350583076477051,-0.0011575182434171438,0.007350915767358357
122776,49.5,0.0016952157020568848,3,lag_11__T_place_BALCONY,T_place_BALCONY,False,-13.751577377319336,-0.00026792773860506713,0.0036844290289577697
122776,49.5,0.0016952157020568848,4,lag_15__CT_flashed_players,CT_flashed_players,False,-4.379879951477051,-0.0006049094372428954,0.0026494307166394226
122776,49.5,0.0016952157020568848,5,lag_05__T_flash_duration_sum,T_flash_duration_sum,True,-2.646233320236206,-0.0009710621670819819,0.0025696570625531184
122776,49.5,0.0016952157020568848,6,lag_10__T5__duck_amount,T5__duck_amount,False,-3.7970333099365234,0.0006660933722741902,-0.0025291787220530493
122776,49.5,0.0016952157020568848,7,lag_13__T_place_SECONDMID,T_place_SECONDMID,False,-3.2740612030029297,-0.0007598143420182168,0.0024876786586870425
122776,49.5,0.0016952157020568848,8,lag_06__T_place_PIT,T_place_PIT,False,-6.3102264404296875,0.00033037926186807454,-0.0020847679536095676
122776,49.5,0.0016952157020568848,9,lag_11__CT1__duck_amount,CT1__duck_amount,False,3.8154516220092773,0.00044415416778065264,0.0016946487398808718
122776,49.5,0.0016952157020568848,10,lag_06__kill_diff_last_3s,kill_diff_last_3s,False,4.813891887664795,-0.0003384974552318454,-0.0016294901537357576
122776,49.5,0.0016952157020568848,11,lag_15__T_utility_damage_last_5s,T_utility_damage_last_5s,True,6.710264205932617,-0.00022862775949761271,-0.0015341526710394016
122776,49.5,0.0016952157020568848,12,lag_08__T4__is_walking,T4__is_walking,False,-2.307980537414551,0.0005761355278082192,-0.0013297095850944296
122776,49.5,0.0016952157020568848,13,lag_05__T_flashed_players,T_flashed_players,False,-1.9296237230300903,-0.0006758904783055186,0.0013042143011084834
122776,49.5,0.0016952157020568848,14,lag_07__T4__duck_amount,T4__duck_amount,False,3.6976382732391357,0.0003377425018697977,0.0012488496014133044
122776,49.5,0.0016952157020568848,15,lag_14__T4__is_walking,T4__is_walking,False,2.307980537414551,0.0005385952536016703,0.0012430673628565092
122776,49.5,0.0016952157020568848,16,lag_10__CT1__duck_amount,CT1__duck_amount,False,-3.8154516220092773,0.00031154786120168865,-0.0011886957923555042
122776,49.5,0.0016952157020568848,17,lag_05__T_utility_damage_last_5s,T_utility_damage_last_5s,True,-6.710264205932617,-0.00016060385678429157,0.00107769431151436
122776,49.5,0.0016952157020568848,18,lag_02__T4__is_walking,T4__is_walking,False,2.307980537414551,-0.000464164768345654,-0.001071283251495303
122776,49.5,0.0016952157020568848,19,lag_09__CT5__is_scoped,CT5__is_scoped,False,-3.5760385990142822,-0.0002986537292599678,0.001067997263573206
122776,49.5,0.0016952157020568848,20,lag_10__T3__is_walking,T3__is_walking,False,2.3223767280578613,0.0004356538411229849,0.001011752342113037
119672,1.0,-0.0016292929649353027,1,lag_01__T_velocity_mean,T_velocity_mean,False,3.396030902862549,0.00022688692843075842,0.000770515020406419
119672,1.0,-0.0016292929649353027,2,lag_01__CT_velocity_mean,CT_velocity_mean,False,2.835827350616455,-0.00017090843175537884,-0.0004846668052228692
119672,1.0,-0.0016292929649353027,3,lag_02__T_place_TSPAWN,T_place_TSPAWN,False,4.428390979766846,-0.00010223486606264487,-0.00045273595868948815
119672,1.0,-0.0016292929649353027,4,lag_02__CT_place_CTSPAWN,CT_place_CTSPAWN,False,4.78255033493042,-8.127506589516997e-05,-0.0003887020936184371
119672,1.0,-0.0016292929649353027,5,lag_02__CT_velocity_mean,CT_velocity_mean,False,-1.694637656211853,-0.00019016802252735943,0.00032226589198220724
119672,1.0,-0.0016292929649353027,6,lag_02__T3__flash,T3__flash,True,2.2380197048187256,0.00012310360034462065,0.00027550828330539026
119672,1.0,-0.0016292929649353027,7,lag_02__CT_spread_xy,CT_spread_xy,False,-1.6160688400268555,0.00016609771410003304,-0.0002684253401567527
119672,1.0,-0.0016292929649353027,8,lag_02__T4__is_walking,T4__is_walking,False,-0.5780618786811829,-0.000464164768345654,0.0002683159580075048
119672,1.0,-0.0016292929649353027,9,lag_02__CT_active_smokes,CT_active_smokes,True,-0.8114572763442993,0.00032005590037442744,-0.0002597116891957553
119672,1.0,-0.0016292929649353027,10,lag_02__T4__duck_amount,T4__duck_amount,False,-0.34100791811943054,0.0007360627641901374,-0.0002510032308217121
119672,1.0,-0.0016292929649353027,11,lag_02__CT_unique_places,CT_unique_places,False,-1.6410033702850342,0.00015022691513877362,-0.00024652287405025133
119672,1.0,-0.0016292929649353027,12,lag_02__CT_macro_OTHER,CT_macro_OTHER,False,1.8060362339019775,-0.00013073465379420668,-0.0002361115217789679
119672,1.0,-0.0016292929649353027,13,lag_02__CT3__molly,CT3__molly,True,1.958473563194275,-0.00011797800834756345,-0.0002310568103870165
119672,1.0,-0.0016292929649353027,14,lag_02__CT3__X,CT3__X,False,1.7566787004470825,-0.00012873869854956865,-0.00022615252966530497
119672,1.0,-0.0016292929649353027,15,lag_02__CT_mean_X,CT_mean_X,False,2.121032476425171,-9.285606938647106e-05,-0.00019695073880189422
119672,1.0,-0.0016292929649353027,16,lag_02__CT2__duck_amount,CT2__duck_amount,False,-0.33654385805130005,-0.0005480936379171908,0.0001844575474780237
119672,1.0,-0.0016292929649353027,17,lag_02__CT5__smoke,CT5__smoke,True,1.5474231243133545,0.00011376432667020708,0.00017604154981141693
119672,1.0,-0.0016292929649353027,18,lag_02__T1__X,T1__X,False,-1.5198701620101929,-0.00011386861297069117,0.00017306550724364034
119672,1.0,-0.0016292929649353027,19,lag_02__CT3__smoke,CT3__smoke,True,1.578822374343872,0.00010898966866079718,0.0001720753274539917
119672,1.0,-0.0016292929649353027,20,lag_02__CT5__X,CT5__X,False,1.8779115676879883,-9.079960000235587e-05,-0.00017051361918586638
122744,49.0,0.0015881657600402832,1,lag_12__T_place_BALCONY,T_place_BALCONY,False,13.751577377319336,-0.0008701588376425207,-0.011966056586399376
122744,49.0,0.0015881657600402832,2,lag_10__T_place_BALCONY,T_place_BALCONY,False,-13.751577377319336,-0.000867737689986825,0.011932761987070162
122744,49.0,0.0015881657600402832,3,lag_05__T5__flash_duration,T5__flash_duration,True,-7.137953758239746,-0.0010932679288089275,0.0078036959212046675
122744,49.0,0.0015881657600402832,4,lag_05__T_place_PIT,T_place_PIT,False,-6.3102264404296875,-0.000996795715764165,0.006290006681322069
122744,49.0,0.0015881657600402832,5,lag_11__CT4__flash_duration,CT4__flash_duration,True,-3.1825060844421387,-0.0015977555885910988,0.005084866882142602
122744,49.0,0.0015881657600402832,6,lag_08__CT5__is_scoped,CT5__is_scoped,False,-3.5760385990142822,0.0011209924705326557,-0.004008712343829157
122744,49.0,0.0015881657600402832,7,lag_05__T_flash_duration_sum,T_flash_duration_sum,True,-2.899358034133911,-0.0009710621670819819,0.0028154568957726306
122744,49.0,0.0015881657600402832,8,lag_05__kill_diff_last_3s,kill_diff_last_3s,False,4.813891887664795,-0.00036400335375219584,-0.0017522727917104741
122744,49.0,0.0015881657600402832,9,lag_12__CT_place_RUINS,CT_place_RUINS,False,3.493913412094116,-0.00048437880468554795,-0.0016923776022249523
122744,49.0,0.0015881657600402832,10,lag_12__T_place_SECONDMID,T_place_SECONDMID,False,-3.2740612030029297,0.0004920939682051539,-0.0016111457695322517
122744,49.0,0.0015881657600402832,11,lag_06__T4__duck_amount,T4__duck_amount,False,3.6976382732391357,0.0004179595853202045,0.0015454633593471462
122744,49.0,0.0015881657600402832,12,lag_08__CT_scoped_count,CT_scoped_count,False,-2.141930103302002,0.0006835056701675057,-0.0014640213707093896
122744,49.0,0.0015881657600402832,13,lag_15__CT_flashed_players,CT_flashed_players,False,2.1899399757385254,-0.0006049094372428954,-0.0013247153583197113
122744,49.0,0.0015881657600402832,14,lag_05__CT1__duck_amount,CT1__duck_amount,False,-2.863501787185669,0.00046185965766198933,-0.0013225359551440677
122744,49.0,0.0015881657600402832,15,lag_05__T_flashed_players,T_flashed_players,False,-1.9296237230300903,-0.0006758904783055186,0.0013042143011084834
122744,49.0,0.0015881657600402832,16,lag_04__T_utility_damage_last_5s,T_utility_damage_last_5s,True,-6.710264205932617,0.00019423979392740875,-0.0013034003365588187
122744,49.0,0.0015881657600402832,17,lag_10__CT1__duck_amount,CT1__duck_amount,False,3.8154516220092773,0.00031154786120168865,0.0011886957923555042
122744,49.0,0.0015881657600402832,18,lag_11__CT_flashed_players,CT_flashed_players,False,-2.1899399757385254,0.0005214161355979741,-0.001141870039341103
122744,49.0,0.0015881657600402832,19,lag_11__kill_diff_last_3s,kill_diff_last_3s,False,-2.4069459438323975,0.0004664371663238853,-0.0011226890455359531
122744,49.0,0.0015881657600402832,20,lag_05__CT_kills_last_3s,CT_kills_last_3s,False,2.8871407508850098,-0.0003704983682837337,-0.0010696809372083699
120280,10.5,0.0015837550163269043,1,lag_03__T4__flash_duration,T4__flash_duration,True,6.504885196685791,-0.0004984004190191627,-0.0032420375076997465
120280,10.5,0.0015837550163269043,2,lag_13__CT3__duck_amount,CT3__duck_amount,False,3.7208433151245117,0.0004851756093557924,0.0018052624227329617
120280,10.5,0.0015837550163269043,3,lag_12__CT_place_RUINS,CT_place_RUINS,False,3.493913412094116,-0.00048437880468554795,-0.0016923776022249523
120280,10.5,0.0015837550163269043,4,lag_02__CT5__duck_amount,CT5__duck_amount,False,3.7749595642089844,0.0004325854533817619,0.0016329925945811619
120280,10.5,0.0015837550163269043,5,lag_10__T_place_LOWERMID,T_place_LOWERMID,False,3.3263463973999023,0.00047533458564430475,0.0015811274865175085
120280,10.5,0.0015837550163269043,6,lag_00__T4__duck_amount,T4__duck_amount,False,3.6976382732391357,-0.00042046597809530795,-0.0015547310932001387
120280,10.5,0.0015837550163269043,7,lag_09__CT_place_LIBRARY,CT_place_LIBRARY,False,-6.411735534667969,-0.00018677295884117484,0.0011975388171170387
120280,10.5,0.0015837550163269043,8,lag_12__CT3__duck_amount,CT3__duck_amount,False,-3.7208433151245117,0.0003121037152595818,-0.001161289022549139
120280,10.5,0.0015837550163269043,9,lag_07__CT_place_RUINS,CT_place_RUINS,False,-3.493913412094116,0.0003142493078485131,-0.0010979598714332128
120280,10.5,0.0015837550163269043,10,lag_00__CT_place_BANANA,CT_place_BANANA,False,2.9603395462036133,0.00034520821645855904,0.0010219335348566894
120280,10.5,0.0015837550163269043,11,lag_07__T_place_LOWERMID,T_place_LOWERMID,False,-3.326345920562744,-0.0003017595736309886,0.001003756726738192
120280,10.5,0.0015837550163269043,12,lag_01__CT5__duck_amount,CT5__duck_amount,False,-3.7749595642089844,0.00025983434170484543,-0.0009808641333286516
120280,10.5,0.0015837550163269043,13,lag_11__T_place_LOWERMID,T_place_LOWERMID,False,6.6526923179626465,-0.00013907683023717254,-0.0009252353601254329
120280,10.5,0.0015837550163269043,14,lag_08__CT_place_RUINS,CT_place_RUINS,False,3.493913412094116,0.00023426191182807088,0.0008184908356789061
120280,10.5,0.0015837550163269043,15,lag_03__T_flash_duration_sum,T_flash_duration_sum,True,2.92400860786438,-0.0002626691712066531,-0.0007680469176288562
120280,10.5,0.0015837550163269043,16,lag_12__T_place_LOWERMID,T_place_LOWERMID,False,6.652692794799805,-0.0001071493243216537,-0.000712831537882333
120280,10.5,0.0015837550163269043,17,lag_00__CT_place_BALCONY,CT_place_BALCONY,False,6.417822360992432,-0.00010988285794155672,-0.0007052086627870775
120280,10.5,0.0015837550163269043,18,lag_06__T_place_LOWERMID,T_place_LOWERMID,False,-3.3263461589813232,-0.0001867877144832164,0.000621320596616147
120280,10.5,0.0015837550163269043,19,lag_02__T_flashed_players,T_flashed_players,False,-1.9296237230300903,-0.0003077391011174768,0.0005938206700202391
120280,10.5,0.0015837550163269043,20,lag_00__CT_macro_OTHER,CT_macro_OTHER,False,1.461716651916504,0.00040417996933683753,0.0005907965915507574
124408,75.0,0.0015795230865478516,1,lag_15__T3__is_walking,T3__is_walking,False,-2.3223767280578613,0.0007450400153174996,-0.0017302635930452337
124408,75.0,0.0015795230865478516,2,lag_02__CT5__duck_amount,CT5__duck_amount,False,3.7749595642089844,0.0004325854533817619,0.0016329925945811619
124408,75.0,0.0015795230865478516,3,lag_10__CT_place_RUINS,CT_place_RUINS,False,-6.987826824188232,-0.0002121785219060257,0.001482666766891537
124408,75.0,0.0015795230865478516,4,lag_12__CT2__is_walking,CT2__is_walking,False,2.360051155090332,-0.0005939917173236609,-0.0014018508385837958
124408,75.0,0.0015795230865478516,5,lag_12__CT5__is_scoped,CT5__is_scoped,False,-3.5760385990142822,0.0003804228617809713,-0.0013604068376762285
124408,75.0,0.0015795230865478516,6,lag_08__T4__is_walking,T4__is_walking,False,2.307980537414551,0.0005761355278082192,0.0013297095850944296
124408,75.0,0.0015795230865478516,7,lag_11__T2__is_walking,T2__is_walking,False,-2.2968344688415527,0.0004402948834467679,-0.0010112844647551106
124408,75.0,0.0015795230865478516,8,lag_10__CT1__duck_amount,CT1__duck_amount,False,-3.2041802406311035,0.00031154786120168865,-0.0009982555008733324
124408,75.0,0.0015795230865478516,9,lag_07__CT2__duck_amount,CT2__duck_amount,False,-2.8978590965270996,0.0003347429446876049,-0.0009700378872612436
124408,75.0,0.0015795230865478516,10,lag_03__T3__is_walking,T3__is_walking,False,-2.3223767280578613,-0.0004129338776692748,0.0009589880277258156
124408,75.0,0.0015795230865478516,11,lag_01__T2__is_walking,T2__is_walking,False,2.2968344688415527,0.00039995761471800506,0.0009186364355599635
124408,75.0,0.0015795230865478516,12,lag_07__CT2__is_walking,CT2__is_walking,False,2.360051155090332,0.00038290611701086164,0.0009036780237426378
124408,75.0,0.0015795230865478516,13,lag_11__CT2__is_walking,CT2__is_walking,False,-2.360051155090332,0.0003682550450321287,-0.0008691007443959176
124408,75.0,0.0015795230865478516,14,lag_15__CT1__is_walking,CT1__is_walking,False,-2.3343825340270996,-0.00031160173239186406,0.0007273976416681538
124408,75.0,0.0015795230865478516,15,lag_15__CT1__duck_amount,CT1__duck_amount,False,2.455442190170288,-0.0002918790269177407,-0.0007166920771196697
124408,75.0,0.0015795230865478516,16,lag_11__CT1__duck_amount,CT1__duck_amount,False,1.4697526693344116,0.00044415416778065264,0.0006527967736916183
124408,75.0,0.0015795230865478516,17,lag_03__T3__duck_amount,T3__duck_amount,False,1.8265323638916016,0.0003396302054170519,0.000620345561949398
124408,75.0,0.0015795230865478516,18,lag_12__T1__is_walking,T1__is_walking,False,2.281590461730957,0.000268021656665951,0.0006115156553863632
124408,75.0,0.0015795230865478516,19,lag_11__CT3__duck_amount,CT3__duck_amount,False,-1.3960918188095093,-0.00042933892109431326,0.0005993965552362722
124408,75.0,0.0015795230865478516,20,lag_09__T4__is_walking,T4__is_walking,False,-2.307980537414551,0.0002548225165810436,-0.0005881254087640453
121272,26.0,0.0015645623207092285,1,lag_05__T_place_KITCHEN,T_place_KITCHEN,False,-31.938587188720703,0.0003689427103381604,-0.011783508921778263
121272,26.0,0.0015645623207092285,2,lag_07__T_place_KITCHEN,T_place_KITCHEN,False,31.938587188720703,0.00031808181665837765,0.010159083834490268
121272,26.0,0.0015645623207092285,3,lag_13__T_place_UPSTAIRS,T_place_UPSTAIRS,False,16.86671257019043,0.0004865703813266009,0.00820684276700373
121272,26.0,0.0015645623207092285,4,lag_05__T_place_DECK,T_place_DECK,False,24.256479263305664,-0.00014756059681531042,-0.003579300556731585
121272,26.0,0.0015645623207092285,5,lag_13__CT3__duck_amount,CT3__duck_amount,False,-3.7208433151245117,0.0004851756093557924,-0.0018052624227329617
121272,26.0,0.0015645623207092285,6,lag_06__CT_place_BALCONY,CT_place_BALCONY,False,6.417822360992432,0.00022888356761541218,0.0014689340783059154
121272,26.0,0.0015645623207092285,7,lag_07__T_place_UPSTAIRS,T_place_UPSTAIRS,False,-16.86671257019043,-7.951354928081855e-05,0.0013411321811552385
121272,26.0,0.0015645623207092285,8,lag_08__T_place_BACKALLEY,T_place_BACKALLEY,False,-3.025209665298462,-0.00034508525277487934,0.0010439552420465278
121272,26.0,0.0015645623207092285,9,lag_15__T_place_BACKALLEY,T_place_BACKALLEY,False,-3.025209903717041,0.000332457508193329,-0.0010057537463515481
121272,26.0,0.0015645623207092285,10,lag_03__T3__is_walking,T3__is_walking,False,-2.3223767280578613,-0.0004129338776692748,0.0009589880277258156
121272,26.0,0.0015645623207092285,11,lag_01__T2__is_walking,T2__is_walking,False,-2.2968344688415527,0.00039995761471800506,-0.0009186364355599635
121272,26.0,0.0015645623207092285,12,lag_04__T3__is_walking,T3__is_walking,False,2.3223767280578613,0.00036516980617307127,0.0008480618596457407
121272,26.0,0.0015645623207092285,13,lag_05__T3__is_walking,T3__is_walking,False,-2.3223767280578613,0.0003475644043646753,-0.000807175484197814
121272,26.0,0.0015645623207092285,14,lag_13__T_place_LOWERMID,T_place_LOWERMID,False,-3.3263463973999023,-0.0002098303084494546,0.0006979682905761536
121272,26.0,0.0015645623207092285,15,lag_01__T4__duck_amount,T4__duck_amount,False,-3.0681588649749756,0.0002160709263989702,-0.0006629399282943559
121272,26.0,0.0015645623207092285,16,lag_10__T_place_APARTMENTS,T_place_APARTMENTS,False,2.288959503173828,0.000269630691036582,0.0006171737325955107
121272,26.0,0.0015645623207092285,17,lag_06__CT3__duck_amount,CT3__duck_amount,False,-3.7208433151245117,0.00016185805725399405,-0.0006022484703325642
121272,26.0,0.0015645623207092285,18,lag_14__CT1__is_walking,CT1__is_walking,False,-2.3343825340270996,0.0002578163694124669,-0.0006018420297427413
121272,26.0,0.0015645623207092285,19,lag_14__T5__is_walking,T5__is_walking,False,-2.3193888664245605,0.00024052569642663002,-0.0005578726223809394
121272,26.0,0.0015645623207092285,20,lag_01__T4__is_walking,T4__is_walking,False,2.307980537414551,-0.0002342455554753542,-0.0005406341830129779
121848,35.0,-0.0015458464622497559,1,lag_14__CT_place_BALCONY,CT_place_BALCONY,False,-6.417822360992432,-0.0005877211224287748,0.0037718897615509617
121848,35.0,-0.0015458464622497559,2,lag_07__T3__duck_amount,T3__duck_amount,False,-3.7704498767852783,-0.0008297670283354819,0.003128594989748004
121848,35.0,-0.0015458464622497559,3,lag_05__T_flash_duration_sum,T_flash_duration_sum,True,2.9531896114349365,-0.0009710621670819819,-0.0028677307038840055
121848,35.0,-0.0015458464622497559,4,lag_09__T3__duck_amount,T3__duck_amount,False,3.7704498767852783,-0.0004805804055649787,-0.001812004330947893
121848,35.0,-0.0015458464622497559,5,lag_15__T3__is_walking,T3__is_walking,False,-2.3223767280578613,0.0007450400153174996,-0.0017302635930452337
121848,35.0,-0.0015458464622497559,6,lag_08__T4__is_walking,T4__is_walking,False,-2.307980537414551,0.0005761355278082192,-0.0013297095850944296
121848,35.0,-0.0015458464622497559,7,lag_05__T_flashed_players,T_flashed_players,False,1.9296237230300903,-0.0006758904783055186,-0.0013042143011084834
121848,35.0,-0.0015458464622497559,8,lag_15__CT2__is_walking,CT2__is_walking,False,2.360051155090332,-0.00043083936907351017,-0.0010168029506403276
121848,35.0,-0.0015458464622497559,9,lag_03__T3__is_walking,T3__is_walking,False,2.3223767280578613,-0.0004129338776692748,-0.0009589880277258156
121848,35.0,-0.0015458464622497559,10,lag_14__T3__is_walking,T3__is_walking,False,2.3223767280578613,-0.00037350942147895694,-0.0008674295881530847
121848,35.0,-0.0015458464622497559,11,lag_09__T3__is_walking,T3__is_walking,False,-2.3223767280578613,0.00036043141153641045,-0.0008370575222132054
121848,35.0,-0.0015458464622497559,12,lag_00__CT3__duck_amount,CT3__duck_amount,False,3.7208433151245117,0.00022309769701678306,0.000830111574564571
121848,35.0,-0.0015458464622497559,13,lag_05__T3__is_walking,T3__is_walking,False,-2.3223767280578613,0.0003475644043646753,-0.000807175484197814
121848,35.0,-0.0015458464622497559,14,lag_05__CT_place_BANANA,CT_place_BANANA,False,2.960339307785034,0.000246574665652588,0.0007299446750353086
121848,35.0,-0.0015458464622497559,15,lag_13__T5__is_walking,T5__is_walking,False,2.3193888664245605,-0.000305213121464476,-0.0007079079158113927
121848,35.0,-0.0015458464622497559,16,lag_12__T3__is_walking,T3__is_walking,False,2.3223767280578613,0.00029835361056029797,0.0006928894818972742
121848,35.0,-0.0015458464622497559,17,lag_07__T1__is_walking,T1__is_walking,False,-2.281590461730957,0.00030015932861715555,-0.00068484066117247
121848,35.0,-0.0015458464622497559,18,lag_05__T4__flash_duration,T4__flash_duration,True,7.262770175933838,-9.074912668438628e-05,-0.0006590900507754023
121848,35.0,-0.0015458464622497559,19,lag_13__T2__is_walking,T2__is_walking,False,-2.2968344688415527,0.00027503244928084314,-0.0006317040095581566
121848,35.0,-0.0015458464622497559,20,lag_05__CT2__is_walking,CT2__is_walking,False,-2.360051155090332,-0.0002599559666123241,0.0006135093792760393
124760,80.5,-0.0015044212341308594,1,lag_04__CT1__duck_amount,CT1__duck_amount,False,3.8154516220092773,-0.0007108165300451219,-0.0027120860825116666
124760,80.5,-0.0015044212341308594,2,lag_07__T2__duck_amount,T2__duck_amount,False,-3.8233180046081543,0.0004784164484590292,-0.0018291382210940954
124760,80.5,-0.0015044212341308594,3,lag_10__T4__duck_amount,T4__duck_amount,False,3.6976382732391357,0.00031839829171076417,0.0011773217095636807
124760,80.5,-0.0015044212341308594,4,lag_02__T4__is_walking,T4__is_walking,False,-2.307980537414551,-0.000464164768345654,0.001071283251495303
124760,80.5,-0.0015044212341308594,5,lag_06__T3__duck_amount,T3__duck_amount,False,1.405470609664917,-0.0007399225141853094,-0.001039939347116825
124760,80.5,-0.0015044212341308594,6,lag_04__CT3__is_walking,CT3__is_walking,False,-2.387126922607422,0.0004291778604965657,-0.0010245020253784043
124760,80.5,-0.0015044212341308594,7,lag_10__T3__is_walking,T3__is_walking,False,-2.3223767280578613,0.0004356538411229849,-0.001011752342113037
124760,80.5,-0.0015044212341308594,8,lag_11__T2__is_walking,T2__is_walking,False,-2.2968344688415527,0.0004402948834467679,-0.0010112844647551106
124760,80.5,-0.0015044212341308594,9,lag_14__T3__duck_amount,T3__duck_amount,False,1.8265323638916016,0.0005507018067874014,0.0010058746729507684
124760,80.5,-0.0015044212341308594,10,lag_14__T2__is_walking,T2__is_walking,False,2.2968344688415527,0.0004084695829078555,0.0009381870174960949
124760,80.5,-0.0015044212341308594,11,lag_14__T3__is_walking,T3__is_walking,False,-2.3223767280578613,-0.00037350942147895694,0.0008674295881530847
124760,80.5,-0.0015044212341308594,12,lag_00__CT2__is_walking,CT2__is_walking,False,2.360051155090332,-0.00033712375443428755,-0.0007956293060610298
124760,80.5,-0.0015044212341308594,13,lag_13__T3__duck_amount,T3__duck_amount,False,1.2960797548294067,0.000605045526754111,0.0007841872579760975
124760,80.5,-0.0015044212341308594,14,lag_08__T1__is_walking,T1__is_walking,False,-2.281590461730957,-0.0003247926651965827,0.0007410438469526992
124760,80.5,-0.0015044212341308594,15,lag_15__CT1__is_walking,CT1__is_walking,False,2.3343825340270996,-0.00031160173239186406,-0.0007273976416681538
124760,80.5,-0.0015044212341308594,16,lag_13__CT5__duck_amount,CT5__duck_amount,False,3.7749595642089844,0.00018637387256603688,0.0007035538327618274
124760,80.5,-0.0015044212341308594,17,lag_10__T2__is_walking,T2__is_walking,False,2.2968344688415527,-0.0003049870138056576,-0.0007005046858578889
124760,80.5,-0.0015044212341308594,18,lag_12__T3__is_walking,T3__is_walking,False,2.3223767280578613,0.00029835361056029797,0.0006928894818972742
124760,80.5,-0.0015044212341308594,19,lag_07__T1__is_walking,T1__is_walking,False,2.281590461730957,0.00030015932861715555,0.00068484066117247
124760,80.5,-0.0015044212341308594,20,lag_08__T2__duck_amount,T2__duck_amount,False,3.8233180046081543,0.00017035132623277605,0.00065130729269465
119704,1.5,-0.0014992952346801758,1,lag_03__CT_velocity_mean,CT_velocity_mean,False,-1.694637656211853,-0.00032755310530774295,0.0005550838266636278
119704,1.5,-0.0014992952346801758,2,lag_02__CT_velocity_mean,CT_velocity_mean,False,2.835827350616455,-0.00019016802252735943,-0.000539283679495732
119704,1.5,-0.0014992952346801758,3,lag_03__T_velocity_mean,T_velocity_mean,False,-1.7359485626220703,-0.0002358929195906967,0.00040949797469619353
119704,1.5,-0.0014992952346801758,4,lag_02__T_velocity_mean,T_velocity_mean,False,3.396030902862549,-8.097670070128515e-05,-0.0002749993779934158
119704,1.5,-0.0014992952346801758,5,lag_03__T3__flash,T3__flash,True,2.2380197048187256,0.00011844553955597803,0.00026508345147416464
119704,1.5,-0.0014992952346801758,6,lag_03__T3__is_walking,T3__is_walking,False,-0.5709694027900696,-0.0004129338776692748,0.00023577260952461349
119704,1.5,-0.0014992952346801758,7,lag_03__T_unique_places,T_unique_places,False,-1.3668794631958008,0.00016204528219532222,-0.00022149636834055408
119704,1.5,-0.0014992952346801758,8,lag_03__CT_mean_X,CT_mean_X,False,2.121032476425171,-0.00010284926975145936,-0.00021814664131945827
119704,1.5,-0.0014992952346801758,9,lag_03__CT3__X,CT3__X,False,1.7566787004470825,-0.000123686229926534,-0.0002172769656505428
119704,1.5,-0.0014992952346801758,10,lag_03__CT2__molly,CT2__molly,True,1.9538549184799194,-0.00010847768135135993,-0.00021194965125365204
119704,1.5,-0.0014992952346801758,11,lag_03__CT_spread_xy,CT_spread_xy,False,-1.6160688400268555,0.000129220265080221,-0.00020882884389615552
119704,1.5,-0.0014992952346801758,12,lag_03__CT_unique_places,CT_unique_places,False,-1.6410033702850342,-0.00012468660133890808,0.0002046111330265346
119704,1.5,-0.0014992952346801758,13,lag_03__T_utility_damage_last_5s,T_utility_damage_last_5s,True,-0.1577683836221695,-0.001282121054828167,0.00020227816642819085
119704,1.5,-0.0014992952346801758,14,lag_03__T4__flash,T4__flash,True,1.9732310771942139,-0.00010096155165228993,-0.00019922047132204732
119704,1.5,-0.0014992952346801758,15,lag_03__T1__is_walking,T1__is_walking,False,-0.5917836427688599,0.00033243795041926205,-0.00019673134129372452
119704,1.5,-0.0014992952346801758,16,lag_03__CT_flashed_players,CT_flashed_players,False,-0.28172567486763,0.0006955666467547417,-0.000195958982972394
119704,1.5,-0.0014992952346801758,17,lag_03__T1__X,T1__X,False,-1.5198701620101929,-0.00012702724779956043,0.00019306492369282682
119704,1.5,-0.0014992952346801758,18,lag_03__CT_duck_amount_mean,CT_duck_amount_mean,False,-0.5503823161125183,-0.00033361322130076587,0.00018361481742527365
119704,1.5,-0.0014992952346801758,19,lag_03__CT5__X,CT5__X,False,1.8779115676879883,-9.579601464793086e-05,-0.00017989644404575733
119704,1.5,-0.0014992952346801758,20,lag_03__CT4__hp,CT4__hp,False,0.6174667477607727,0.00026678640278987586,0.0001647317324774602
124632,78.5,0.0014868974685668945,1,lag_06__T4__duck_amount,T4__duck_amount,False,3.6976382732391357,0.0004179595853202045,0.0015454633593471462
124632,78.5,0.0014868974685668945,2,lag_14__CT2__duck_amount,CT2__duck_amount,False,-2.8978590965270996,-0.00046352235949598253,0.0013432224859091374
124632,78.5,0.0014868974685668945,3,lag_04__T2__duck_amount,T2__duck_amount,False,3.8233180046081543,-0.00030877365497872233,-0.0011805398744288154
124632,78.5,0.0014868974685668945,4,lag_15__CT2__is_walking,CT2__is_walking,False,-2.360051155090332,-0.00043083936907351017,0.0010168029506403276
124632,78.5,0.0014868974685668945,5,lag_10__T3__is_walking,T3__is_walking,False,-2.3223767280578613,0.0004356538411229849,-0.001011752342113037
124632,78.5,0.0014868974685668945,6,lag_03__T2__duck_amount,T2__duck_amount,False,-3.8233180046081543,-0.00026269908994436264,0.0010043821603784586
124632,78.5,0.0014868974685668945,7,lag_11__CT1__is_walking,CT1__is_walking,False,2.3343825340270996,0.0004205553268548101,0.0009817370096019268
124632,78.5,0.0014868974685668945,8,lag_14__T3__is_walking,T3__is_walking,False,2.3223767280578613,-0.00037350942147895694,-0.0008674295881530847
124632,78.5,0.0014868974685668945,9,lag_15__CT1__duck_amount,CT1__duck_amount,False,-2.9699862003326416,-0.0002918790269177407,0.0008668766821122095
124632,78.5,0.0014868974685668945,10,lag_04__T3__is_walking,T3__is_walking,False,2.3223767280578613,0.00036516980617307127,0.0008480618596457407
124632,78.5,0.0014868974685668945,11,lag_04__T_duck_amount_mean,T_duck_amount_mean,False,1.4539681673049927,-0.0005479127285070717,-0.0007966476657105051
124632,78.5,0.0014868974685668945,12,lag_00__CT2__is_walking,CT2__is_walking,False,-2.360051155090332,-0.00033712375443428755,0.0007956293060610298
124632,78.5,0.0014868974685668945,13,lag_03__T1__is_walking,T1__is_walking,False,2.281590461730957,0.00033243795041926205,0.0007584872567939771
124632,78.5,0.0014868974685668945,14,lag_15__CT1__is_walking,CT1__is_walking,False,2.3343825340270996,-0.00031160173239186406,-0.0007273976416681538
124632,78.5,0.0014868974685668945,15,lag_10__T2__is_walking,T2__is_walking,False,2.2968344688415527,-0.0003049870138056576,-0.0007005046858578889
124632,78.5,0.0014868974685668945,16,lag_15__T_walking_count,T_walking_count,False,1.5941797494888306,0.00041995709761977196,0.0006694871006795444
124632,78.5,0.0014868974685668945,17,lag_01__T4__duck_amount,T4__duck_amount,False,-2.9631760120391846,0.0002160709263989702,-0.0006402561860045126
124632,78.5,0.0014868974685668945,18,lag_09__T3__duck_amount,T3__duck_amount,False,1.2960797548294067,-0.0004805804055649787,-0.0006228705342204745
124632,78.5,0.0014868974685668945,19,lag_02__T4__duck_amount,T4__duck_amount,False,-0.7344622611999512,0.0007360627641901374,-0.0005406103221721748
124632,78.5,0.0014868974685668945,20,lag_02__T1__is_walking,T1__is_walking,False,-2.281590461730957,0.00023264085757546127,-0.0005307911616530825
123544,61.5,-0.001479804515838623,1,lag_03__CT_place_LIBRARY,CT_place_LIBRARY,False,6.411735534667969,-0.0007810965762473643,-0.005008184673932714
123544,61.5,-0.001479804515838623,2,lag_00__CT_flashed_players,CT_flashed_players,False,4.379879951477051,0.0007712539518252015,0.0033779997210966473
123544,61.5,-0.001479804515838623,3,lag_04__CT1__duck_amount,CT1__duck_amount,False,-3.8154516220092773,-0.0007108165300451219,0.0027120860825116666
123544,61.5,-0.001479804515838623,4,lag_07__T3__duck_amount,T3__duck_amount,False,3.227454900741577,-0.0008297670283354819,-0.002678035662075126
123544,61.5,-0.001479804515838623,5,lag_07__CT3__duck_amount,CT3__duck_amount,False,3.7208433151245117,-0.0005844108527526259,-0.0021745012147508236
123544,61.5,-0.001479804515838623,6,lag_05__CT1__duck_amount,CT1__duck_amount,False,3.8154516220092773,0.00046185965766198933,0.0017622031799670868
123544,61.5,-0.001479804515838623,7,lag_06__T3__duck_amount,T3__duck_amount,False,-2.378060817718506,-0.0007399225141853094,0.0017595807391318496
123544,61.5,-0.001479804515838623,8,lag_02__CT1__duck_amount,CT1__duck_amount,False,-3.8154516220092773,0.00045581706217490137,-0.001739147949214731
123544,61.5,-0.001479804515838623,9,lag_12__T_place_SECONDMID,T_place_SECONDMID,False,3.274061679840088,0.0004920939682051539,0.0016111460041809411
123544,61.5,-0.001479804515838623,10,lag_10__T2__duck_amount,T2__duck_amount,False,3.8233180046081543,-0.0003491787938401103,-0.0013350215693162526
123544,61.5,-0.001479804515838623,11,lag_11__T_place_SECONDMID,T_place_SECONDMID,False,-3.274061679840088,0.0003458225983195007,-0.0011322445171806084
123544,61.5,-0.001479804515838623,12,lag_09__CT5__is_scoped,CT5__is_scoped,False,3.5760385990142822,-0.0002986537292599678,-0.001067997263573206
123544,61.5,-0.001479804515838623,13,lag_04__CT3__is_walking,CT3__is_walking,False,2.387126922607422,0.0004291778604965657,0.0010245020253784043
123544,61.5,-0.001479804515838623,14,lag_11__T2__is_walking,T2__is_walking,False,-2.2968344688415527,0.0004402948834467679,-0.0010112844647551106
123544,61.5,-0.001479804515838623,15,lag_11__CT1__is_walking,CT1__is_walking,False,2.3343825340270996,0.0004205553268548101,0.0009817370096019268
123544,61.5,-0.001479804515838623,16,lag_04__CT_place_RUINS,CT_place_RUINS,False,3.493913412094116,0.0002781023795250803,0.0009716656337579663
123544,61.5,-0.001479804515838623,17,lag_11__CT2__is_walking,CT2__is_walking,False,-2.360051155090332,0.0003682550450321287,-0.0008691007443959176
123544,61.5,-0.001479804515838623,18,lag_04__T3__is_walking,T3__is_walking,False,2.3223767280578613,0.00036516980617307127,0.0008480618596457407
123544,61.5,-0.001479804515838623,19,lag_07__CT_velocity_mean,CT_velocity_mean,False,2.379187822341919,0.00029181677382439375,0.0006942869146381037
123544,61.5,-0.001479804515838623,20,lag_03__CT1__duck_amount,CT1__duck_amount,False,3.8154516220092773,0.00017349857080262154,0.0006619754033851538
124056,69.5,0.001411736011505127,1,lag_12__T_flashes_last_5s,T_flashes_last_5s,True,9.0607271194458,-0.00020499108359217644,-0.0018573682703482142
124056,69.5,0.001411736011505127,2,lag_04__CT1__duck_amount,CT1__duck_amount,False,2.455442190170288,-0.0007108165300451219,-0.0017453688973432385
124056,69.5,0.001411736011505127,3,lag_12__CT_place_RUINS,CT_place_RUINS,False,3.493913412094116,-0.00048437880468554795,-0.0016923776022249523
124056,69.5,0.001411736011505127,4,lag_05__CT_place_LIBRARY,CT_place_LIBRARY,False,-6.411735534667969,-0.00025681674014776945,0.0016466410187030434
124056,69.5,0.001411736011505127,5,lag_09__T4__duck_amount,T4__duck_amount,False,3.6976382732391357,0.00043730647303164005,0.0016170011518170102
124056,69.5,0.001411736011505127,6,lag_12__CT2__is_walking,CT2__is_walking,False,-2.360051155090332,-0.0005939917173236609,0.0014018508385837958
124056,69.5,0.001411736011505127,7,lag_13__T3__duck_amount,T3__duck_amount,False,2.1249780654907227,0.000605045526754111,0.0012857084729757662
124056,69.5,0.001411736011505127,8,lag_02__T4__is_walking,T4__is_walking,False,-2.307980537414551,-0.000464164768345654,0.001071283251495303
124056,69.5,0.001411736011505127,9,lag_02__T_flashes_last_5s,T_flashes_last_5s,True,-9.0607271194458,0.00011386261030565947,-0.0010316780410873777
124056,69.5,0.001411736011505127,10,lag_10__T3__is_walking,T3__is_walking,False,2.3223767280578613,0.0004356538411229849,0.001011752342113037
124056,69.5,0.001411736011505127,11,lag_14__T2__is_walking,T2__is_walking,False,-2.2968344688415527,0.0004084695829078555,-0.0009381870174960949
124056,69.5,0.001411736011505127,12,lag_05__CT3__duck_amount,CT3__duck_amount,False,-2.2156026363372803,-0.0004106589185539633,0.0009098569825835776
124056,69.5,0.001411736011505127,13,lag_14__T3__duck_amount,T3__duck_amount,False,1.6454718112945557,0.0005507018067874014,0.0009061642994976499
124056,69.5,0.001411736011505127,14,lag_07__CT2__is_walking,CT2__is_walking,False,-2.360051155090332,0.00038290611701086164,-0.0009036780237426378
124056,69.5,0.001411736011505127,15,lag_14__T3__is_walking,T3__is_walking,False,-2.3223767280578613,-0.00037350942147895694,0.0008674295881530847
124056,69.5,0.001411736011505127,16,lag_04__T3__is_walking,T3__is_walking,False,-2.3223767280578613,0.00036516980617307127,-0.0008480618596457407
124056,69.5,0.001411736011505127,17,lag_04__T_duck_amount_mean,T_duck_amount_mean,False,-1.4539684057235718,-0.0005479127285070717,0.0007966477963430793
124056,69.5,0.001411736011505127,18,lag_00__CT2__is_walking,CT2__is_walking,False,-2.360051155090332,-0.00033712375443428755,0.0007956293060610298
124056,69.5,0.001411736011505127,19,lag_10__T3__duck_amount,T3__duck_amount,False,-3.7704498767852783,-0.00020265740749891847,0.0007641095971339211
124056,69.5,0.001411736011505127,20,lag_02__CT1__duck_amount,CT1__duck_amount,False,-1.6676081418991089,0.00045581706217490137,-0.0007601242440993979
121944,36.5,0.0013984441757202148,1,lag_15__T3__is_walking,T3__is_walking,False,2.3223767280578613,0.0007450400153174996,0.0017302635930452337
121944,36.5,0.0013984441757202148,2,lag_00__T3__duck_amount,T3__duck_amount,False,-3.7704498767852783,0.00042161077726632357,-0.0015896623031951551
121944,36.5,0.0013984441757202148,3,lag_12__CT2__is_walking,CT2__is_walking,False,-2.360051155090332,-0.0005939917173236609,0.0014018508385837958
121944,36.5,0.0013984441757202148,4,lag_08__T4__is_walking,T4__is_walking,False,-2.307980537414551,0.0005761355278082192,-0.0013297095850944296
121944,36.5,0.0013984441757202148,5,lag_12__T5__is_walking,T5__is_walking,False,2.3193888664245605,0.0004636989033315331,0.0010754980737604364
121944,36.5,0.0013984441757202148,6,lag_13__CT_place_PIT,CT_place_PIT,False,4.305429458618164,-0.00024701302754692733,-0.001063497165463001
121944,36.5,0.0013984441757202148,7,lag_10__T3__is_walking,T3__is_walking,False,2.3223767280578613,0.0004356538411229849,0.001011752342113037
121944,36.5,0.0013984441757202148,8,lag_11__CT1__is_walking,CT1__is_walking,False,-2.3343825340270996,0.0004205553268548101,-0.0009817370096019268
121944,36.5,0.0013984441757202148,9,lag_04__T3__is_walking,T3__is_walking,False,-2.3223767280578613,0.00036516980617307127,-0.0008480618596457407
121944,36.5,0.0013984441757202148,10,lag_02__T3__duck_amount,T3__duck_amount,False,-3.7704498767852783,-0.0002037809754256159,0.0007683459536846973
121944,36.5,0.0013984441757202148,11,lag_10__T3__duck_amount,T3__duck_amount,False,-3.7704498767852783,-0.00020265740749891847,0.0007641095971339211
121944,36.5,0.0013984441757202148,12,lag_08__T1__is_walking,T1__is_walking,False,2.281590461730957,-0.0003247926651965827,-0.0007410438469526992
121944,36.5,0.0013984441757202148,13,lag_13__T5__is_walking,T5__is_walking,False,-2.3193888664245605,-0.000305213121464476,0.0007079079158113927
121944,36.5,0.0013984441757202148,14,lag_10__T2__is_walking,T2__is_walking,False,-2.2968344688415527,-0.0003049870138056576,0.0007005046858578889
121944,36.5,0.0013984441757202148,15,lag_12__T3__is_walking,T3__is_walking,False,-2.3223767280578613,0.00029835361056029797,-0.0006928894818972742
121944,36.5,0.0013984441757202148,16,lag_04__T3__duck_amount,T3__duck_amount,False,3.7704498767852783,-0.00018243497470393777,-0.0006878619278937875
121944,36.5,0.0013984441757202148,17,lag_15__T_walking_count,T_walking_count,False,1.5941797494888306,0.00041995709761977196,0.0006694871006795444
121944,36.5,0.0013984441757202148,18,lag_02__CT3__duck_amount,CT3__duck_amount,False,-3.7208433151245117,0.00017465600103605539,-0.0006498676139013865
121944,36.5,0.0013984441757202148,19,lag_04__T_duck_amount_mean,T_duck_amount_mean,False,1.1631747484207153,-0.0005479127285070717,-0.0006373182501377209
121944,36.5,0.0013984441757202148,20,lag_12__CT_place_BANANA,CT_place_BANANA,False,-2.9603395462036133,0.00019947750843130052,-0.0005905211567873436
125560,93.0,-0.0013766884803771973,1,lag_05__CT3__duck_amount,CT3__duck_amount,False,2.5158700942993164,-0.0004106589185539633,-0.001033164492147215
125560,93.0,-0.0013766884803771973,2,lag_15__CT2__is_walking,CT2__is_walking,False,-2.360051155090332,-0.00043083936907351017,0.0010168029506403276
125560,93.0,-0.0013766884803771973,3,lag_11__T2__is_walking,T2__is_walking,False,-2.2968344688415527,0.0004402948834467679,-0.0010112844647551106
125560,93.0,-0.0013766884803771973,4,lag_14__T2__is_walking,T2__is_walking,False,2.2968344688415527,0.0004084695829078555,0.0009381870174960949
125560,93.0,-0.0013766884803771973,5,lag_01__T2__is_walking,T2__is_walking,False,-2.2968344688415527,0.00039995761471800506,-0.0009186364355599635
125560,93.0,-0.0013766884803771973,6,lag_07__CT2__is_walking,CT2__is_walking,False,2.360051155090332,0.00038290611701086164,0.0009036780237426378
125560,93.0,-0.0013766884803771973,7,lag_11__CT2__is_walking,CT2__is_walking,False,2.360051155090332,0.0003682550450321287,0.0008691007443959176
125560,93.0,-0.0013766884803771973,8,lag_00__CT2__is_walking,CT2__is_walking,False,-2.360051155090332,-0.00033712375443428755,0.0007956293060610298
125560,93.0,-0.0013766884803771973,9,lag_10__CT_place_RUINS,CT_place_RUINS,False,3.493913412094116,-0.0002121785219060257,-0.0007413333834457685
125560,93.0,-0.0013766884803771973,10,lag_08__T1__is_walking,T1__is_walking,False,-2.281590461730957,-0.0003247926651965827,0.0007410438469526992
125560,93.0,-0.0013766884803771973,11,lag_10__T2__is_walking,T2__is_walking,False,2.2968344688415527,-0.0003049870138056576,-0.0007005046858578889
125560,93.0,-0.0013766884803771973,12,lag_07__T1__is_walking,T1__is_walking,False,2.281590461730957,0.00030015932861715555,0.00068484066117247
125560,93.0,-0.0013766884803771973,13,lag_02__CT3__duck_amount,CT3__duck_amount,False,-3.7208433151245117,0.00017465600103605539,-0.0006498676139013865
125560,93.0,-0.0013766884803771973,14,lag_09__T1__is_walking,T1__is_walking,False,2.281590461730957,-0.00027209060499444604,-0.0006207993290819336
125560,93.0,-0.0013766884803771973,15,lag_12__T1__is_walking,T1__is_walking,False,-2.281590461730957,0.000268021656665951,-0.0006115156553863632
125560,93.0,-0.0013766884803771973,16,lag_01__T4__is_walking,T4__is_walking,False,2.307980537414551,-0.0002342455554753542,-0.0005406341830129779
125560,93.0,-0.0013766884803771973,17,lag_03__T2__is_walking,T2__is_walking,False,2.2968344688415527,0.0002332256262889132,0.0005356806574775344
125560,93.0,-0.0013766884803771973,18,lag_09__T_velocity_mean,T_velocity_mean,False,-1.2116055488586426,0.0004063413944095373,-0.0004923254881975536
125560,93.0,-0.0013766884803771973,19,lag_13__CT2__is_walking,CT2__is_walking,False,-2.360051155090332,0.00019857352890539914,-0.0004686436862635507
125560,93.0,-0.0013766884803771973,20,lag_02__CT3__is_walking,CT3__is_walking,False,2.387126922607422,-0.00017016154015436769,-0.000406197193694835
124024,69.0,0.0013597607612609863,1,lag_04__CT_place_LIBRARY,CT_place_LIBRARY,False,-6.411735534667969,-0.0005715794977732003,0.0036648165767600993
124024,69.0,0.0013597607612609863,2,lag_15__CT_flashed_players,CT_flashed_players,False,4.379879951477051,-0.0006049094372428954,-0.0026494307166394226
124024,69.0,0.0013597607612609863,3,lag_08__T4__duck_amount,T4__duck_amount,False,3.6976382732391357,-0.0005750535638071597,-0.002126340066695917
124024,69.0,0.0013597607612609863,4,lag_00__CT5__is_scoped,CT5__is_scoped,False,-3.5760385990142822,0.0005902426782995462,-0.002110730600384747
124024,69.0,0.0013597607612609863,5,lag_09__T3__duck_amount,T3__duck_amount,False,-3.7704498767852783,-0.0004805804055649787,0.001812004330947893
124024,69.0,0.0013597607612609863,6,lag_15__T3__is_walking,T3__is_walking,False,2.3223767280578613,0.0007450400153174996,0.0017302635930452337
124024,69.0,0.0013597607612609863,7,lag_08__T4__is_walking,T4__is_walking,False,-2.307980537414551,0.0005761355278082192,-0.0013297095850944296
124024,69.0,0.0013597607612609863,8,lag_03__T4__duck_amount,T4__duck_amount,False,-3.6976382732391357,-0.00032167002791538835,0.0011894194065738412
124024,69.0,0.0013597607612609863,9,lag_01__T_flashes_last_5s,T_flashes_last_5s,True,-9.0607271194458,0.00013009239046368748,-0.0011787316503078654
124024,69.0,0.0013597607612609863,10,lag_04__CT3__is_walking,CT3__is_walking,False,2.387126922607422,0.0004291778604965657,0.0010245020253784043
124024,69.0,0.0013597607612609863,11,lag_13__T3__duck_amount,T3__duck_amount,False,1.6454718112945557,0.000605045526754111,0.0009955853588237557
124024,69.0,0.0013597607612609863,12,lag_11__CT1__is_walking,CT1__is_walking,False,2.3343825340270996,0.0004205553268548101,0.0009817370096019268
124024,69.0,0.0013597607612609863,13,lag_03__T3__is_walking,T3__is_walking,False,-2.3223767280578613,-0.0004129338776692748,0.0009589880277258156
124024,69.0,0.0013597607612609863,14,lag_05__CT3__duck_amount,CT3__duck_amount,False,2.2156026363372803,-0.0004106589185539633,-0.0009098569825835776
124024,69.0,0.0013597607612609863,15,lag_07__CT2__is_walking,CT2__is_walking,False,2.360051155090332,0.00038290611701086164,0.0009036780237426378
124024,69.0,0.0013597607612609863,16,lag_11__CT2__is_walking,CT2__is_walking,False,-2.360051155090332,0.0003682550450321287,-0.0008691007443959176
124024,69.0,0.0013597607612609863,17,lag_09__T3__is_walking,T3__is_walking,False,2.3223767280578613,0.00036043141153641045,0.0008370575222132054
124024,69.0,0.0013597607612609863,18,lag_00__CT2__is_walking,CT2__is_walking,False,2.360051155090332,-0.00033712375443428755,-0.0007956293060610298
124024,69.0,0.0013597607612609863,19,lag_00__CT_scoped_count,CT_scoped_count,False,-2.141930103302002,0.00035353712155483663,-0.0007572518032930436
124024,69.0,0.0013597607612609863,20,lag_08__T1__is_walking,T1__is_walking,False,2.281590461730957,-0.0003247926651965827,-0.0007410438469526992
124504,76.5,-0.0012906789779663086,1,lag_02__T4__duck_amount,T4__duck_amount,False,3.6976382732391357,0.0007360627641901374,0.0027216938483756448
124504,76.5,-0.0012906789779663086,2,lag_00__T2__duck_amount,T2__duck_amount,False,3.8233180046081543,-0.0005197543068788946,-0.0019871859994627095
124504,76.5,-0.0012906789779663086,3,lag_06__T3__duck_amount,T3__duck_amount,False,1.8265323638916016,-0.0007399225141853094,-0.0013514924189315103
124504,76.5,-0.0012906789779663086,4,lag_11__CT1__duck_amount,CT1__duck_amount,False,-2.9699862003326416,0.00044415416778065264,-0.0013191317491287671
124504,76.5,-0.0012906789779663086,5,lag_11__T_place_SECONDMID,T_place_SECONDMID,False,-3.2740612030029297,0.0003458225983195007,-0.0011322443522795433
124504,76.5,-0.0012906789779663086,6,lag_05__CT5__duck_amount,CT5__duck_amount,False,3.7749595642089844,0.0002987968036904931,0.0011279458518465013
124504,76.5,-0.0012906789779663086,7,lag_09__CT5__is_scoped,CT5__is_scoped,False,3.5760385990142822,-0.0002986537292599678,-0.001067997263573206
124504,76.5,-0.0012906789779663086,8,lag_15__CT2__is_walking,CT2__is_walking,False,2.360051155090332,-0.00043083936907351017,-0.0010168029506403276
124504,76.5,-0.0012906789779663086,9,lag_10__T3__is_walking,T3__is_walking,False,2.3223767280578613,0.0004356538411229849,0.001011752342113037
124504,76.5,-0.0012906789779663086,10,lag_11__T2__is_walking,T2__is_walking,False,2.2968344688415527,0.0004402948834467679,0.0010112844647551106
124504,76.5,-0.0012906789779663086,11,lag_11__CT1__is_walking,CT1__is_walking,False,2.3343825340270996,0.0004205553268548101,0.0009817370096019268
124504,76.5,-0.0012906789779663086,12,lag_14__T2__is_walking,T2__is_walking,False,-2.2968344688415527,0.0004084695829078555,-0.0009381870174960949
124504,76.5,-0.0012906789779663086,13,lag_01__T2__is_walking,T2__is_walking,False,-2.2968344688415527,0.00039995761471800506,-0.0009186364355599635
124504,76.5,-0.0012906789779663086,14,lag_11__CT2__is_walking,CT2__is_walking,False,-2.360051155090332,0.0003682550450321287,-0.0008691007443959176
124504,76.5,-0.0012906789779663086,15,lag_04__T3__is_walking,T3__is_walking,False,2.3223767280578613,0.00036516980617307127,0.0008480618596457407
124504,76.5,-0.0012906789779663086,16,lag_15__CT1__is_walking,CT1__is_walking,False,-2.3343825340270996,-0.00031160173239186406,0.0007273976416681538
124504,76.5,-0.0012906789779663086,17,lag_07__T1__is_walking,T1__is_walking,False,2.281590461730957,0.00030015932861715555,0.00068484066117247
124504,76.5,-0.0012906789779663086,18,lag_15__T_walking_count,T_walking_count,False,1.594179630279541,0.00041995709761977196,0.0006694870506167572
124504,76.5,-0.0012906789779663086,19,lag_00__T_duck_amount_mean,T_duck_amount_mean,False,1.4539681673049927,-0.0004539376823231578,-0.0006600109400380777
124504,76.5,-0.0012906789779663086,20,lag_04__T_duck_amount_mean,T_duck_amount_mean,False,-1.2041479349136353,-0.0005479127285070717,0.0006597679805446857
123480,60.5,-0.0012450218200683594,1,lag_01__CT_place_LIBRARY,CT_place_LIBRARY,False,6.411735534667969,-0.00040003840695135295,-0.0025649404690819555
123480,60.5,-0.0012450218200683594,2,lag_10__T_place_SECONDMID,T_place_SECONDMID,False,3.274061679840088,0.0006682166131213307,0.0021877824068530782
123480,60.5,-0.0012450218200683594,3,lag_02__CT1__duck_amount,CT1__duck_amount,False,-3.8154516220092773,0.00045581706217490137,-0.001739147949214731
123480,60.5,-0.0012450218200683594,4,lag_07__CT5__is_scoped,CT5__is_scoped,False,3.5760385990142822,0.0004739676951430738,0.001694926772517466
123480,60.5,-0.0012450218200683594,5,lag_02__CT5__duck_amount,CT5__duck_amount,False,3.7749595642089844,0.0004325854533817619,0.0016329925945811619
123480,60.5,-0.0012450218200683594,6,lag_05__CT3__duck_amount,CT3__duck_amount,False,3.7208433151245117,-0.0004106589185539633,-0.0015279974918977757
123480,60.5,-0.0012450218200683594,7,lag_09__T_place_SECONDMID,T_place_SECONDMID,False,-3.274061679840088,0.000413242174545303,-0.0013529803681725655
123480,60.5,-0.0012450218200683594,8,lag_03__T4__duck_amount,T4__duck_amount,False,-3.6976382732391357,-0.00032167002791538835,0.0011894194065738412
123480,60.5,-0.0012450218200683594,9,lag_02__T4__is_walking,T4__is_walking,False,2.307980537414551,-0.000464164768345654,-0.001071283251495303
123480,60.5,-0.0012450218200683594,10,lag_15__CT2__is_walking,CT2__is_walking,False,2.360051155090332,-0.00043083936907351017,-0.0010168029506403276
123480,60.5,-0.0012450218200683594,11,lag_03__T2__duck_amount,T2__duck_amount,False,-3.8233180046081543,-0.00026269908994436264,0.0010043821603784586
123480,60.5,-0.0012450218200683594,12,lag_04__CT3__duck_amount,CT3__duck_amount,False,-3.7208433151245117,0.0002510395715944469,-0.000934078911798919
123480,60.5,-0.0012450218200683594,13,lag_05__T3__is_walking,T3__is_walking,False,-2.3223767280578613,0.0003475644043646753,-0.000807175484197814
123480,60.5,-0.0012450218200683594,14,lag_03__T1__is_walking,T1__is_walking,False,-2.281590461730957,0.00033243795041926205,-0.0007584872567939771
123480,60.5,-0.0012450218200683594,15,lag_03__CT_velocity_mean,CT_velocity_mean,False,-2.128528118133545,-0.00032755310530774295,0.000697205994829489
123480,60.5,-0.0012450218200683594,16,lag_03__CT1__duck_amount,CT1__duck_amount,False,3.8154516220092773,0.00017349857080262154,0.0006619754033851538
123480,60.5,-0.0012450218200683594,17,lag_05__T3__duck_amount,T3__duck_amount,False,3.227454900741577,0.00020415440667420626,0.0006588991403286559
123480,60.5,-0.0012450218200683594,18,lag_08__T2__duck_amount,T2__duck_amount,False,3.8233180046081543,0.00017035132623277605,0.00065130729269465
123480,60.5,-0.0012450218200683594,19,lag_07__CT_scoped_count,CT_scoped_count,False,2.141930103302002,0.0002997195115312934,0.0006419782442958488
123480,60.5,-0.0012450218200683594,20,lag_03__T_duck_amount_mean,T_duck_amount_mean,False,-3.2354815006256104,-0.00019780837465077639,0.0006400053368514069
122872,51.0,-0.0012423992156982422,1,lag_14__CT5__is_scoped,CT5__is_scoped,False,3.5760385990142822,-0.0008743734215386212,-0.0031267931053742953
122872,51.0,-0.0012423992156982422,2,lag_10__T5__duck_amount,T5__duck_amount,False,3.3711371421813965,0.0006660933722741902,0.0022454921074343825
122872,51.0,-0.0012423992156982422,3,lag_08__T4__duck_amount,T4__duck_amount,False,-3.6976382732391357,-0.0005750535638071597,0.002126340066695917
122872,51.0,-0.0012423992156982422,4,lag_14__T_place_BALCONY,T_place_BALCONY,False,-13.751577377319336,0.00014580889546778053,-0.0020051023083266506
122872,51.0,-0.0012423992156982422,5,lag_10__CT_shots_fired_sum,CT_shots_fired_sum,False,2.778964042663574,-0.0006777507369406521,-0.0018834449278468113
122872,51.0,-0.0012423992156982422,6,lag_09__T_place_PIT,T_place_PIT,False,-6.3102264404296875,-0.00024615039001218975,0.0015532646993769994
122872,51.0,-0.0012423992156982422,7,lag_12__CT5__is_scoped,CT5__is_scoped,False,-3.5760385990142822,0.0003804228617809713,-0.0013604068376762285
122872,51.0,-0.0012423992156982422,8,lag_15__CT_flashed_players,CT_flashed_players,False,-2.1899399757385254,-0.0006049094372428954,0.0013247153583197113
122872,51.0,-0.0012423992156982422,9,lag_15__T3__duck_amount,T3__duck_amount,False,-3.5818843841552734,-0.00035632168874144554,0.0012763030926388197
122872,51.0,-0.0012423992156982422,10,lag_08__utility_damage_diff_last_5s,utility_damage_diff_last_5s,True,4.243395805358887,-0.0002907898451667279,-0.0012339364092214533
122872,51.0,-0.0012423992156982422,11,lag_10__T4__duck_amount,T4__duck_amount,False,3.6976382732391357,0.00031839829171076417,0.0011773217095636807
122872,51.0,-0.0012423992156982422,12,lag_09__T_kills_last_3s,T_kills_last_3s,False,-3.1681017875671387,-0.00034960461198352277,0.0011075829961667144
122872,51.0,-0.0012423992156982422,13,lag_09__CT_shots_fired_sum,CT_shots_fired_sum,False,-1.3894821405410767,0.0007826819201000035,-0.0010875225497033528
122872,51.0,-0.0012423992156982422,14,lag_14__CT_scoped_count,CT_scoped_count,False,2.141930103302002,-0.0005059474497102201,-0.0010837040732231962
122872,51.0,-0.0012423992156982422,15,lag_09__kill_diff_last_3s,kill_diff_last_3s,False,4.813891887664795,0.00022313230147119612,0.0010741347759281664
122872,51.0,-0.0012423992156982422,16,lag_09__T5__flash_duration,T5__flash_duration,True,-7.137953758239746,-0.00014178191486280411,0.0010120327520453803
122872,51.0,-0.0012423992156982422,17,lag_09__T_flashed_players,T_flashed_players,False,-1.9296237230300903,0.0005203051841817796,-0.0010039932266127025
122872,51.0,-0.0012423992156982422,18,lag_06__T_place_APARTMENTS,T_place_APARTMENTS,False,-2.288959503173828,0.0004327136557549238,-0.0009904640344933213
122872,51.0,-0.0012423992156982422,19,lag_08__T_utility_damage_last_5s,T_utility_damage_last_5s,True,-6.710264205932617,-0.00014705758076161146,0.0009867952203956865
122872,51.0,-0.0012423992156982422,20,lag_01__T2__is_walking,T2__is_walking,False,2.2968344688415527,0.00039995761471800506,0.0009186364355599635
124696,79.5,-0.0012145638465881348,1,lag_08__T4__duck_amount,T4__duck_amount,False,3.6976382732391357,-0.0005750535638071597,-0.002126340066695917
124696,79.5,-0.0012145638465881348,2,lag_02__CT1__duck_amount,CT1__duck_amount,False,3.8154516220092773,0.00045581706217490137,0.001739147949214731
124696,79.5,-0.0012145638465881348,3,lag_02__T4__is_walking,T4__is_walking,False,2.307980537414551,-0.000464164768345654,-0.001071283251495303
124696,79.5,-0.0012145638465881348,4,lag_10__T3__is_walking,T3__is_walking,False,2.3223767280578613,0.0004356538411229849,0.001011752342113037
124696,79.5,-0.0012145638465881348,5,lag_11__T2__is_walking,T2__is_walking,False,-2.2968344688415527,0.0004402948834467679,-0.0010112844647551106
124696,79.5,-0.0012145638465881348,6,lag_03__T4__duck_amount,T4__duck_amount,False,-2.9631760120391846,-0.00032167002791538835,0.0009531649105108536
124696,79.5,-0.0012145638465881348,7,lag_14__T2__is_walking,T2__is_walking,False,-2.2968344688415527,0.0004084695829078555,-0.0009381870174960949
124696,79.5,-0.0012145638465881348,8,lag_04__T3__is_walking,T3__is_walking,False,-2.3223767280578613,0.00036516980617307127,-0.0008480618596457407
124696,79.5,-0.0012145638465881348,9,lag_03__T3__duck_amount,T3__duck_amount,False,2.3649792671203613,0.0003396302054170519,0.0008032183942991572
124696,79.5,-0.0012145638465881348,10,lag_00__CT2__is_walking,CT2__is_walking,False,2.360051155090332,-0.00033712375443428755,-0.0007956293060610298
124696,79.5,-0.0012145638465881348,11,lag_03__T1__is_walking,T1__is_walking,False,2.281590461730957,0.00033243795041926205,0.0007584872567939771
124696,79.5,-0.0012145638465881348,12,lag_08__T1__is_walking,T1__is_walking,False,-2.281590461730957,-0.0003247926651965827,0.0007410438469526992
124696,79.5,-0.0012145638465881348,13,lag_15__CT1__is_walking,CT1__is_walking,False,-2.3343825340270996,-0.00031160173239186406,0.0007273976416681538
124696,79.5,-0.0012145638465881348,14,lag_10__T2__is_walking,T2__is_walking,False,2.2968344688415527,-0.0003049870138056576,-0.0007005046858578889
124696,79.5,-0.0012145638465881348,15,lag_12__T3__is_walking,T3__is_walking,False,-2.3223767280578613,0.00029835361056029797,-0.0006928894818972742
124696,79.5,-0.0012145638465881348,16,lag_07__T1__is_walking,T1__is_walking,False,2.281590461730957,0.00030015932861715555,0.00068484066117247
124696,79.5,-0.0012145638465881348,17,lag_15__CT5__is_scoped,CT5__is_scoped,False,3.5760385990142822,-0.0001798135635908693,-0.0006430202440272578
124696,79.5,-0.0012145638465881348,18,lag_10__T3__duck_amount,T3__duck_amount,False,-3.122612237930298,-0.00020265740749891847,0.0006328205007633501
124696,79.5,-0.0012145638465881348,19,lag_09__T4__is_walking,T4__is_walking,False,-2.307980537414551,0.0002548225165810436,-0.0005881254087640453
124696,79.5,-0.0012145638465881348,20,lag_02__CT2__is_walking,CT2__is_walking,False,-2.360051155090332,0.00024049539933912456,-0.0005675814450042116
123672,63.5,-0.001183629035949707,1,lag_00__CT_place_RUINS,CT_place_RUINS,False,3.493913412094116,0.000645243504550308,0.002254424934614932
123672,63.5,-0.001183629035949707,2,lag_02__CT_flashed_players,CT_flashed_players,False,-4.379879951477051,0.0005107324104756117,-0.0022369466452116793
123672,63.5,-0.001183629035949707,3,lag_04__CT_flashed_players,CT_flashed_players,False,4.379879951477051,-0.00037005386548116803,-0.0016207915063875533
123672,63.5,-0.001183629035949707,4,lag_09__T4__duck_amount,T4__duck_amount,False,-3.6976382732391357,0.00043730647303164005,-0.0016170011518170102
123672,63.5,-0.001183629035949707,5,lag_11__CT3__duck_amount,CT3__duck_amount,False,3.7208433151245117,-0.00042933892109431326,-0.0015975028544765457
123672,63.5,-0.001183629035949707,6,lag_08__T4__is_walking,T4__is_walking,False,2.307980537414551,0.0005761355278082192,0.0013297095850944296
123672,63.5,-0.001183629035949707,7,lag_09__T2__duck_amount,T2__duck_amount,False,-3.8233180046081543,0.0002876898506656289,-0.0010999297857929302
123672,63.5,-0.001183629035949707,8,lag_14__T2__duck_amount,T2__duck_amount,False,3.8233180046081543,-0.0002819385554175824,-0.0010779407551212566
123672,63.5,-0.001183629035949707,9,lag_15__CT2__is_walking,CT2__is_walking,False,-2.360051155090332,-0.00043083936907351017,0.0010168029506403276
123672,63.5,-0.001183629035949707,10,lag_01__T2__is_walking,T2__is_walking,False,2.2968344688415527,0.00039995761471800506,0.0009186364355599635
123672,63.5,-0.001183629035949707,11,lag_02__CT5__duck_amount,CT5__duck_amount,False,-2.1153035163879395,0.0004325854533817619,-0.000915049530676712
123672,63.5,-0.001183629035949707,12,lag_07__CT2__is_walking,CT2__is_walking,False,2.360051155090332,0.00038290611701086164,0.0009036780237426378
123672,63.5,-0.001183629035949707,13,lag_04__T3__is_walking,T3__is_walking,False,2.3223767280578613,0.00036516980617307127,0.0008480618596457407
123672,63.5,-0.001183629035949707,14,lag_08__CT_place_RUINS,CT_place_RUINS,False,3.493913412094116,0.00023426191182807088,0.0008184908356789061
123672,63.5,-0.001183629035949707,15,lag_07__CT_place_LIBRARY,CT_place_LIBRARY,False,6.411735534667969,0.00012422824511304498,0.0007965186536007529
123672,63.5,-0.001183629035949707,16,lag_00__CT2__is_walking,CT2__is_walking,False,-2.360051155090332,-0.00033712375443428755,0.0007956293060610298
123672,63.5,-0.001183629035949707,17,lag_08__T1__is_walking,T1__is_walking,False,2.281590461730957,-0.0003247926651965827,-0.0007410438469526992
123672,63.5,-0.001183629035949707,18,lag_15__CT1__is_walking,CT1__is_walking,False,2.3343825340270996,-0.00031160173239186406,-0.0007273976416681538
123672,63.5,-0.001183629035949707,19,lag_09__T1__is_walking,T1__is_walking,False,-2.281590461730957,-0.00027209060499444604,0.0006207993290819336
123672,63.5,-0.001183629035949707,20,lag_06__CT1__duck_amount,CT1__duck_amount,False,-3.8154516220092773,0.00016200199024751782,-0.000618110756458623
127032,116.0,0.00109314254950732,1,lag_01__T_place_BALCONY,T_place_BALCONY,False,13.751577377319336,-0.0011894683120772243,-0.016357065531399373
127032,116.0,0.00109314254950732,2,lag_12__T_place_BALCONY,T_place_BALCONY,False,13.751577377319336,-0.0008701588376425207,-0.011966056586399376
127032,116.0,0.00109314254950732,3,lag_06__T_place_BALCONY,T_place_BALCONY,False,-13.751577377319336,-0.0008166214684024453,0.011229833310716364
127032,116.0,0.00109314254950732,4,lag_00__T_place_PIT,T_place_PIT,False,-6.3102264404296875,-0.0015645284438505769,0.009872528753190224
127032,116.0,0.00109314254950732,5,lag_12__T_bomb_zone_count,T_bomb_zone_count,False,-5.821373462677002,-0.0007954155444167554,0.00463041094206848
127032,116.0,0.00109314254950732,6,lag_00__kill_diff_last_3s,kill_diff_last_3s,False,2.4069459438323975,0.0016697304090484977,0.004018950835352891
127032,116.0,0.00109314254950732,7,lag_14__CT_place_LIBRARY,CT_place_LIBRARY,False,-6.411735534667969,-0.00033181949402205646,0.002127538840916765
127032,116.0,0.00109314254950732,8,lag_00__damage_diff_last_5s,damage_diff_last_5s,False,1.6017448902130127,0.0012363108107820153,0.0019802545238852
127032,116.0,0.00109314254950732,9,lag_02__T4__duck_amount,T4__duck_amount,False,-2.6546096801757812,0.0007360627641901374,-0.001953959339036082
127032,116.0,0.00109314254950732,10,lag_00__CT_kills_last_3s,CT_kills_last_3s,False,2.8871407508850098,0.0005478134262375534,0.0015816144667723797
127032,116.0,0.00109314254950732,11,lag_06__damage_diff_last_5s,damage_diff_last_5s,False,2.255978584289551,-0.0005864716367796063,-0.001323067452868032
127032,116.0,0.00109314254950732,12,lag_03__T4__duck_amount,T4__duck_amount,False,3.6976382732391357,-0.00032167002791538835,-0.0011894194065738412
127032,116.0,0.00109314254950732,13,lag_11__kill_diff_last_3s,kill_diff_last_3s,False,-2.4069459438323975,0.0004664371663238853,-0.0011226890455359531
127032,116.0,0.00109314254950732,14,lag_10__kill_diff_last_3s,kill_diff_last_3s,False,2.4069459438323975,0.00043957619345746934,0.001058036135847741
127032,116.0,0.00109314254950732,15,lag_10__T_kills_last_3s,T_kills_last_3s,False,-3.1681017875671387,-0.0003286496503278613,0.0010411955446870125
127032,116.0,0.00109314254950732,16,lag_00__CT_damage_last_5s,CT_damage_last_5s,False,1.5477044582366943,0.0006604897789657116,0.0010222429755250007
127032,116.0,0.00109314254950732,17,lag_06__T_place_APARTMENTS,T_place_APARTMENTS,False,2.288959264755249,0.0004327136557549238,0.0009904639313263464
127032,116.0,0.00109314254950732,18,lag_10__CT_duck_amount_mean,CT_duck_amount_mean,False,-5.988534450531006,0.0001594846835359931,-0.0009550795216873298
127032,116.0,0.00109314254950732,19,lag_01__T2__is_walking,T2__is_walking,False,-2.2968344688415527,0.00039995761471800506,-0.0009186364355599635
127032,116.0,0.00109314254950732,20,lag_05__kill_diff_last_3s,kill_diff_last_3s,False,2.4069459438323975,-0.00036400335375219584,-0.0008761363958552371
124120,70.5,0.0010848641395568848,1,lag_04__T_flashes_last_5s,T_flashes_last_5s,True,-9.0607271194458,0.00022156645718496293,-0.0020075532073753205
124120,70.5,0.0010848641395568848,2,lag_14__CT_place_RUINS,CT_place_RUINS,False,3.493913412094116,-0.0004953124444000423,-0.001730578792666429
124120,70.5,0.0010848641395568848,3,lag_06__T4__duck_amount,T4__duck_amount,False,-3.6976382732391357,0.0004179595853202045,-0.0015454633593471462
124120,70.5,0.0010848641395568848,4,lag_14__T_flashes_last_5s,T_flashes_last_5s,True,9.0607271194458,0.00014714339340571314,0.0013332261350784275
124120,70.5,0.0010848641395568848,5,lag_07__CT3__duck_amount,CT3__duck_amount,False,-2.2156026363372803,-0.0005844108527526259,0.0012948222260628361
124120,70.5,0.0010848641395568848,6,lag_04__CT1__duck_amount,CT1__duck_amount,False,-1.6676081418991089,-0.0007108165300451219,0.0011853634328997179
124120,70.5,0.0010848641395568848,7,lag_11__T4__duck_amount,T4__duck_amount,False,3.6976382732391357,0.0003145233786199242,0.0011629936826135154
124120,70.5,0.0010848641395568848,8,lag_04__CT3__is_walking,CT3__is_walking,False,2.387126922607422,0.0004291778604965657,0.0010245020253784043
124120,70.5,0.0010848641395568848,9,lag_07__CT_place_LIBRARY,CT_place_LIBRARY,False,-6.411735534667969,0.00012422824511304498,-0.0007965186536007529
124120,70.5,0.0010848641395568848,10,lag_03__T1__is_walking,T1__is_walking,False,2.281590461730957,0.00033243795041926205,0.0007584872567939771
124120,70.5,0.0010848641395568848,11,lag_15__T3__duck_amount,T3__duck_amount,False,2.1249780654907227,-0.00035632168874144554,-0.0007571757728341844
124120,70.5,0.0010848641395568848,12,lag_15__CT1__is_walking,CT1__is_walking,False,-2.3343825340270996,-0.00031160173239186406,0.0007273976416681538
124120,70.5,0.0010848641395568848,13,lag_12__T3__is_walking,T3__is_walking,False,2.3223767280578613,0.00029835361056029797,0.0006928894818972742
124120,70.5,0.0010848641395568848,14,lag_02__CT1__duck_amount,CT1__duck_amount,False,1.4697526693344116,0.00045581706217490137,0.0006699383438597308
124120,70.5,0.0010848641395568848,15,lag_00__T_duck_amount_mean,T_duck_amount_mean,False,1.4539684057235718,-0.0004539376823231578,-0.0006600110482652549
124120,70.5,0.0010848641395568848,16,lag_09__T1__is_walking,T1__is_walking,False,-2.281590461730957,-0.00027209060499444604,0.0006207993290819336
124120,70.5,0.0010848641395568848,17,lag_12__T1__is_walking,T1__is_walking,False,-2.281590461730957,0.000268021656665951,-0.0006115156553863632
124120,70.5,0.0010848641395568848,18,lag_14__CT1__is_walking,CT1__is_walking,False,2.3343825340270996,0.0002578163694124669,0.0006018420297427413
124120,70.5,0.0010848641395568848,19,lag_10__CT1__is_walking,CT1__is_walking,False,-2.3343825340270996,0.00024633793509565294,-0.0005750469731555935
124120,70.5,0.0010848641395568848,20,lag_02__CT2__is_walking,CT2__is_walking,False,-2.360051155090332,0.00024049539933912456,-0.0005675814450042116
126680,110.5,-0.0010812245309352875,1,lag_01__T_place_BALCONY,T_place_BALCONY,False,13.751577377319336,-0.0011894683120772243,-0.016357065531399373
126680,110.5,-0.0010812245309352875,2,lag_14__T_place_ARCH,T_place_ARCH,False,-9.303513526916504,-0.0008214685949496925,0.0076425441850515585
126680,110.5,-0.0010812245309352875,3,lag_00__T_kills_last_3s,T_kills_last_3s,False,3.1681017875671387,-0.0015966312494128942,-0.005058290315350544
126680,110.5,-0.0010812245309352875,4,lag_03__CT_place_LIBRARY,CT_place_LIBRARY,False,-6.411735534667969,-0.0007810965762473643,0.005008184673932714
126680,110.5,-0.0010812245309352875,5,lag_00__kill_diff_last_3s,kill_diff_last_3s,False,-2.4069459438323975,0.0016697304090484977,-0.004018950835352891
126680,110.5,-0.0010812245309352875,6,lag_01__T_bomb_zone_count,T_bomb_zone_count,False,-5.821373462677002,-0.00043515925062820315,0.0025332245136454323
126680,110.5,-0.0010812245309352875,7,lag_06__T4__flash_duration,T4__flash_duration,True,-6.295469284057617,-0.00036726653343066573,0.002312115180275076
126680,110.5,-0.0010812245309352875,8,lag_06__T3__duck_amount,T3__duck_amount,False,2.9432532787323,-0.0007399225141853094,-0.0021777793658837585
126680,110.5,-0.0010812245309352875,9,lag_06__T_place_PIT,T_place_PIT,False,6.3102264404296875,0.00033037926186807454,0.0020847679536095676
126680,110.5,-0.0010812245309352875,10,lag_00__CT_duck_amount_mean,CT_duck_amount_mean,False,5.8474931716918945,0.0003346470184624195,0.0019568461553860494
126680,110.5,-0.0010812245309352875,11,lag_07__T2__duck_amount,T2__duck_amount,False,3.8233180046081543,0.0004784164484590292,0.0018291382210940954
126680,110.5,-0.0010812245309352875,12,lag_12__CT2__duck_amount,CT2__duck_amount,False,-3.8097944259643555,0.0004578091611620039,-0.0017441587903504197
126680,110.5,-0.0010812245309352875,13,lag_11__CT3__duck_amount,CT3__duck_amount,False,-3.7208433151245117,-0.00042933892109431326,0.0015975028544765457
126680,110.5,-0.0010812245309352875,14,lag_13__CT2__duck_amount,CT2__duck_amount,False,3.8097944259643555,-0.00034235691418871284,-0.0013043094633665153
126680,110.5,-0.0010812245309352875,15,lag_07__CT2__duck_amount,CT2__duck_amount,False,-3.8097944259643555,0.0003347429446876049,-0.0012753018048017317
126680,110.5,-0.0010812245309352875,16,lag_12__CT3__duck_amount,CT3__duck_amount,False,3.7208433151245117,0.0003121037152595818,0.001161289022549139
126680,110.5,-0.0010812245309352875,17,lag_09__T_kills_last_3s,T_kills_last_3s,False,-3.1681017875671387,-0.00034960461198352277,0.0011075829961667144
126680,110.5,-0.0010812245309352875,18,lag_14__T2__duck_amount,T2__duck_amount,False,-3.8233180046081543,-0.0002819385554175824,0.0010779407551212566
126680,110.5,-0.0010812245309352875,19,lag_01__CT_place_ARCH,CT_place_ARCH,False,4.080447673797607,-0.00024102495808620006,-0.0009834897295500009
126680,110.5,-0.0010812245309352875,20,lag_01__T2__duck_amount,T2__duck_amount,False,-3.3454031944274902,-0.0002749538398347795,0.0009198314541033759
126072,101.0,-0.0010169148445129395,1,lag_06__T_place_QUAD,T_place_QUAD,False,24.086301803588867,0.0009919478325173259,0.023892354867428134
126072,101.0,-0.0010169148445129395,2,lag_02__T_place_QUAD,T_place_QUAD,False,-24.086301803588867,0.0005735664162784815,-0.013815093806886392
126072,101.0,-0.0010169148445129395,3,lag_08__CT5__is_scoped,CT5__is_scoped,False,-3.5760385990142822,0.0011209924705326557,-0.004008712343829157
126072,101.0,-0.0010169148445129395,4,lag_03__T_place_ARCH,T_place_ARCH,False,9.303513526916504,0.00026554823853075504,0.00247053162921973
126072,101.0,-0.0010169148445129395,5,lag_00__CT5__is_scoped,CT5__is_scoped,False,3.5760385990142822,0.0005902426782995462,0.002110730600384747
126072,101.0,-0.0010169148445129395,6,lag_09__T3__duck_amount,T3__duck_amount,False,3.7704498767852783,-0.0004805804055649787,-0.001812004330947893
126072,101.0,-0.0010169148445129395,7,lag_13__CT3__duck_amount,CT3__duck_amount,False,-3.7208433151245117,0.0004851756093557924,-0.0018052624227329617
126072,101.0,-0.0010169148445129395,8,lag_12__T4__duck_amount,T4__duck_amount,False,-3.6976382732391357,0.0004697070689871907,-0.0017368068354980115
126072,101.0,-0.0010169148445129395,9,lag_00__T3__duck_amount,T3__duck_amount,False,3.7704498767852783,0.00042161077726632357,0.0015896623031951551
126072,101.0,-0.0010169148445129395,10,lag_08__CT_scoped_count,CT_scoped_count,False,-2.141930103302002,0.0006835056701675057,-0.0014640213707093896
126072,101.0,-0.0010169148445129395,11,lag_12__CT2__is_walking,CT2__is_walking,False,-2.360051155090332,-0.0005939917173236609,0.0014018508385837958
126072,101.0,-0.0010169148445129395,12,lag_08__T4__is_walking,T4__is_walking,False,-2.307980537414551,0.0005761355278082192,-0.0013297095850944296
126072,101.0,-0.0010169148445129395,13,lag_00__damage_diff_last_5s,damage_diff_last_5s,False,-0.9475111961364746,0.0012363108107820153,-0.001171418335120522
126072,101.0,-0.0010169148445129395,14,lag_15__CT2__is_walking,CT2__is_walking,False,2.360051155090332,-0.00043083936907351017,-0.0010168029506403276
126072,101.0,-0.0010169148445129395,15,lag_01__CT_flashed_players,CT_flashed_players,False,2.1899399757385254,0.0004563998954836279,0.0009994883760424816
126072,101.0,-0.0010169148445129395,16,lag_10__CT_shots_fired_sum,CT_shots_fired_sum,False,-1.389482021331787,-0.0006777507369406521,0.0009417224639234056
126072,101.0,-0.0010169148445129395,17,lag_14__T2__is_walking,T2__is_walking,False,2.2968344688415527,0.0004084695829078555,0.0009381870174960949
126072,101.0,-0.0010169148445129395,18,lag_07__CT2__is_walking,CT2__is_walking,False,2.360051155090332,0.00038290611701086164,0.0009036780237426378
126072,101.0,-0.0010169148445129395,19,lag_05__CT5__is_scoped,CT5__is_scoped,False,3.5760385990142822,0.0002259655448142439,0.0008080615103030278
126072,101.0,-0.0010169148445129395,20,lag_13__CT_duck_amount_mean,CT_duck_amount_mean,False,-2.436040163040161,0.0003240414953324944,-0.0007893780971215472
124920,83.0,-0.000963747501373291,1,lag_06__T3__duck_amount,T3__duck_amount,False,-2.4053947925567627,-0.0007399225141853094,0.0017798057625168506
124920,83.0,-0.000963747501373291,2,lag_15__T3__is_walking,T3__is_walking,False,-2.3223767280578613,0.0007450400153174996,-0.0017302635930452337
124920,83.0,-0.000963747501373291,3,lag_10__T4__duck_amount,T4__duck_amount,False,-2.9631760120391846,0.00031839829171076417,-0.0009434701802715911
124920,83.0,-0.000963747501373291,4,lag_14__T2__is_walking,T2__is_walking,False,-2.2968344688415527,0.0004084695829078555,-0.0009381870174960949
124920,83.0,-0.000963747501373291,5,lag_07__CT2__is_walking,CT2__is_walking,False,2.360051155090332,0.00038290611701086164,0.0009036780237426378
124920,83.0,-0.000963747501373291,6,lag_05__T3__is_walking,T3__is_walking,False,2.3223767280578613,0.0003475644043646753,0.000807175484197814
124920,83.0,-0.000963747501373291,7,lag_00__CT2__is_walking,CT2__is_walking,False,2.360051155090332,-0.00033712375443428755,-0.0007956293060610298
124920,83.0,-0.000963747501373291,8,lag_03__T1__is_walking,T1__is_walking,False,-2.281590461730957,0.00033243795041926205,-0.0007584872567939771
124920,83.0,-0.000963747501373291,9,lag_07__T1__is_walking,T1__is_walking,False,2.281590461730957,0.00030015932861715555,0.00068484066117247
124920,83.0,-0.000963747501373291,10,lag_09__T1__is_walking,T1__is_walking,False,-2.281590461730957,-0.00027209060499444604,0.0006207993290819336
124920,83.0,-0.000963747501373291,11,lag_05__CT2__is_walking,CT2__is_walking,False,2.360051155090332,-0.0002599559666123241,-0.0006135093792760393
124920,83.0,-0.000963747501373291,12,lag_12__T1__is_walking,T1__is_walking,False,2.281590461730957,0.000268021656665951,0.0006115156553863632
124920,83.0,-0.000963747501373291,13,lag_09__T4__is_walking,T4__is_walking,False,2.307980537414551,0.0002548225165810436,0.0005881254087640453
124920,83.0,-0.000963747501373291,14,lag_06__CT2__is_walking,CT2__is_walking,False,-2.360051155090332,0.00024117632710840553,-0.0005691884693726362
124920,83.0,-0.000963747501373291,15,lag_03__T2__is_walking,T2__is_walking,False,-2.2968344688415527,0.0002332256262889132,-0.0005356806574775344
124920,83.0,-0.000963747501373291,16,lag_02__T1__is_walking,T1__is_walking,False,2.281590461730957,0.00023264085757546127,0.0005307911616530825
124920,83.0,-0.000963747501373291,17,lag_09__CT1__is_walking,CT1__is_walking,False,-2.3343825340270996,0.00022082190844230354,-0.0005154828061982447
124920,83.0,-0.000963747501373291,18,lag_09__CT1__duck_amount,CT1__duck_amount,False,3.8154516220092773,0.00013020164624322206,0.0004967780823469797
124920,83.0,-0.000963747501373291,19,lag_10__T3__duck_amount,T3__duck_amount,False,2.3649792671203613,-0.00020265740749891847,-0.00047928056706330463
124920,83.0,-0.000963747501373291,20,lag_15__T2__is_walking,T2__is_walking,False,2.2968344688415527,0.00019982857338618487,0.00045897315521282317
124952,83.5,-0.0009615421295166016,1,lag_07__T3__duck_amount,T3__duck_amount,False,-2.4053947925567627,-0.0008297670283354819,0.001995917288993468
124952,83.5,-0.0009615421295166016,2,lag_08__T4__is_walking,T4__is_walking,False,-2.307980537414551,0.0005761355278082192,-0.0013297095850944296
124952,83.5,-0.0009615421295166016,3,lag_10__CT1__duck_amount,CT1__duck_amount,False,3.8154516220092773,0.00031154786120168865,0.0011886957923555042
124952,83.5,-0.0009615421295166016,4,lag_06__T_place_SECONDMID,T_place_SECONDMID,False,3.2740612030029297,0.0003358133544679731,0.0010994734753138613
124952,83.5,-0.0009615421295166016,5,lag_14__T2__duck_amount,T2__duck_amount,False,3.8233180046081543,-0.0002819385554175824,-0.0010779407551212566
124952,83.5,-0.0009615421295166016,6,lag_06__T3__duck_amount,T3__duck_amount,False,-1.3650550842285156,-0.0007399225141853094,0.0010100349899238026
124952,83.5,-0.0009615421295166016,7,lag_11__T4__duck_amount,T4__duck_amount,False,-2.9631760120391846,0.0003145233786199242,-0.0009319881307520775
124952,83.5,-0.0009615421295166016,8,lag_07__CT2__is_walking,CT2__is_walking,False,-2.360051155090332,0.00038290611701086164,-0.0009036780237426378
124952,83.5,-0.0009615421295166016,9,lag_14__T3__is_walking,T3__is_walking,False,2.3223767280578613,-0.00037350942147895694,-0.0008674295881530847
124952,83.5,-0.0009615421295166016,10,lag_03__T1__is_walking,T1__is_walking,False,2.281590461730957,0.00033243795041926205,0.0007584872567939771
124952,83.5,-0.0009615421295166016,11,lag_08__T1__is_walking,T1__is_walking,False,2.281590461730957,-0.0003247926651965827,-0.0007410438469526992
124952,83.5,-0.0009615421295166016,12,lag_12__T3__is_walking,T3__is_walking,False,-2.3223767280578613,0.00029835361056029797,-0.0006928894818972742
124952,83.5,-0.0009615421295166016,13,lag_05__CT5__duck_amount,CT5__duck_amount,False,-2.2742724418640137,0.0002987968036904931,-0.0006795453363503401
124952,83.5,-0.0009615421295166016,14,lag_05__CT2__is_walking,CT2__is_walking,False,-2.360051155090332,-0.0002599559666123241,0.0006135093792760393
124952,83.5,-0.0009615421295166016,15,lag_12__T1__is_walking,T1__is_walking,False,-2.281590461730957,0.000268021656665951,-0.0006115156553863632
124952,83.5,-0.0009615421295166016,16,lag_10__CT1__is_walking,CT1__is_walking,False,-2.3343825340270996,0.00024633793509565294,-0.0005750469731555935
124952,83.5,-0.0009615421295166016,17,lag_06__CT2__is_walking,CT2__is_walking,False,2.360051155090332,0.00024117632710840553,0.0005691884693726362
124952,83.5,-0.0009615421295166016,18,lag_02__CT2__is_walking,CT2__is_walking,False,-2.360051155090332,0.00024049539933912456,-0.0005675814450042116
124952,83.5,-0.0009615421295166016,19,lag_12__T_walking_count,T_walking_count,False,-1.5941797494888306,0.00032866629771888256,-0.0005239531561629096
124952,83.5,-0.0009615421295166016,20,lag_06__T3__is_walking,T3__is_walking,False,2.3223767280578613,0.00022186199203133583,0.000515247127134133
124280,73.0,0.0009476542472839355,1,lag_08__CT5__is_scoped,CT5__is_scoped,False,-3.5760385990142822,0.0011209924705326557,-0.004008712343829157
124280,73.0,0.0009476542472839355,2,lag_04__CT1__duck_amount,CT1__duck_amount,False,-2.9699862003326416,-0.0007108165300451219,0.0021111152852023446
124280,73.0,0.0009476542472839355,3,lag_08__CT_scoped_count,CT_scoped_count,False,-2.141930103302002,0.0006835056701675057,-0.0014640213707093896
124280,73.0,0.0009476542472839355,4,lag_05__CT1__duck_amount,CT1__duck_amount,False,2.9699862003326416,0.00046185965766198933,0.0013717168097464663
124280,73.0,0.0009476542472839355,5,lag_08__T4__is_walking,T4__is_walking,False,2.307980537414551,0.0005761355278082192,0.0013297095850944296
124280,73.0,0.0009476542472839355,6,lag_11__T4__duck_amount,T4__duck_amount,False,-3.6976382732391357,0.0003145233786199242,-0.0011629936826135154
124280,73.0,0.0009476542472839355,7,lag_11__CT1__duck_amount,CT1__duck_amount,False,2.455442190170288,0.00044415416778065264,0.0010905948825085873
124280,73.0,0.0009476542472839355,8,lag_13__CT3__duck_amount,CT3__duck_amount,False,2.2156026363372803,0.0004851756093557924,0.00107495635917524
124280,73.0,0.0009476542472839355,9,lag_15__CT2__is_walking,CT2__is_walking,False,2.360051155090332,-0.00043083936907351017,-0.0010168029506403276
124280,73.0,0.0009476542472839355,10,lag_11__CT1__is_walking,CT1__is_walking,False,-2.3343825340270996,0.0004205553268548101,-0.0009817370096019268
124280,73.0,0.0009476542472839355,11,lag_03__T3__is_walking,T3__is_walking,False,2.3223767280578613,-0.0004129338776692748,-0.0009589880277258156
124280,73.0,0.0009476542472839355,12,lag_01__T2__is_walking,T2__is_walking,False,-2.2968344688415527,0.00039995761471800506,-0.0009186364355599635
124280,73.0,0.0009476542472839355,13,lag_07__CT2__is_walking,CT2__is_walking,False,-2.360051155090332,0.00038290611701086164,-0.0009036780237426378
124280,73.0,0.0009476542472839355,14,lag_07__CT3__duck_amount,CT3__duck_amount,False,-1.3960918188095093,-0.0005844108527526259,0.0008158912103514299
124280,73.0,0.0009476542472839355,15,lag_04__T_duck_amount_mean,T_duck_amount_mean,False,-1.4539684057235718,-0.0005479127285070717,0.0007966477963430793
124280,73.0,0.0009476542472839355,16,lag_08__T1__is_walking,T1__is_walking,False,2.281590461730957,-0.0003247926651965827,-0.0007410438469526992
124280,73.0,0.0009476542472839355,17,lag_15__CT1__is_walking,CT1__is_walking,False,-2.3343825340270996,-0.00031160173239186406,0.0007273976416681538
124280,73.0,0.0009476542472839355,18,lag_09__T_flashes_last_5s,T_flashes_last_5s,True,-9.0607271194458,-7.991997699718922e-05,0.000724133102963917
124280,73.0,0.0009476542472839355,19,lag_12__CT3__duck_amount,CT3__duck_amount,False,-2.2156026363372803,0.0003121037152595818,-0.0006914978143397893
124280,73.0,0.0009476542472839355,20,lag_08__CT5__is_walking,CT5__is_walking,False,2.396676540374756,0.000278280844213441,0.0006669491709620362
123288,57.5,0.0008841753005981445,1,lag_12__T_place_BALCONY,T_place_BALCONY,False,13.751577377319336,-0.0008701588376425207,-0.011966056586399376
123288,57.5,0.0008841753005981445,2,lag_10__T_place_BALCONY,T_place_BALCONY,False,-13.751577377319336,-0.000867737689986825,0.011932761987070162
123288,57.5,0.0008841753005981445,3,lag_10__T_place_SECONDMID,T_place_SECONDMID,False,3.2740612030029297,0.0006682166131213307,0.0021877820882225674
123288,57.5,0.0008841753005981445,4,lag_08__T4__duck_amount,T4__duck_amount,False,3.6976382732391357,-0.0005750535638071597,-0.002126340066695917
123288,57.5,0.0008841753005981445,5,lag_02__T2__duck_amount,T2__duck_amount,False,3.8233180046081543,-0.0004818271554540843,-0.0018421784385567325
123288,57.5,0.0008841753005981445,6,lag_12__T4__duck_amount,T4__duck_amount,False,3.6976382732391357,0.0004697070689871907,0.0017368068354980115
123288,57.5,0.0008841753005981445,7,lag_14__CT_place_RUINS,CT_place_RUINS,False,-3.493913412094116,-0.0004953124444000423,0.001730578792666429
123288,57.5,0.0008841753005981445,8,lag_10__T4__duck_amount,T4__duck_amount,False,-3.6976382732391357,0.00031839829171076417,-0.0011773217095636807
123288,57.5,0.0008841753005981445,9,lag_14__T2__is_walking,T2__is_walking,False,2.2968344688415527,0.0004084695829078555,0.0009381870174960949
123288,57.5,0.0008841753005981445,10,lag_09__T_velocity_mean,T_velocity_mean,False,-2.2435293197631836,0.0004063413944095373,-0.0009116388321912527
123288,57.5,0.0008841753005981445,11,lag_12__T_duck_amount_mean,T_duck_amount_mean,False,2.9079365730285645,0.00030070022330619395,0.0008744171768699377
123288,57.5,0.0008841753005981445,12,lag_03__T_place_SECONDMID,T_place_SECONDMID,False,-3.274061679840088,0.0002490394690539688,-0.0008153705823973206
123288,57.5,0.0008841753005981445,13,lag_12__T3__is_walking,T3__is_walking,False,2.3223767280578613,0.00029835361056029797,0.0006928894818972742
123288,57.5,0.0008841753005981445,14,lag_09__T1__is_walking,T1__is_walking,False,2.281590461730957,-0.00027209060499444604,-0.0006207993290819336
123288,57.5,0.0008841753005981445,15,lag_03__T2__is_walking,T2__is_walking,False,-2.2968344688415527,0.0002332256262889132,-0.0005356806574775344
123288,57.5,0.0008841753005981445,16,lag_14__CT3__is_walking,CT3__is_walking,False,2.387126922607422,0.00020266728824935853,0.00048379254011188255
123288,57.5,0.0008841753005981445,17,lag_03__CT3__is_walking,CT3__is_walking,False,-2.387126922607422,0.00016671657795086503,-0.0003979736316714888
123288,57.5,0.0008841753005981445,18,lag_10__T_macro_MID,T_macro_MID,False,1.0278689861297607,0.0003666694101411849,0.00037688811484661716
123288,57.5,0.0008841753005981445,19,lag_09__CT_place_PIT,CT_place_PIT,False,4.305429458618164,8.398699719691649e-05,0.00036160009187248543
123288,57.5,0.0008841753005981445,20,lag_03__CT2__is_walking,CT2__is_walking,False,-2.360051155090332,0.00015276187332347035,-0.0003605258355908192
125400,90.5,0.0008742213249206543,1,lag_12__T_place_SECONDMID,T_place_SECONDMID,False,-3.2740612030029297,0.0004920939682051539,-0.0016111457695322517
125400,90.5,0.0008742213249206543,2,lag_12__CT2__is_walking,CT2__is_walking,False,-2.360051155090332,-0.0005939917173236609,0.0014018508385837958
125400,90.5,0.0008742213249206543,3,lag_14__T4__is_walking,T4__is_walking,False,2.307980537414551,0.0005385952536016703,0.0012430673628565092
125400,90.5,0.0008742213249206543,4,lag_15__CT2__is_walking,CT2__is_walking,False,2.360051155090332,-0.00043083936907351017,-0.0010168029506403276
125400,90.5,0.0008742213249206543,5,lag_11__CT2__is_walking,CT2__is_walking,False,2.360051155090332,0.0003682550450321287,0.0008691007443959176
125400,90.5,0.0008742213249206543,6,lag_02__CT5__duck_amount,CT5__duck_amount,False,-1.8915576934814453,0.0004325854533817619,-0.0008182603424324308
125400,90.5,0.0008742213249206543,7,lag_03__T1__is_walking,T1__is_walking,False,-2.281590461730957,0.00033243795041926205,-0.0007584872567939771
125400,90.5,0.0008742213249206543,8,lag_07__T1__is_walking,T1__is_walking,False,-2.281590461730957,0.00030015932861715555,-0.00068484066117247
125400,90.5,0.0008742213249206543,9,lag_12__T1__is_walking,T1__is_walking,False,2.281590461730957,0.000268021656665951,0.0006115156553863632
125400,90.5,0.0008742213249206543,10,lag_05__CT_place_RUINS,CT_place_RUINS,False,3.493913412094116,-0.00016692806093487889,-0.0005832321909552372
125400,90.5,0.0008742213249206543,11,lag_06__CT2__is_walking,CT2__is_walking,False,2.360051155090332,0.00024117632710840553,0.0005691884693726362
125400,90.5,0.0008742213249206543,12,lag_02__CT2__is_walking,CT2__is_walking,False,2.360051155090332,0.00024049539933912456,0.0005675814450042116
125400,90.5,0.0008742213249206543,13,lag_00__CT3__duck_amount,CT3__duck_amount,False,2.5158700942993164,0.00022309769701678306,0.0005612848240315743
125400,90.5,0.0008742213249206543,14,lag_03__T2__is_walking,T2__is_walking,False,-2.2968344688415527,0.0002332256262889132,-0.0005356806574775344
125400,90.5,0.0008742213249206543,15,lag_02__T1__is_walking,T1__is_walking,False,2.281590461730957,0.00023264085757546127,0.0005307911616530825
125400,90.5,0.0008742213249206543,16,lag_12__T_walking_count,T_walking_count,False,1.594179630279541,0.00032866629771888256,0.0005239531169828338
125400,90.5,0.0008742213249206543,17,lag_01__T_place_MIDDLE,T_place_MIDDLE,False,-1.6254756450653076,0.00030776814674027264,-0.0005002696268531989
125400,90.5,0.0008742213249206543,18,lag_01__CT5__duck_amount,CT5__duck_amount,False,-1.8834019899368286,0.00025983434170484543,-0.0004893725162208318
125400,90.5,0.0008742213249206543,19,lag_05__T2__is_walking,T2__is_walking,False,2.2968344688415527,0.00020874658366665244,0.0004794563486184844
125400,90.5,0.0008742213249206543,20,lag_06__T2__is_walking,T2__is_walking,False,-2.2968344688415527,0.00019905308727174997,-0.0004571919919750811
123832,66.0,-0.0008496642112731934,1,lag_02__T4__duck_amount,T4__duck_amount,False,3.6976382732391357,0.0007360627641901374,0.0027216938483756448
123832,66.0,-0.0008496642112731934,2,lag_09__CT_flashed_players,CT_flashed_players,False,4.379879951477051,-0.0005501515115611255,-0.0024095975757613686
123832,66.0,-0.0008496642112731934,3,lag_11__CT1__duck_amount,CT1__duck_amount,False,-3.8154516220092773,0.00044415416778065264,-0.0016946487398808718
123832,66.0,-0.0008496642112731934,4,lag_06__T3__duck_amount,T3__duck_amount,False,2.1249780654907227,-0.0007399225141853094,-0.0015723191128065306
123832,66.0,-0.0008496642112731934,5,lag_12__CT2__is_walking,CT2__is_walking,False,2.360051155090332,-0.0005939917173236609,-0.0014018508385837958
123832,66.0,-0.0008496642112731934,6,lag_07__T3__duck_amount,T3__duck_amount,False,1.6454718112945557,-0.0008297670283354819,-0.0013653582550676863
123832,66.0,-0.0008496642112731934,7,lag_03__T3__duck_amount,T3__duck_amount,False,-3.7704498767852783,0.0003396302054170519,-0.0012805586661672821
123832,66.0,-0.0008496642112731934,8,lag_07__CT_flashed_players,CT_flashed_players,False,-4.379879951477051,-0.0002563144953455776,0.0011226267194370532
123832,66.0,-0.0008496642112731934,9,lag_14__T2__duck_amount,T2__duck_amount,False,-3.8233180046081543,-0.0002819385554175824,0.0010779407551212566
123832,66.0,-0.0008496642112731934,10,lag_02__T4__is_walking,T4__is_walking,False,-2.307980537414551,-0.000464164768345654,0.001071283251495303
123832,66.0,-0.0008496642112731934,11,lag_03__T3__is_walking,T3__is_walking,False,2.3223767280578613,-0.0004129338776692748,-0.0009589880277258156
123832,66.0,-0.0008496642112731934,12,lag_15__T3__duck_amount,T3__duck_amount,False,-2.378060817718506,-0.00035632168874144554,0.0008473546464993209
123832,66.0,-0.0008496642112731934,13,lag_09__T3__is_walking,T3__is_walking,False,2.3223767280578613,0.00036043141153641045,0.0008370575222132054
123832,66.0,-0.0008496642112731934,14,lag_00__CT2__is_walking,CT2__is_walking,False,-2.360051155090332,-0.00033712375443428755,0.0007956293060610298
123832,66.0,-0.0008496642112731934,15,lag_03__T1__is_walking,T1__is_walking,False,-2.281590461730957,0.00033243795041926205,-0.0007584872567939771
123832,66.0,-0.0008496642112731934,16,lag_05__T_flashes_last_5s,T_flashes_last_5s,True,9.0607271194458,8.101650746539235e-05,0.0007340684663144637
123832,66.0,-0.0008496642112731934,17,lag_13__CT5__duck_amount,CT5__duck_amount,False,3.7749595642089844,0.00018637387256603688,0.0007035538327618274
123832,66.0,-0.0008496642112731934,18,lag_13__T2__is_walking,T2__is_walking,False,2.2968344688415527,0.00027503244928084314,0.0006317040095581566
123832,66.0,-0.0008496642112731934,19,lag_05__CT2__is_walking,CT2__is_walking,False,-2.360051155090332,-0.0002599559666123241,0.0006135093792760393
123832,66.0,-0.0008496642112731934,20,lag_14__CT1__is_walking,CT1__is_walking,False,-2.3343825340270996,0.0002578163694124669,-0.0006018420297427413
124664,79.0,0.0008362531661987305,1,lag_14__CT5__is_scoped,CT5__is_scoped,False,3.5760385990142822,-0.0008743734215386212,-0.0031267931053742953
124664,79.0,0.0008362531661987305,2,lag_02__T4__duck_amount,T4__duck_amount,False,-2.9631760120391846,0.0007360627641901374,-0.00218108352620347
124664,79.0,0.0008362531661987305,3,lag_15__T3__is_walking,T3__is_walking,False,2.3223767280578613,0.0007450400153174996,0.0017302635930452337
124664,79.0,0.0008362531661987305,4,lag_09__T3__duck_amount,T3__duck_amount,False,-3.122612237930298,-0.0004805804055649787,0.0015006662557267084
124664,79.0,0.0008362531661987305,5,lag_08__T4__is_walking,T4__is_walking,False,-2.307980537414551,0.0005761355278082192,-0.0013297095850944296
124664,79.0,0.0008362531661987305,6,lag_07__T4__duck_amount,T4__duck_amount,False,3.6976382732391357,0.0003377425018697977,0.0012488496014133044
124664,79.0,0.0008362531661987305,7,lag_04__T2__duck_amount,T2__duck_amount,False,-3.8233180046081543,-0.00030877365497872233,0.0011805398744288154
124664,79.0,0.0008362531661987305,8,lag_14__CT_scoped_count,CT_scoped_count,False,2.141930103302002,-0.0005059474497102201,-0.0010837040732231962
124664,79.0,0.0008362531661987305,9,lag_15__CT2__is_walking,CT2__is_walking,False,2.360051155090332,-0.00043083936907351017,-0.0010168029506403276
124664,79.0,0.0008362531661987305,10,lag_11__T2__is_walking,T2__is_walking,False,2.2968344688415527,0.0004402948834467679,0.0010112844647551106
124664,79.0,0.0008362531661987305,11,lag_03__T3__is_walking,T3__is_walking,False,-2.3223767280578613,-0.0004129338776692748,0.0009589880277258156
124664,79.0,0.0008362531661987305,12,lag_09__T3__is_walking,T3__is_walking,False,2.3223767280578613,0.00036043141153641045,0.0008370575222132054
124664,79.0,0.0008362531661987305,13,lag_05__T3__is_walking,T3__is_walking,False,2.3223767280578613,0.0003475644043646753,0.000807175484197814
124664,79.0,0.0008362531661987305,14,lag_04__T_duck_amount_mean,T_duck_amount_mean,False,-1.4539681673049927,-0.0005479127285070717,0.0007966476657105051
124664,79.0,0.0008362531661987305,15,lag_03__T1__is_walking,T1__is_walking,False,-2.281590461730957,0.00033243795041926205,-0.0007584872567939771
124664,79.0,0.0008362531661987305,16,lag_10__T2__is_walking,T2__is_walking,False,-2.2968344688415527,-0.0003049870138056576,0.0007005046858578889
124664,79.0,0.0008362531661987305,17,lag_07__T1__is_walking,T1__is_walking,False,-2.281590461730957,0.00030015932861715555,-0.00068484066117247
124664,79.0,0.0008362531661987305,18,lag_13__T2__is_walking,T2__is_walking,False,-2.2968344688415527,0.00027503244928084314,-0.0006317040095581566
124664,79.0,0.0008362531661987305,19,lag_12__T1__is_walking,T1__is_walking,False,2.281590461730957,0.000268021656665951,0.0006115156553863632
124664,79.0,0.0008362531661987305,20,lag_14__CT1__is_walking,CT1__is_walking,False,-2.3343825340270996,0.0002578163694124669,-0.0006018420297427413
124152,71.0,0.0008074641227722168,1,lag_15__T_flashes_last_5s,T_flashes_last_5s,True,9.0607271194458,0.0002854753693100065,0.0025866144206409813
124152,71.0,0.0008074641227722168,2,lag_13__T3__duck_amount,T3__duck_amount,False,-3.7704498767852783,0.000605045526754111,-0.002281293831799522
124152,71.0,0.0008074641227722168,3,lag_12__T4__duck_amount,T4__duck_amount,False,3.6976382732391357,0.0004697070689871907,0.0017368068354980115
124152,71.0,0.0008074641227722168,4,lag_02__CT1__duck_amount,CT1__duck_amount,False,-3.2041802406311035,0.00045581706217490137,-0.0014605200239633381
124152,71.0,0.0008074641227722168,5,lag_07__T4__duck_amount,T4__duck_amount,False,-3.6976382732391357,0.0003377425018697977,-0.0012488496014133044
124152,71.0,0.0008074641227722168,6,lag_04__CT1__duck_amount,CT1__duck_amount,False,1.7344276905059814,-0.0007108165300451219,-0.0012328598725796364
124152,71.0,0.0008074641227722168,7,lag_04__CT3__is_walking,CT3__is_walking,False,-2.387126922607422,0.0004291778604965657,-0.0010245020253784043
124152,71.0,0.0008074641227722168,8,lag_15__CT2__is_walking,CT2__is_walking,False,-2.360051155090332,-0.00043083936907351017,0.0010168029506403276
124152,71.0,0.0008074641227722168,9,lag_08__CT_place_LIBRARY,CT_place_LIBRARY,False,-6.411735534667969,0.00015439282287843525,-0.000989925948747361
124152,71.0,0.0008074641227722168,10,lag_11__CT1__is_walking,CT1__is_walking,False,-2.3343825340270996,0.0004205553268548101,-0.0009817370096019268
124152,71.0,0.0008074641227722168,11,lag_11__CT2__is_walking,CT2__is_walking,False,2.360051155090332,0.0003682550450321287,0.0008691007443959176
124152,71.0,0.0008074641227722168,12,lag_00__CT2__is_walking,CT2__is_walking,False,-2.360051155090332,-0.00033712375443428755,0.0007956293060610298
124152,71.0,0.0008074641227722168,13,lag_05__CT1__duck_amount,CT1__duck_amount,False,-1.6676081418991089,0.00046185965766198933,-0.0007702009255318686
124152,71.0,0.0008074641227722168,14,lag_04__CT5__is_scoped,CT5__is_scoped,False,-3.5760385990142822,0.0002065018779831007,-0.0007384586864365057
124152,71.0,0.0008074641227722168,15,lag_05__T_flashes_last_5s,T_flashes_last_5s,True,-9.0607271194458,8.101650746539235e-05,-0.0007340684663144637
124152,71.0,0.0008074641227722168,16,lag_15__CT1__is_walking,CT1__is_walking,False,2.3343825340270996,-0.00031160173239186406,-0.0007273976416681538
124152,71.0,0.0008074641227722168,17,lag_02__CT_place_RUINS,CT_place_RUINS,False,-6.987826824188232,-0.00010242218559142202,0.0007157084958677243
124152,71.0,0.0008074641227722168,18,lag_00__T_duck_amount_mean,T_duck_amount_mean,False,-1.4539684057235718,-0.0004539376823231578,0.0006600110482652549
124152,71.0,0.0008074641227722168,19,lag_12__T1__is_walking,T1__is_walking,False,2.281590461730957,0.000268021656665951,0.0006115156553863632
124152,71.0,0.0008074641227722168,20,lag_10__CT1__is_walking,CT1__is_walking,False,2.3343825340270996,0.00024633793509565294,0.0005750469731555935
123096,54.5,0.0008032917976379395,1,lag_06__T_place_BALCONY,T_place_BALCONY,False,13.751577377319336,-0.0008166214684024453,-0.011229833310716364
123096,54.5,0.0008032917976379395,2,lag_02__T4__duck_amount,T4__duck_amount,False,3.6976382732391357,0.0007360627641901374,0.0027216938483756448
123096,54.5,0.0008032917976379395,3,lag_04__T_place_BALCONY,T_place_BALCONY,False,-13.751577377319336,0.00016187154687941074,-0.002225989102098591
123096,54.5,0.0008032917976379395,4,lag_06__T1__duck_amount,T1__duck_amount,False,3.915480136871338,0.00041631876956671476,0.0016300878728451873
123096,54.5,0.0008032917976379395,5,lag_06__T4__duck_amount,T4__duck_amount,False,3.6976382732391357,0.0004179595853202045,0.0015454633593471462
123096,54.5,0.0008032917976379395,6,lag_15__T_utility_damage_last_5s,T_utility_damage_last_5s,True,-6.710264205932617,-0.00022862775949761271,0.0015341526710394016
123096,54.5,0.0008032917976379395,7,lag_15__T3__flash_duration,T3__flash_duration,True,-6.350583076477051,-0.00018390822515357286,0.0011679244622852109
123096,54.5,0.0008032917976379395,8,lag_15__T_flashed_players,T_flashed_players,False,-1.9296237230300903,-0.0005744826630689204,0.0011085353751272911
123096,54.5,0.0008032917976379395,9,lag_15__T_flash_duration_sum,T_flash_duration_sum,True,-2.646233320236206,-0.00040812636143527925,0.001079997576496801
123096,54.5,0.0008032917976379395,10,lag_15__CT_shots_fired_sum,CT_shots_fired_sum,False,-1.389482021331787,-0.0007539220969192684,0.0010475611991540845
123096,54.5,0.0008032917976379395,11,lag_04__CT3__is_walking,CT3__is_walking,False,-2.387126922607422,0.0004291778604965657,-0.0010245020253784043
123096,54.5,0.0008032917976379395,12,lag_06__T_place_APARTMENTS,T_place_APARTMENTS,False,-2.28895902633667,0.0004327136557549238,-0.0009904638281593714
123096,54.5,0.0008032917976379395,13,lag_14__T3__is_walking,T3__is_walking,False,2.3223767280578613,-0.00037350942147895694,-0.0008674295881530847
123096,54.5,0.0008032917976379395,14,lag_08__CT_place_RUINS,CT_place_RUINS,False,-3.493913412094116,0.00023426191182807088,-0.0008184908356789061
123096,54.5,0.0008032917976379395,15,lag_04__T_duck_amount_mean,T_duck_amount_mean,False,-1.4539684057235718,-0.0005479127285070717,0.0007966477963430793
123096,54.5,0.0008032917976379395,16,lag_12__T_walking_count,T_walking_count,False,2.3912696838378906,0.00032866629771888256,0.0007859297538344023
123096,54.5,0.0008032917976379395,17,lag_03__T1__is_walking,T1__is_walking,False,2.281590461730957,0.00033243795041926205,0.0007584872567939771
123096,54.5,0.0008032917976379395,18,lag_12__T3__is_walking,T3__is_walking,False,2.3223767280578613,0.00029835361056029797,0.0006928894818972742
123096,54.5,0.0008032917976379395,19,lag_07__T1__is_walking,T1__is_walking,False,-2.281590461730957,0.00030015932861715555,-0.00068484066117247
123096,54.5,0.0008032917976379395,20,lag_08__CT5__is_walking,CT5__is_walking,False,2.396676540374756,0.000278280844213441,0.0006669491709620362
124216,72.0,0.0007739663124084473,1,lag_04__CT1__duck_amount,CT1__duck_amount,False,-3.2041802406311035,-0.0007108165300451219,0.0022775842802845447
124216,72.0,0.0007739663124084473,2,lag_00__CT5__is_scoped,CT5__is_scoped,False,3.5760385990142822,0.0005902426782995462,0.002110730600384747
124216,72.0,0.0007739663124084473,3,lag_04__CT_place_RUINS,CT_place_RUINS,False,-6.987826824188232,0.0002781023795250803,-0.0019433312675159325
124216,72.0,0.0007739663124084473,4,lag_15__T3__is_walking,T3__is_walking,False,2.3223767280578613,0.0007450400153174996,0.0017302635930452337
124216,72.0,0.0007739663124084473,5,lag_09__T4__duck_amount,T4__duck_amount,False,-3.6976382732391357,0.00043730647303164005,-0.0016170011518170102
124216,72.0,0.0007739663124084473,6,lag_02__CT2__duck_amount,CT2__duck_amount,False,2.8978590965270996,-0.0005480936379171908,-0.0015882981343869618
124216,72.0,0.0007739663124084473,7,lag_12__CT2__is_walking,CT2__is_walking,False,-2.360051155090332,-0.0005939917173236609,0.0014018508385837958
124216,72.0,0.0007739663124084473,8,lag_02__CT1__duck_amount,CT1__duck_amount,False,-2.9699862003326416,0.00045581706217490137,-0.0013537703845356228
124216,72.0,0.0007739663124084473,9,lag_15__T3__duck_amount,T3__duck_amount,False,-3.7704498767852783,-0.00035632168874144554,0.0013434930674111056
124216,72.0,0.0007739663124084473,10,lag_14__T4__is_walking,T4__is_walking,False,-2.307980537414551,0.0005385952536016703,-0.0012430673628565092
124216,72.0,0.0007739663124084473,11,lag_02__T4__is_walking,T4__is_walking,False,2.307980537414551,-0.000464164768345654,-0.001071283251495303
124216,72.0,0.0007739663124084473,12,lag_03__T1__duck_amount,T1__duck_amount,False,3.915480136871338,-0.0002520966518204659,-0.000987079432774804
124216,72.0,0.0007739663124084473,13,lag_11__CT3__duck_amount,CT3__duck_amount,False,2.2156026363372803,-0.00042933892109431326,-0.000951244445458764
124216,72.0,0.0007739663124084473,14,lag_09__T3__is_walking,T3__is_walking,False,-2.3223767280578613,0.00036043141153641045,-0.0008370575222132054
124216,72.0,0.0007739663124084473,15,lag_07__T_flashes_last_5s,T_flashes_last_5s,True,-9.0607271194458,-8.686375804245472e-05,0.0007870488081922478
124216,72.0,0.0007739663124084473,16,lag_00__CT_scoped_count,CT_scoped_count,False,2.141930103302002,0.00035353712155483663,0.0007572518032930436
124216,72.0,0.0007739663124084473,17,lag_10__CT_place_LIBRARY,CT_place_LIBRARY,False,-6.411735534667969,-0.00010870929691009223,0.0006970152619472092
124216,72.0,0.0007739663124084473,18,lag_05__CT1__duck_amount,CT1__duck_amount,False,1.4697526693344116,0.00046185965766198933,0.0006788194647065864
124216,72.0,0.0007739663124084473,19,lag_05__CT2__is_walking,CT2__is_walking,False,-2.360051155090332,-0.0002599559666123241,0.0006135093792760393
124216,72.0,0.0007739663124084473,20,lag_12__T1__is_walking,T1__is_walking,False,-2.281590461730957,0.000268021656665951,-0.0006115156553863632
120088,7.5,-0.0007675886154174805,1,lag_03__CT_place_LIBRARY,CT_place_LIBRARY,False,-6.411735534667969,-0.0007810965762473643,0.005008184673932714
120088,7.5,-0.0007675886154174805,2,lag_11__CT_place_LIBRARY,CT_place_LIBRARY,False,6.411735534667969,-0.0005483959103003144,-0.003516169545139114
120088,7.5,-0.0007675886154174805,3,lag_05__T_place_LOWERMID,T_place_LOWERMID,False,6.6526923179626465,-0.000357313227141276,-0.002377094961309209
120088,7.5,-0.0007675886154174805,4,lag_01__T_place_SECONDMID,T_place_SECONDMID,False,3.274061679840088,0.000686042825691402,0.002246146526325432
120088,7.5,-0.0007675886154174805,5,lag_07__CT3__duck_amount,CT3__duck_amount,False,3.7208433151245117,-0.0005844108527526259,-0.0021745012147508236
120088,7.5,-0.0007675886154174805,6,lag_00__T_place_LOWERMID,T_place_LOWERMID,False,-3.3263461589813232,0.0005207075155340135,-0.0017320534442492735
120088,7.5,-0.0007675886154174805,7,lag_06__T_place_LOWERMID,T_place_LOWERMID,False,6.652692794799805,-0.0001867877144832164,-0.001242641282299617
120088,7.5,-0.0007675886154174805,8,lag_07__CT_place_LIBRARY,CT_place_LIBRARY,False,6.411735534667969,0.00012422824511304498,0.0007965186536007529
120088,7.5,-0.0007675886154174805,9,lag_01__T_place_LOWERMID,T_place_LOWERMID,False,-3.326345920562744,0.00023485113342758268,-0.0007811961096163764
120088,7.5,-0.0007675886154174805,10,lag_06__CT3__duck_amount,CT3__duck_amount,False,-3.7208433151245117,0.00016185805725399405,-0.0006022484703325642
120088,7.5,-0.0007675886154174805,11,lag_04__T_place_LOWERMID,T_place_LOWERMID,False,3.3263463973999023,-0.00018010982603300363,-0.0005991076709612048
120088,7.5,-0.0007675886154174805,12,lag_14__CT_velocity_mean,CT_velocity_mean,False,2.835827350616455,-0.0001964337279787287,-0.0005570521383856317
120088,7.5,-0.0007675886154174805,13,lag_15__CT_velocity_mean,CT_velocity_mean,False,-1.694637656211853,0.0003249151341151446,-0.0005506134213446486
120088,7.5,-0.0007675886154174805,14,lag_15__T3__is_walking,T3__is_walking,False,-0.5709694027900696,0.0007450400153174996,-0.00042539505260053706
120088,7.5,-0.0007675886154174805,15,lag_15__T_walking_count,T_walking_count,False,-0.9998118877410889,0.00041995709761977196,-0.00041987809854149294
120088,7.5,-0.0007675886154174805,16,lag_15__CT_place_CTSPAWN,CT_place_CTSPAWN,False,4.78255033493042,-8.576999243814498e-05,-0.00041019930606202987
120088,7.5,-0.0007675886154174805,17,lag_15__CT_macro_OTHER,CT_macro_OTHER,False,1.8060362339019775,-0.00020809736452065408,-0.0003758313805038091
120088,7.5,-0.0007675886154174805,18,lag_15__T_velocity_mean,T_velocity_mean,False,-1.7359485626220703,-0.00021118151198606938,0.00036660024218457266
120088,7.5,-0.0007675886154174805,19,lag_02__CT_place_RUINS,CT_place_RUINS,False,3.493913412094116,-0.00010242218559142202,-0.00035785424793386214
120088,7.5,-0.0007675886154174805,20,lag_01__CT_place_BOMBSITEB,CT_place_BOMBSITEB,False,1.2252663373947144,0.0002907168527599424,0.0003562055734000931
122840,50.5,0.0007539987564086914,1,lag_13__T_place_BALCONY,T_place_BALCONY,False,-13.751577377319336,-0.0006514210253953934,0.008958066635937456
122840,50.5,0.0007539987564086914,2,lag_00__CT_place_RUINS,CT_place_RUINS,False,-3.493913412094116,0.000645243504550308,-0.002254424934614932
122840,50.5,0.0007539987564086914,3,lag_09__CT_shots_fired_sum,CT_shots_fired_sum,False,2.778964042663574,0.0007826819201000035,0.0021750449128007943
122840,50.5,0.0007539987564086914,4,lag_14__T3__duck_amount,T3__duck_amount,False,-3.5818843841552734,0.0005507018067874014,-0.0019725502020578878
122840,50.5,0.0007539987564086914,5,lag_09__T4__duck_amount,T4__duck_amount,False,3.6976382732391357,0.00043730647303164005,0.0016170011518170102
122840,50.5,0.0007539987564086914,6,lag_02__T_A_site_active_infernos,T_A_site_active_infernos,True,-2.9764554500579834,-0.0005132655496709049,0.0015277120426449714
122840,50.5,0.0007539987564086914,7,lag_01__kill_diff_last_3s,kill_diff_last_3s,False,-2.4069459438323975,0.0005806471453979611,-0.001397586291413483
122840,50.5,0.0007539987564086914,8,lag_07__T4__duck_amount,T4__duck_amount,False,-3.6976382732391357,0.0003377425018697977,-0.0012488496014133044
122840,50.5,0.0007539987564086914,9,lag_07__T_utility_damage_last_5s,T_utility_damage_last_5s,True,-6.710264205932617,0.00017898688383866102,-0.0012010492799539862
122840,50.5,0.0007539987564086914,10,lag_07__CT_place_RUINS,CT_place_RUINS,False,-3.493913412094116,0.0003142493078485131,-0.0010979598714332128
122840,50.5,0.0007539987564086914,11,lag_07__T_flashed_players,T_flashed_players,False,-1.9296237230300903,0.00044088633148930967,-0.0008507447244014803
122840,50.5,0.0007539987564086914,12,lag_04__T3__is_walking,T3__is_walking,False,2.3223767280578613,0.00036516980617307127,0.0008480618596457407
122840,50.5,0.0007539987564086914,13,lag_01__CT_kills_last_3s,CT_kills_last_3s,False,-2.8871407508850098,0.000288900249870494,-0.000834095684341965
122840,50.5,0.0007539987564086914,14,lag_05__T3__is_walking,T3__is_walking,False,-2.3223767280578613,0.0003475644043646753,-0.000807175484197814
122840,50.5,0.0007539987564086914,15,lag_14__damage_diff_last_5s,damage_diff_last_5s,False,-3.722365379333496,0.0002156819391530007,-0.0008028469832506435
122840,50.5,0.0007539987564086914,16,lag_08__T_kills_last_3s,T_kills_last_3s,False,-3.1681017875671387,-0.0002470289764460176,0.000782612941859509
122840,50.5,0.0007539987564086914,17,lag_12__T3__is_walking,T3__is_walking,False,2.3223767280578613,0.00029835361056029797,0.0006928894818972742
122840,50.5,0.0007539987564086914,18,lag_12__T5__duck_amount,T5__duck_amount,False,-3.7970333099365234,0.00017144347657449543,-0.0006509765913246812
122840,50.5,0.0007539987564086914,19,lag_09__T1__is_walking,T1__is_walking,False,-2.281590461730957,-0.00027209060499444604,0.0006207993290819336
122840,50.5,0.0007539987564086914,20,lag_02__T_active_infernos,T_active_infernos,True,-2.082643508911133,-0.00029549957253038883,0.0006154202666164288
122808,50.0,-0.000744938850402832,1,lag_12__T_place_BALCONY,T_place_BALCONY,False,-13.751577377319336,-0.0008701588376425207,0.011966056586399376
122808,50.0,-0.000744938850402832,2,lag_00__kill_diff_last_3s,kill_diff_last_3s,False,-2.4069459438323975,0.0016697304090484977,-0.004018950835352891
122808,50.0,-0.000744938850402832,3,lag_07__T_place_PIT,T_place_PIT,False,-6.3102264404296875,-0.0003488755610305816,0.002201483789634917
122808,50.0,-0.000744938850402832,4,lag_13__T3__duck_amount,T3__duck_amount,False,-3.5818843841552734,0.000605045526754111,-0.002167203123983552
122808,50.0,-0.000744938850402832,5,lag_08__T4__duck_amount,T4__duck_amount,False,3.6976382732391357,-0.0005750535638071597,-0.002126340066695917
122808,50.0,-0.000744938850402832,6,lag_03__T_utility_damage_last_5s,T_utility_damage_last_5s,True,-1.570487380027771,-0.001282121054828167,0.00201355493627553
122808,50.0,-0.000744938850402832,7,lag_14__T_place_BALCONY,T_place_BALCONY,False,13.751577377319336,0.00014580889546778053,0.0020051023083266506
122808,50.0,-0.000744938850402832,8,lag_14__CT_place_RUINS,CT_place_RUINS,False,3.493913412094116,-0.0004953124444000423,-0.001730578792666429
122808,50.0,-0.000744938850402832,9,lag_11__CT1__duck_amount,CT1__duck_amount,False,-3.8154516220092773,0.00044415416778065264,-0.0016946487398808718
122808,50.0,-0.000744938850402832,10,lag_00__CT_kills_last_3s,CT_kills_last_3s,False,-2.8871407508850098,0.0005478134262375534,-0.0015816144667723797
122808,50.0,-0.000744938850402832,11,lag_06__T4__duck_amount,T4__duck_amount,False,-3.6976382732391357,0.0004179595853202045,-0.0015454633593471462
122808,50.0,-0.000744938850402832,12,lag_12__CT5__is_scoped,CT5__is_scoped,False,3.5760385990142822,0.0003804228617809713,0.0013604068376762285
122808,50.0,-0.000744938850402832,13,lag_15__CT_flashed_players,CT_flashed_players,False,-2.1899399757385254,-0.0006049094372428954,0.0013247153583197113
122808,50.0,-0.000744938850402832,14,lag_06__T_utility_damage_last_5s,T_utility_damage_last_5s,True,-6.710264205932617,0.0001723830500850454,-0.0011567358106951697
122808,50.0,-0.000744938850402832,15,lag_13__CT_place_PIT,CT_place_PIT,False,-4.305429458618164,-0.00024701302754692733,0.001063497165463001
122808,50.0,-0.000744938850402832,16,lag_10__T3__is_walking,T3__is_walking,False,-2.3223767280578613,0.0004356538411229849,-0.001011752342113037
122808,50.0,-0.000744938850402832,17,lag_04__CT_place_RUINS,CT_place_RUINS,False,3.493913412094116,0.0002781023795250803,0.0009716656337579663
122808,50.0,-0.000744938850402832,18,lag_03__T3__is_walking,T3__is_walking,False,2.3223767280578613,-0.0004129338776692748,-0.0009589880277258156
122808,50.0,-0.000744938850402832,19,lag_14__T_place_SECONDMID,T_place_SECONDMID,False,-3.2740612030029297,0.00027202742057852447,-0.0008906344238691077
122808,50.0,-0.000744938850402832,20,lag_13__damage_diff_last_5s,damage_diff_last_5s,False,-3.722365379333496,0.00022943616204429418,-0.0008540452263608306
123224,56.5,0.0007236003875732422,1,lag_10__T_place_BALCONY,T_place_BALCONY,False,13.751577377319336,-0.000867737689986825,-0.011932761987070162
123224,56.5,0.0007236003875732422,2,lag_08__T_place_BALCONY,T_place_BALCONY,False,-13.751577377319336,-0.00022411263489630073,0.003081902240011397
123224,56.5,0.0007236003875732422,3,lag_01__T_place_SECONDMID,T_place_SECONDMID,False,-3.274061679840088,0.000686042825691402,-0.002246146526325432
123224,56.5,0.0007236003875732422,4,lag_08__T4__duck_amount,T4__duck_amount,False,-3.6976382732391357,-0.0005750535638071597,0.002126340066695917
123224,56.5,0.0007236003875732422,5,lag_00__T2__duck_amount,T2__duck_amount,False,3.8233180046081543,-0.0005197543068788946,-0.0019871859994627095
123224,56.5,0.0007236003875732422,6,lag_12__CT_place_RUINS,CT_place_RUINS,False,-3.493913412094116,-0.00048437880468554795,0.0016923776022249523
123224,56.5,0.0007236003875732422,7,lag_06__T4__duck_amount,T4__duck_amount,False,3.6976382732391357,0.0004179595853202045,0.0015454633593471462
123224,56.5,0.0007236003875732422,8,lag_10__T4__duck_amount,T4__duck_amount,False,3.6976382732391357,0.00031839829171076417,0.0011773217095636807
123224,56.5,0.0007236003875732422,9,lag_10__T3__is_walking,T3__is_walking,False,2.3223767280578613,0.0004356538411229849,0.001011752342113037
123224,56.5,0.0007236003875732422,10,lag_01__T2__is_walking,T2__is_walking,False,-2.2968344688415527,0.00039995761471800506,-0.0009186364355599635
123224,56.5,0.0007236003875732422,11,lag_07__CT2__is_walking,CT2__is_walking,False,2.360051155090332,0.00038290611701086164,0.0009036780237426378
123224,56.5,0.0007236003875732422,12,lag_03__T1__is_walking,T1__is_walking,False,-2.281590461730957,0.00033243795041926205,-0.0007584872567939771
123224,56.5,0.0007236003875732422,13,lag_10__T1__duck_amount,T1__duck_amount,False,3.915480136871338,0.00018911594816017896,0.0007404797385867704
123224,56.5,0.0007236003875732422,14,lag_07__T1__is_walking,T1__is_walking,False,2.281590461730957,0.00030015932861715555,0.00068484066117247
123224,56.5,0.0007236003875732422,15,lag_10__T_duck_amount_mean,T_duck_amount_mean,False,2.9079365730285645,0.0002337207697564736,0.000679645174251238
123224,56.5,0.0007236003875732422,16,lag_00__T_duck_amount_mean,T_duck_amount_mean,False,1.4539681673049927,-0.0004539376823231578,-0.0006600109400380777
123224,56.5,0.0007236003875732422,17,lag_10__T_place_APARTMENTS,T_place_APARTMENTS,False,-2.28895902633667,0.000269630691036582,-0.0006171736040255782
123224,56.5,0.0007236003875732422,18,lag_14__CT1__is_walking,CT1__is_walking,False,2.3343825340270996,0.0002578163694124669,0.0006018420297427413
123224,56.5,0.0007236003875732422,19,lag_02__T1__is_walking,T1__is_walking,False,2.281590461730957,0.00023264085757546127,0.0005307911616530825
123224,56.5,0.0007236003875732422,20,lag_01__T_place_MIDDLE,T_place_MIDDLE,False,1.6254756450653076,0.00030776814674027264,0.0005002696268531989
119992,6.0,0.0006736516952514648,1,lag_03__CT_place_LIBRARY,CT_place_LIBRARY,False,-6.411735534667969,-0.0007810965762473643,0.005008184673932714
119992,6.0,0.0006736516952514648,2,lag_04__CT_place_LIBRARY,CT_place_LIBRARY,False,6.411735534667969,-0.0005715794977732003,-0.0036648165767600993
119992,6.0,0.0006736516952514648,3,lag_03__T_place_LOWERMID,T_place_LOWERMID,False,6.652692794799805,-0.00043349445331841707,-0.0028839054261771135
119992,6.0,0.0006736516952514648,4,lag_00__CT_place_LIBRARY,CT_place_LIBRARY,False,-6.411735534667969,-0.00038585709990002215,0.0024740136787329003
119992,6.0,0.0006736516952514648,5,lag_08__CT_place_LIBRARY,CT_place_LIBRARY,False,6.411735534667969,0.00015439282287843525,0.000989925948747361
119992,6.0,0.0006736516952514648,6,lag_04__CT3__duck_amount,CT3__duck_amount,False,3.7208433151245117,0.0002510395715944469,0.000934078911798919
119992,6.0,0.0006736516952514648,7,lag_11__T_velocity_mean,T_velocity_mean,False,3.396030902862549,-0.0002737102913670242,-0.0009295286079139264
119992,6.0,0.0006736516952514648,8,lag_03__CT_place_RUINS,CT_place_RUINS,False,3.493913412094116,-0.0002494043146725744,-0.0008713970800686491
119992,6.0,0.0006736516952514648,9,lag_01__T_place_LOWERMID,T_place_LOWERMID,False,3.3263463973999023,0.00023485113342758268,0.0007811962216021234
119992,6.0,0.0006736516952514648,10,lag_12__CT_place_CTSPAWN,CT_place_CTSPAWN,False,4.78255033493042,-0.00015879515558481216,-0.0007594458245274716
119992,6.0,0.0006736516952514648,11,lag_01__T_macro_MID,T_macro_MID,False,1.0278692245483398,0.0004226144519634545,0.0004343923890225976
119992,6.0,0.0006736516952514648,12,lag_12__CT1__molly,CT1__molly,True,1.985326886177063,-0.00020713594858534634,-0.00041123256782027787
119992,6.0,0.0006736516952514648,13,lag_12__T3__flash,T3__flash,True,2.2380197048187256,0.00018151199037674814,0.00040622741112402924
119992,6.0,0.0006736516952514648,14,lag_03__CT_duck_amount_mean,CT_duck_amount_mean,False,-1.197706937789917,-0.00033361322130076587,0.0003995708696903702
119992,6.0,0.0006736516952514648,15,lag_12__T_velocity_mean,T_velocity_mean,False,-1.7359485626220703,-0.00021636106248479337,0.000375591675427861
119992,6.0,0.0006736516952514648,16,lag_12__T2__smoke,T2__smoke,True,1.5516093969345093,0.0002387160056969151,0.0003703939976380053
119992,6.0,0.0006736516952514648,17,lag_02__T_place_LOWERMID,T_place_LOWERMID,False,6.6526923179626465,-5.270547262625769e-05,-0.00035063329285529507
119992,6.0,0.0006736516952514648,18,lag_12__CT2__is_walking,CT2__is_walking,False,-0.5535590052604675,-0.0005939917173236609,0.0003288094641746425
119992,6.0,0.0006736516952514648,19,lag_12__T_walking_count,T_walking_count,False,-0.9998118877410889,0.00032866629771888256,-0.0003286044715591907
119992,6.0,0.0006736516952514648,20,lag_03__CT3__duck_amount,CT3__duck_amount,False,-3.7208433151245117,-8.381839143112302e-05,0.00031187510144098374
125048,85.0,0.0006465315818786621,1,lag_01__T_place_SECONDMID,T_place_SECONDMID,False,-3.2740612030029297,0.000686042825691402,-0.0022461461991947207
125048,85.0,0.0006465315818786621,2,lag_15__T3__is_walking,T3__is_walking,False,-2.3223767280578613,0.0007450400153174996,-0.0017302635930452337
125048,85.0,0.0006465315818786621,3,lag_09__T_place_SECONDMID,T_place_SECONDMID,False,3.2740612030029297,0.000413242174545303,0.0013529801711233413
125048,85.0,0.0006465315818786621,4,lag_14__T3__duck_amount,T3__duck_amount,False,2.3649792671203613,0.0005507018067874014,0.0013023983554179275
125048,85.0,0.0006465315818786621,5,lag_02__T4__is_walking,T4__is_walking,False,-2.307980537414551,-0.000464164768345654,0.001071283251495303
125048,85.0,0.0006465315818786621,6,lag_01__CT5__duck_amount,CT5__duck_amount,False,3.7749595642089844,0.00025983434170484543,0.0009808641333286516
125048,85.0,0.0006465315818786621,7,lag_07__CT2__is_walking,CT2__is_walking,False,2.360051155090332,0.00038290611701086164,0.0009036780237426378
125048,85.0,0.0006465315818786621,8,lag_11__CT2__is_walking,CT2__is_walking,False,2.360051155090332,0.0003682550450321287,0.0008691007443959176
125048,85.0,0.0006465315818786621,9,lag_13__CT_walking_count,CT_walking_count,False,-2.692342758178711,0.00032104263664223254,-0.000864356817830314
125048,85.0,0.0006465315818786621,10,lag_09__T3__is_walking,T3__is_walking,False,2.3223767280578613,0.00036043141153641045,0.0008370575222132054
125048,85.0,0.0006465315818786621,11,lag_00__CT2__is_walking,CT2__is_walking,False,2.360051155090332,-0.00033712375443428755,-0.0007956293060610298
125048,85.0,0.0006465315818786621,12,lag_07__T1__is_walking,T1__is_walking,False,-2.281590461730957,0.00030015932861715555,-0.00068484066117247
125048,85.0,0.0006465315818786621,13,lag_15__T_walking_count,T_walking_count,False,-1.5941797494888306,0.00041995709761977196,-0.0006694871006795444
125048,85.0,0.0006465315818786621,14,lag_09__T3__duck_amount,T3__duck_amount,False,-1.3650550842285156,-0.0004805804055649787,0.0006560187259970762
125048,85.0,0.0006465315818786621,15,lag_05__CT2__is_walking,CT2__is_walking,False,-2.360051155090332,-0.0002599559666123241,0.0006135093792760393
125048,85.0,0.0006465315818786621,16,lag_01__T4__is_walking,T4__is_walking,False,2.307980537414551,-0.0002342455554753542,-0.0005406341830129779
125048,85.0,0.0006465315818786621,17,lag_02__T1__is_walking,T1__is_walking,False,-2.281590461730957,0.00023264085757546127,-0.0005307911616530825
125048,85.0,0.0006465315818786621,18,lag_15__T3__duck_amount,T3__duck_amount,False,1.405470609664917,-0.00035632168874144554,-0.0005007996611122723
125048,85.0,0.0006465315818786621,19,lag_01__T_place_MIDDLE,T_place_MIDDLE,False,1.6254756450653076,0.00030776814674027264,0.0005002696268531989
125048,85.0,0.0006465315818786621,20,lag_13__CT_duck_amount_mean,CT_duck_amount_mean,False,1.505911111831665,0.0003240414953324944,0.0004879776885157519
124600,78.0,0.0005887746810913086,1,lag_07__T3__duck_amount,T3__duck_amount,False,-3.122612237930298,-0.0008297670283354819,0.002591040677311432
124600,78.0,0.0005887746810913086,2,lag_02__T2__duck_amount,T2__duck_amount,False,-3.8233180046081543,-0.0004818271554540843,0.0018421784385567325
124600,78.0,0.0005887746810913086,3,lag_14__T1__duck_amount,T1__duck_amount,False,-3.915480136871338,0.0003490946546662599,-0.0013668731862336997
124600,78.0,0.0005887746810913086,4,lag_12__CT5__is_scoped,CT5__is_scoped,False,3.5760385990142822,0.0003804228617809713,0.0013604068376762285
124600,78.0,0.0005887746810913086,5,lag_14__CT2__duck_amount,CT2__duck_amount,False,2.8978590965270996,-0.00046352235949598253,-0.0013432224859091374
124600,78.0,0.0005887746810913086,6,lag_00__T4__duck_amount,T4__duck_amount,False,-2.9631760120391846,-0.00042046597809530795,0.0012459147001706097
124600,78.0,0.0005887746810913086,7,lag_14__T4__is_walking,T4__is_walking,False,2.307980537414551,0.0005385952536016703,0.0012430673628565092
124600,78.0,0.0005887746810913086,8,lag_11__T2__is_walking,T2__is_walking,False,-2.2968344688415527,0.0004402948834467679,-0.0010112844647551106
124600,78.0,0.0005887746810913086,9,lag_03__T2__duck_amount,T2__duck_amount,False,3.8233180046081543,-0.00026269908994436264,-0.0010043821603784586
124600,78.0,0.0005887746810913086,10,lag_00__T3__duck_amount,T3__duck_amount,False,2.3649792671203613,0.00042161077726632357,0.0009971007470293558
124600,78.0,0.0005887746810913086,11,lag_13__CT2__duck_amount,CT2__duck_amount,False,-2.8978590965270996,-0.00034235691418871284,0.0009921020980407091
124600,78.0,0.0005887746810913086,12,lag_03__T3__is_walking,T3__is_walking,False,2.3223767280578613,-0.0004129338776692748,-0.0009589880277258156
124600,78.0,0.0005887746810913086,13,lag_14__T2__is_walking,T2__is_walking,False,2.2968344688415527,0.0004084695829078555,0.0009381870174960949
124600,78.0,0.0005887746810913086,14,lag_14__T_place_SECONDMID,T_place_SECONDMID,False,-3.2740612030029297,0.00027202742057852447,-0.0008906344238691077
124600,78.0,0.0005887746810913086,15,lag_09__T3__duck_amount,T3__duck_amount,False,1.8265323638916016,-0.0004805804055649787,-0.0008777956642165852
124600,78.0,0.0005887746810913086,16,lag_15__CT1__duck_amount,CT1__duck_amount,False,2.9699862003326416,-0.0002918790269177407,-0.0008668766821122095
124600,78.0,0.0005887746810913086,17,lag_09__T3__is_walking,T3__is_walking,False,-2.3223767280578613,0.00036043141153641045,-0.0008370575222132054
124600,78.0,0.0005887746810913086,18,lag_05__T3__is_walking,T3__is_walking,False,-2.3223767280578613,0.0003475644043646753,-0.000807175484197814
124600,78.0,0.0005887746810913086,19,lag_03__T1__is_walking,T1__is_walking,False,-2.281590461730957,0.00033243795041926205,-0.0007584872567939771
124600,78.0,0.0005887746810913086,20,lag_15__CT1__is_walking,CT1__is_walking,False,-2.3343825340270996,-0.00031160173239186406,0.0007273976416681538
124248,72.5,0.0005874037742614746,1,lag_11__CT_place_LIBRARY,CT_place_LIBRARY,False,-6.411735534667969,-0.0005483959103003144,0.003516169545139114
124248,72.5,0.0005874037742614746,2,lag_04__CT1__duck_amount,CT1__duck_amount,False,2.9699862003326416,-0.0007108165300451219,-0.0021111152852023446
124248,72.5,0.0005874037742614746,3,lag_07__CT5__is_scoped,CT5__is_scoped,False,-3.5760385990142822,0.0004739676951430738,-0.001694926772517466
124248,72.5,0.0005874037742614746,4,lag_02__CT2__duck_amount,CT2__duck_amount,False,-2.8978590965270996,-0.0005480936379171908,0.0015882981343869618
124248,72.5,0.0005874037742614746,5,lag_05__CT1__duck_amount,CT1__duck_amount,False,-3.2041802406311035,0.00046185965766198933,-0.001479881589025192
124248,72.5,0.0005874037742614746,6,lag_08__T4__is_walking,T4__is_walking,False,-2.307980537414551,0.0005761355278082192,-0.0013297095850944296
124248,72.5,0.0005874037742614746,7,lag_10__T4__duck_amount,T4__duck_amount,False,-3.6976382732391357,0.00031839829171076417,-0.0011773217095636807
124248,72.5,0.0005874037742614746,8,lag_05__CT_place_RUINS,CT_place_RUINS,False,-6.987826824188232,-0.00016692806093487889,0.0011664643819104745
124248,72.5,0.0005874037742614746,9,lag_10__T3__is_walking,T3__is_walking,False,-2.3223767280578613,0.0004356538411229849,-0.001011752342113037
124248,72.5,0.0005874037742614746,10,lag_03__T1__duck_amount,T1__duck_amount,False,-3.915480136871338,-0.0002520966518204659,0.000987079432774804
124248,72.5,0.0005874037742614746,11,lag_11__CT3__duck_amount,CT3__duck_amount,False,-2.2156026363372803,-0.00042933892109431326,0.000951244445458764
124248,72.5,0.0005874037742614746,12,lag_07__CT2__is_walking,CT2__is_walking,False,2.360051155090332,0.00038290611701086164,0.0009036780237426378
124248,72.5,0.0005874037742614746,13,lag_07__CT3__duck_amount,CT3__duck_amount,False,1.3960918188095093,-0.0005844108527526259,-0.0008158912103514299
124248,72.5,0.0005874037742614746,14,lag_03__T_place_SECONDMID,T_place_SECONDMID,False,-3.2740612030029297,0.0002490394690539688,-0.0008153704636460479
124248,72.5,0.0005874037742614746,15,lag_08__T_flashes_last_5s,T_flashes_last_5s,True,-9.0607271194458,-8.841422823024914e-05,0.0008010971954706889
124248,72.5,0.0005874037742614746,16,lag_04__T_duck_amount_mean,T_duck_amount_mean,False,1.4539684057235718,-0.0005479127285070717,-0.0007966477963430793
124248,72.5,0.0005874037742614746,17,lag_10__CT1__duck_amount,CT1__duck_amount,False,2.455442190170288,0.00031154786120168865,0.0007649877626519433
124248,72.5,0.0005874037742614746,18,lag_12__CT3__duck_amount,CT3__duck_amount,False,2.2156026363372803,0.0003121037152595818,0.0006914978143397893
124248,72.5,0.0005874037742614746,19,lag_07__T1__is_walking,T1__is_walking,False,2.281590461730957,0.00030015932861715555,0.00068484066117247
124248,72.5,0.0005874037742614746,20,lag_07__CT_scoped_count,CT_scoped_count,False,-2.141930103302002,0.0002997195115312934,-0.0006419782442958488
124984,84.0,-0.0005747675895690918,1,lag_15__T3__is_walking,T3__is_walking,False,2.3223767280578613,0.0007450400153174996,0.0017302635930452337
124984,84.0,-0.0005747675895690918,2,lag_11__CT1__duck_amount,CT1__duck_amount,False,3.8154516220092773,0.00044415416778065264,0.0016946487398808718
124984,84.0,-0.0005747675895690918,3,lag_12__T4__duck_amount,T4__duck_amount,False,-2.9631760120391846,0.0004697070689871907,-0.001391824719508078
124984,84.0,-0.0005747675895690918,4,lag_07__T3__duck_amount,T3__duck_amount,False,-1.3650550842285156,-0.0008297670283354819,0.0011326777007545363
124984,84.0,-0.0005747675895690918,5,lag_14__T2__duck_amount,T2__duck_amount,False,-3.8233180046081543,-0.0002819385554175824,0.0010779407551212566
124984,84.0,-0.0005747675895690918,6,lag_11__CT_walking_count,CT_walking_count,False,-2.692342758178711,0.00039668884710408747,-0.0010680223447509518
124984,84.0,-0.0005747675895690918,7,lag_11__CT1__is_walking,CT1__is_walking,False,-2.3343825340270996,0.0004205553268548101,-0.0009817370096019268
124984,84.0,-0.0005747675895690918,8,lag_07__CT2__is_walking,CT2__is_walking,False,2.360051155090332,0.00038290611701086164,0.0009036780237426378
124984,84.0,-0.0005747675895690918,9,lag_11__CT2__is_walking,CT2__is_walking,False,-2.360051155090332,0.0003682550450321287,-0.0008691007443959176
124984,84.0,-0.0005747675895690918,10,lag_13__T3__duck_amount,T3__duck_amount,False,1.405470609664917,0.000605045526754111,0.0008503737053621313
124984,84.0,-0.0005747675895690918,11,lag_09__T1__is_walking,T1__is_walking,False,2.281590461730957,-0.00027209060499444604,-0.0006207993290819336
124984,84.0,-0.0005747675895690918,12,lag_05__CT2__is_walking,CT2__is_walking,False,2.360051155090332,-0.0002599559666123241,-0.0006135093792760393
124984,84.0,-0.0005747675895690918,13,lag_12__T1__is_walking,T1__is_walking,False,2.281590461730957,0.000268021656665951,0.0006115156553863632
124984,84.0,-0.0005747675895690918,14,lag_09__T4__is_walking,T4__is_walking,False,-2.307980537414551,0.0002548225165810436,-0.0005881254087640453
124984,84.0,-0.0005747675895690918,15,lag_06__CT2__is_walking,CT2__is_walking,False,-2.360051155090332,0.00024117632710840553,-0.0005691884693726362
124984,84.0,-0.0005747675895690918,16,lag_15__T2__duck_amount,T2__duck_amount,False,3.8233180046081543,-0.0001485953398514539,-0.0005681272382549313
124984,84.0,-0.0005747675895690918,17,lag_02__CT2__is_walking,CT2__is_walking,False,2.360051155090332,0.00024049539933912456,0.0005675814450042116
124984,84.0,-0.0005747675895690918,18,lag_01__T4__is_walking,T4__is_walking,False,2.307980537414551,-0.0002342455554753542,-0.0005406341830129779
124984,84.0,-0.0005747675895690918,19,lag_05__T2__is_walking,T2__is_walking,False,-2.2968344688415527,0.00020874658366665244,-0.0004794563486184844
124984,84.0,-0.0005747675895690918,20,lag_06__T2__is_walking,T2__is_walking,False,2.2968344688415527,0.00019905308727174997,0.0004571919919750811
120152,8.5,-0.0005701780319213867,1,lag_07__T_place_LOWERMID,T_place_LOWERMID,False,6.6526923179626465,-0.0003017595736309886,-0.0020075135973665614
120152,8.5,-0.0005701780319213867,2,lag_05__CT_place_LIBRARY,CT_place_LIBRARY,False,-6.411735534667969,-0.00025681674014776945,0.0016466410187030434
120152,8.5,-0.0005701780319213867,3,lag_03__T_place_LOWERMID,T_place_LOWERMID,False,-3.326345920562744,-0.00043349445331841707,0.0014419525063822936
120152,8.5,-0.0005701780319213867,4,lag_04__T_place_LOWERMID,T_place_LOWERMID,False,-6.652692794799805,-0.00018010982603300363,0.0011982153419224095
120152,8.5,-0.0005701780319213867,5,lag_09__CT_place_LIBRARY,CT_place_LIBRARY,False,6.411735534667969,-0.00018677295884117484,-0.0011975388171170387
120152,8.5,-0.0005701780319213867,6,lag_08__CT_place_LIBRARY,CT_place_LIBRARY,False,-6.411735534667969,0.00015439282287843525,-0.000989925948747361
120152,8.5,-0.0005701780319213867,7,lag_01__CT_place_ARCH,CT_place_ARCH,False,4.080447673797607,-0.00024102495808620006,-0.0009834897295500009
120152,8.5,-0.0005701780319213867,8,lag_04__CT_place_RUINS,CT_place_RUINS,False,3.493913412094116,0.0002781023795250803,0.0009716656337579663
120152,8.5,-0.0005701780319213867,9,lag_03__CT_place_RUINS,CT_place_RUINS,False,-3.493913412094116,-0.0002494043146725744,0.0008713970800686491
120152,8.5,-0.0005701780319213867,10,lag_08__CT_place_RUINS,CT_place_RUINS,False,3.493913412094116,0.00023426191182807088,0.0008184908356789061
120152,8.5,-0.0005701780319213867,11,lag_03__T_place_SECONDMID,T_place_SECONDMID,False,3.274061679840088,0.0002490394690539688,0.0008153705823973206
120152,8.5,-0.0005701780319213867,12,lag_08__T_macro_MID,T_macro_MID,False,2.0557379722595215,0.00030429227626882493,0.0006255451869911083
120152,8.5,-0.0005701780319213867,13,lag_06__T_place_LOWERMID,T_place_LOWERMID,False,3.3263463973999023,-0.0001867877144832164,-0.0006213206411498085
120152,8.5,-0.0005701780319213867,14,lag_08__T_place_LOWERMID,T_place_LOWERMID,False,6.652692794799805,-8.690250251675025e-05,-0.0005781356523432563
120152,8.5,-0.0005701780319213867,15,lag_09__CT3__duck_amount,CT3__duck_amount,False,3.7208433151245117,9.623580262996256e-05,0.0003580783428913381
120152,8.5,-0.0005701780319213867,16,lag_01__CT_macro_B,CT_macro_B,False,1.225266456604004,0.0002907168527599424,0.0003562056080562426
120152,8.5,-0.0005701780319213867,17,lag_01__CT_place_BOMBSITEB,CT_place_BOMBSITEB,False,1.225266456604004,0.0002907168527599424,0.0003562056080562426
120152,8.5,-0.0005701780319213867,18,lag_00__T_unique_places,T_unique_places,False,0.8783379793167114,-0.00040315845399163663,-0.0003541093818234635
120152,8.5,-0.0005701780319213867,19,lag_07__bomb_events_last_5s,bomb_events_last_5s,False,2.0894012451171875,-0.0001440344931324944,-0.00030094584929085677
120152,8.5,-0.0005701780319213867,20,lag_08__CT3__duck_amount,CT3__duck_amount,False,-3.7208433151245117,7.329137588385493e-05,-0.00027270572601371945
123864,66.5,0.0004976391792297363,1,lag_10__CT_flashed_players,CT_flashed_players,False,4.379879951477051,-0.0005193882971070707,-0.002274858389531065
123864,66.5,0.0004976391792297363,2,lag_07__T3__duck_amount,T3__duck_amount,False,2.1249780654907227,-0.0008297670283354819,-0.001763236734680318
123864,66.5,0.0004976391792297363,3,lag_14__CT_place_RUINS,CT_place_RUINS,False,3.493913412094116,-0.0004953124444000423,-0.001730578792666429
123864,66.5,0.0004976391792297363,4,lag_08__CT_flashed_players,CT_flashed_players,False,-4.379879951477051,-0.00033950540819205344,0.0014869929307584073
123864,66.5,0.0004976391792297363,5,lag_14__T4__is_walking,T4__is_walking,False,2.307980537414551,0.0005385952536016703,0.0012430673628565092
123864,66.5,0.0004976391792297363,6,lag_03__T4__duck_amount,T4__duck_amount,False,3.6976382732391357,-0.00032167002791538835,-0.0011894194065738412
123864,66.5,0.0004976391792297363,7,lag_06__T_flashes_last_5s,T_flashes_last_5s,True,9.0607271194458,-0.00013037463941145688,-0.0011812890310033547
123864,66.5,0.0004976391792297363,8,lag_15__CT1__duck_amount,CT1__duck_amount,False,3.8154516220092773,-0.0002918790269177407,-0.0011136503066837833
123864,66.5,0.0004976391792297363,9,lag_10__T3__is_walking,T3__is_walking,False,2.3223767280578613,0.0004356538411229849,0.001011752342113037
123864,66.5,0.0004976391792297363,10,lag_11__CT1__is_walking,CT1__is_walking,False,2.3343825340270996,0.0004205553268548101,0.0009817370096019268
123864,66.5,0.0004976391792297363,11,lag_14__T2__is_walking,T2__is_walking,False,2.2968344688415527,0.0004084695829078555,0.0009381870174960949
123864,66.5,0.0004976391792297363,12,lag_14__T3__is_walking,T3__is_walking,False,2.3223767280578613,-0.00037350942147895694,-0.0008674295881530847
123864,66.5,0.0004976391792297363,13,lag_14__T_walking_count,T_walking_count,False,3.188359498977661,0.00027143245097249746,0.0008654242333889506
123864,66.5,0.0004976391792297363,14,lag_04__T3__is_walking,T3__is_walking,False,2.3223767280578613,0.00036516980617307127,0.0008480618596457407
123864,66.5,0.0004976391792297363,15,lag_04__T_duck_amount_mean,T_duck_amount_mean,False,-1.4539684057235718,-0.0005479127285070717,0.0007966477963430793
123864,66.5,0.0004976391792297363,16,lag_03__T1__is_walking,T1__is_walking,False,2.281590461730957,0.00033243795041926205,0.0007584872567939771
123864,66.5,0.0004976391792297363,17,lag_15__CT1__is_walking,CT1__is_walking,False,-2.3343825340270996,-0.00031160173239186406,0.0007273976416681538
123864,66.5,0.0004976391792297363,18,lag_12__T3__is_walking,T3__is_walking,False,-2.3223767280578613,0.00029835361056029797,-0.0006928894818972742
123864,66.5,0.0004976391792297363,19,lag_15__CT_velocity_mean,CT_velocity_mean,False,-2.128528118133545,0.0003249151341151446,-0.0006915909989712171
123864,66.5,0.0004976391792297363,20,lag_04__T3__duck_amount,T3__duck_amount,False,-3.7704498767852783,-0.00018243497470393777,0.0006878619278937875
126712,111.0,-0.0004563373513519764,1,lag_08__T_place_GRAVEYARD,T_place_GRAVEYARD,False,19.65784454345703,-0.00094649288803339,-0.018606010054448063
126712,111.0,-0.0004563373513519764,2,lag_15__T_place_ARCH,T_place_ARCH,False,-9.303513526916504,-0.0010737099219113588,0.00998927478248679
126712,111.0,-0.0004563373513519764,3,lag_00__T_kills_last_3s,T_kills_last_3s,False,-3.1681017875671387,-0.0015966312494128942,0.005058290315350544
126712,111.0,-0.0004563373513519764,4,lag_00__kill_diff_last_3s,kill_diff_last_3s,False,2.4069459438323975,0.0016697304090484977,0.004018950835352891
126712,111.0,-0.0004563373513519764,5,lag_04__CT_place_LIBRARY,CT_place_LIBRARY,False,-6.411735534667969,-0.0005715794977732003,0.0036648165767600993
126712,111.0,-0.0004563373513519764,6,lag_11__CT_place_LIBRARY,CT_place_LIBRARY,False,6.411735534667969,-0.0005483959103003144,-0.003516169545139114
126712,111.0,-0.0004563373513519764,7,lag_02__T_bomb_zone_count,T_bomb_zone_count,False,-5.821373462677002,-0.0005813175812363625,0.0033840667407969427
126712,111.0,-0.0004563373513519764,8,lag_06__CT_place_PIT,CT_place_PIT,False,-4.305429458618164,-0.0005969179328531027,0.0025699880524832075
126712,111.0,-0.0004563373513519764,9,lag_02__T_place_BALCONY,T_place_BALCONY,False,13.751577377319336,0.0001789078232832253,0.0024602647752870466
126712,111.0,-0.0004563373513519764,10,lag_07__T3__duck_amount,T3__duck_amount,False,2.9432532787323,-0.0008297670283354819,-0.002442214526732364
126712,111.0,-0.0004563373513519764,11,lag_07__T_place_PIT,T_place_PIT,False,6.3102264404296875,-0.0003488755610305816,-0.002201483789634917
126712,111.0,-0.0004563373513519764,12,lag_06__T3__duck_amount,T3__duck_amount,False,-2.9432532787323,-0.0007399225141853094,0.0021777793658837585
126712,111.0,-0.0004563373513519764,13,lag_00__CT_duck_amount_mean,CT_duck_amount_mean,False,-5.988534450531006,0.0003346470184624195,-0.002004045198829685
126712,111.0,-0.0004563373513519764,14,lag_13__CT3__duck_amount,CT3__duck_amount,False,3.7208433151245117,0.0004851756093557924,0.0018052624227329617
126712,111.0,-0.0004563373513519764,15,lag_14__CT2__duck_amount,CT2__duck_amount,False,3.8097944259643555,-0.00046352235949598253,-0.0017659249015176404
126712,111.0,-0.0004563373513519764,16,lag_07__T4__flash_duration,T4__flash_duration,True,-6.295469284057617,0.0002762229123618454,-0.0017389528603269366
126712,111.0,-0.0004563373513519764,17,lag_12__CT_place_RUINS,CT_place_RUINS,False,-3.493913412094116,-0.00048437880468554795,0.0016923776022249523
126712,111.0,-0.0004563373513519764,18,lag_02__T2__duck_amount,T2__duck_amount,False,-3.3454031944274902,-0.0004818271554540843,0.0016119061050180045
126712,111.0,-0.0004563373513519764,19,lag_00__T1__shots_fired,T1__shots_fired,False,-6.574345588684082,0.0002431674802210182,-0.0015986670509024747
126712,111.0,-0.0004563373513519764,20,lag_11__CT3__duck_amount,CT3__duck_amount,False,3.7208433151245117,-0.00042933892109431326,-0.0015975028544765457
125848,97.5,-0.0004380941390991211,1,lag_11__CT3__duck_amount,CT3__duck_amount,False,-3.7208433151245117,-0.00042933892109431326,0.0015975028544765457
125848,97.5,-0.0004380941390991211,2,lag_04__CT3__is_walking,CT3__is_walking,False,2.387126922607422,0.0004291778604965657,0.0010245020253784043
125848,97.5,-0.0004380941390991211,3,lag_03__T1__duck_amount,T1__duck_amount,False,-3.915480136871338,-0.0002520966518204659,0.000987079432774804
125848,97.5,-0.0004380941390991211,4,lag_03__CT_place_RUINS,CT_place_RUINS,False,3.493913412094116,-0.0002494043146725744,-0.0008713970800686491
125848,97.5,-0.0004380941390991211,5,lag_09__T3__is_walking,T3__is_walking,False,-2.3223767280578613,0.00036043141153641045,-0.0008370575222132054
125848,97.5,-0.0004380941390991211,6,lag_04__T_duck_amount_mean,T_duck_amount_mean,False,1.4539684057235718,-0.0005479127285070717,-0.0007966477963430793
125848,97.5,-0.0004380941390991211,7,lag_00__CT2__is_walking,CT2__is_walking,False,2.360051155090332,-0.00033712375443428755,-0.0007956293060610298
125848,97.5,-0.0004380941390991211,8,lag_02__T3__duck_amount,T3__duck_amount,False,3.7704498767852783,-0.0002037809754256159,-0.0007683459536846973
125848,97.5,-0.0004380941390991211,9,lag_07__T4__duck_amount,T4__duck_amount,False,2.106947183609009,0.0003377425018697977,0.0007116056130996307
125848,97.5,-0.0004380941390991211,10,lag_10__T2__is_walking,T2__is_walking,False,-2.2968344688415527,-0.0003049870138056576,0.0007005046858578889
125848,97.5,-0.0004380941390991211,11,lag_06__T4__duck_amount,T4__duck_amount,False,1.590691089630127,0.0004179595853202045,0.0006648445881943521
125848,97.5,-0.0004380941390991211,12,lag_05__CT1__duck_amount,CT1__duck_amount,False,-1.4226436614990234,0.00046185965766198933,-0.000657061714474938
125848,97.5,-0.0004380941390991211,13,lag_09__T1__is_walking,T1__is_walking,False,-2.281590461730957,-0.00027209060499444604,0.0006207993290819336
125848,97.5,-0.0004380941390991211,14,lag_05__CT2__is_walking,CT2__is_walking,False,-2.360051155090332,-0.0002599559666123241,0.0006135093792760393
125848,97.5,-0.0004380941390991211,15,lag_06__CT3__duck_amount,CT3__duck_amount,False,-3.7208433151245117,0.00016185805725399405,-0.0006022484703325642
125848,97.5,-0.0004380941390991211,16,lag_09__T4__is_walking,T4__is_walking,False,-2.307980537414551,0.0002548225165810436,-0.0005881254087640453
125848,97.5,-0.0004380941390991211,17,lag_13__CT3__duck_amount,CT3__duck_amount,False,1.2049734592437744,0.0004851756093557924,0.0005846237323461553
125848,97.5,-0.0004380941390991211,18,lag_01__T4__is_walking,T4__is_walking,False,-2.307980537414551,-0.0002342455554753542,0.0005406341830129779
125848,97.5,-0.0004380941390991211,19,lag_05__T4__is_walking,T4__is_walking,False,2.307980537414551,-0.00022469049145001918,-0.0005185812812087548
125848,97.5,-0.0004380941390991211,20,lag_14__CT3__is_walking,CT3__is_walking,False,-2.387126922607422,0.00020266728824935853,-0.00048379254011188255
123160,55.5,-0.0004290938377380371,1,lag_06__T_place_BALCONY,T_place_BALCONY,False,-13.751577377319336,-0.0008166214684024453,0.011229833310716364
123160,55.5,-0.0004290938377380371,2,lag_08__T_place_BALCONY,T_place_BALCONY,False,13.751577377319336,-0.00022411263489630073,-0.003081902240011397
123160,55.5,-0.0004290938377380371,3,lag_08__T4__duck_amount,T4__duck_amount,False,3.6976382732391357,-0.0005750535638071597,-0.002126340066695917
123160,55.5,-0.0004290938377380371,4,lag_15__T3__is_walking,T3__is_walking,False,-2.3223767280578613,0.0007450400153174996,-0.0017302635930452337
123160,55.5,-0.0004290938377380371,5,lag_06__T4__duck_amount,T4__duck_amount,False,-3.6976382732391357,0.0004179595853202045,-0.0015454633593471462
123160,55.5,-0.0004290938377380371,6,lag_14__T4__is_walking,T4__is_walking,False,2.307980537414551,0.0005385952536016703,0.0012430673628565092
123160,55.5,-0.0004290938377380371,7,lag_11__kill_diff_last_3s,kill_diff_last_3s,False,-2.4069459438323975,0.0004664371663238853,-0.0011226890455359531
123160,55.5,-0.0004290938377380371,8,lag_06__T_place_SECONDMID,T_place_SECONDMID,False,3.2740612030029297,0.0003358133544679731,0.0010994734753138613
123160,55.5,-0.0004290938377380371,9,lag_11__CT_kills_last_3s,CT_kills_last_3s,False,-2.8871407508850098,0.00034041417529806495,-0.0009828236376819566
123160,55.5,-0.0004290938377380371,10,lag_14__T3__is_walking,T3__is_walking,False,2.3223767280578613,-0.00037350942147895694,-0.0008674295881530847
123160,55.5,-0.0004290938377380371,11,lag_09__T3__is_walking,T3__is_walking,False,-2.3223767280578613,0.00036043141153641045,-0.0008370575222132054
123160,55.5,-0.0004290938377380371,12,lag_04__T_duck_amount_mean,T_duck_amount_mean,False,1.4539684057235718,-0.0005479127285070717,-0.0007966477963430793
123160,55.5,-0.0004290938377380371,13,lag_10__CT_place_RUINS,CT_place_RUINS,False,-3.493913412094116,-0.0002121785219060257,0.0007413333834457685
123160,55.5,-0.0004290938377380371,14,lag_10__T2__is_walking,T2__is_walking,False,2.2968344688415527,-0.0003049870138056576,-0.0007005046858578889
123160,55.5,-0.0004290938377380371,15,lag_14__T_walking_count,T_walking_count,False,2.3912696838378906,0.00027143245097249746,0.0006490681912203478
123160,55.5,-0.0004290938377380371,16,lag_09__T1__is_walking,T1__is_walking,False,-2.281590461730957,-0.00027209060499444604,0.0006207993290819336
123160,55.5,-0.0004290938377380371,17,lag_05__CT2__is_walking,CT2__is_walking,False,2.360051155090332,-0.0002599559666123241,-0.0006135093792760393
123160,55.5,-0.0004290938377380371,18,lag_09__T4__is_walking,T4__is_walking,False,-2.307980537414551,0.0002548225165810436,-0.0005881254087640453
123160,55.5,-0.0004290938377380371,19,lag_08__T3__is_walking,T3__is_walking,False,2.3223767280578613,-0.00021952461975160986,-0.0005098188681468899
123160,55.5,-0.0004290938377380371,20,lag_05__CT_place_PIT,CT_place_PIT,False,4.305429458618164,-0.00011519356485223398,-0.0004959577675580501
123032,53.5,0.00036656856536865234,1,lag_02__T4__duck_amount,T4__duck_amount,False,-3.6976382732391357,0.0007360627641901374,-0.0027216938483756448
123032,53.5,0.00036656856536865234,2,lag_02__T_place_BALCONY,T_place_BALCONY,False,-13.751577377319336,0.0001789078232832253,-0.0024602647752870466
123032,53.5,0.00036656856536865234,3,lag_04__T_place_BALCONY,T_place_BALCONY,False,13.751577377319336,0.00016187154687941074,0.002225989102098591
123032,53.5,0.00036656856536865234,4,lag_14__T_place_PIT,T_place_PIT,False,-6.3102264404296875,-0.0003434673708397895,0.0021673568848981084
123032,53.5,0.00036656856536865234,5,lag_15__CT_shots_fired_sum,CT_shots_fired_sum,False,2.778964042663574,-0.0007539220969192684,-0.002095122398308169
123032,53.5,0.00036656856536865234,6,lag_04__T_duck_amount_mean,T_duck_amount_mean,False,2.9079365730285645,-0.0005479127285070717,-0.0015932954620535844
123032,53.5,0.00036656856536865234,7,lag_00__T4__duck_amount,T4__duck_amount,False,3.6976382732391357,-0.00042046597809530795,-0.0015547310932001387
123032,53.5,0.00036656856536865234,8,lag_14__T5__flash_duration,T5__flash_duration,True,-7.137953758239746,-0.00019662104023154825,0.0014034718930697881
123032,53.5,0.00036656856536865234,9,lag_08__T_A_site_active_infernos,T_A_site_active_infernos,True,-2.9764554500579834,0.0004672471550293267,-0.0013907403411111269
123032,53.5,0.00036656856536865234,10,lag_13__T_utility_damage_last_5s,T_utility_damage_last_5s,True,-6.710264205932617,-0.00015108597290236503,0.0010138267959852454
123032,53.5,0.00036656856536865234,11,lag_10__T3__is_walking,T3__is_walking,False,2.3223767280578613,0.0004356538411229849,0.001011752342113037
123032,53.5,0.00036656856536865234,12,lag_03__T1__duck_amount,T1__duck_amount,False,-3.915480136871338,-0.0002520966518204659,0.000987079432774804
123032,53.5,0.00036656856536865234,13,lag_15__CT_place_BANANA,CT_place_BANANA,False,-2.960339307785034,-0.0003146057133562863,0.0009313396597023654
123032,53.5,0.00036656856536865234,14,lag_04__T3__is_walking,T3__is_walking,False,2.3223767280578613,0.00036516980617307127,0.0008480618596457407
123032,53.5,0.00036656856536865234,15,lag_15__CT1__duck_amount,CT1__duck_amount,False,2.863501787185669,-0.0002918790269177407,-0.0008357961152209645
123032,53.5,0.00036656856536865234,16,lag_05__T3__is_walking,T3__is_walking,False,-2.3223767280578613,0.0003475644043646753,-0.000807175484197814
123032,53.5,0.00036656856536865234,17,lag_13__utility_damage_diff_last_5s,utility_damage_diff_last_5s,True,4.243395805358887,0.0001751913077896461,0.0007434060606099219
123032,53.5,0.00036656856536865234,18,lag_08__T_active_infernos,T_active_infernos,True,-2.082643508911133,0.00034827395575121045,-0.0007253304932680615
123032,53.5,0.00036656856536865234,19,lag_12__T3__is_walking,T3__is_walking,False,2.3223767280578613,0.00029835361056029797,0.0006928894818972742
123032,53.5,0.00036656856536865234,20,lag_01__CT_place_PIT,CT_place_PIT,False,4.305429458618164,0.00015701130905654281,0.0006760011153482404
125752,96.0,-0.0003542900085449219,1,lag_02__T4__duck_amount,T4__duck_amount,False,-3.6976382732391357,0.0007360627641901374,-0.0027216938483756448
125752,96.0,-0.0003542900085449219,2,lag_00__CT_place_RUINS,CT_place_RUINS,False,3.493913412094116,0.000645243504550308,0.002254424934614932
125752,96.0,-0.0003542900085449219,3,lag_05__CT3__duck_amount,CT3__duck_amount,False,3.6246578693389893,-0.0004106589185539633,-0.0014884980807508622
125752,96.0,-0.0003542900085449219,4,lag_11__CT3__duck_amount,CT3__duck_amount,False,2.5158700942993164,-0.00042933892109431326,-0.0010801609518999167
125752,96.0,-0.0003542900085449219,5,lag_02__T4__is_walking,T4__is_walking,False,2.307980537414551,-0.000464164768345654,-0.001071283251495303
125752,96.0,-0.0003542900085449219,6,lag_14__T2__is_walking,T2__is_walking,False,-2.2968344688415527,0.0004084695829078555,-0.0009381870174960949
125752,96.0,-0.0003542900085449219,7,lag_07__CT2__is_walking,CT2__is_walking,False,2.360051155090332,0.00038290611701086164,0.0009036780237426378
125752,96.0,-0.0003542900085449219,8,lag_03__CT_place_RUINS,CT_place_RUINS,False,-3.493913412094116,-0.0002494043146725744,0.0008713970800686491
125752,96.0,-0.0003542900085449219,9,lag_03__CT_duck_amount_mean,CT_duck_amount_mean,False,-2.436040163040161,-0.00033361322130076587,0.000812695206009871
125752,96.0,-0.0003542900085449219,10,lag_01__CT_shots_fired_sum,CT_shots_fired_sum,False,1.389482021331787,0.0004898659535683692,0.0006806599353458009
125752,96.0,-0.0003542900085449219,11,lag_00__T_duck_amount_mean,T_duck_amount_mean,False,-1.4539684057235718,-0.0004539376823231578,0.0006600110482652549
125752,96.0,-0.0003542900085449219,12,lag_02__CT1__duck_amount,CT1__duck_amount,False,-1.4226436614990234,0.00045581706217490137,-0.0006484652543062297
125752,96.0,-0.0003542900085449219,13,lag_05__CT2__is_walking,CT2__is_walking,False,2.360051155090332,-0.0002599559666123241,-0.0006135093792760393
125752,96.0,-0.0003542900085449219,14,lag_06__CT2__is_walking,CT2__is_walking,False,-2.360051155090332,0.00024117632710840553,-0.0005691884693726362
125752,96.0,-0.0003542900085449219,15,lag_02__CT2__is_walking,CT2__is_walking,False,-2.360051155090332,0.00024049539933912456,-0.0005675814450042116
125752,96.0,-0.0003542900085449219,16,lag_06__T3__is_walking,T3__is_walking,False,-2.3223767280578613,0.00022186199203133583,-0.000515247127134133
125752,96.0,-0.0003542900085449219,17,lag_03__T4__duck_amount,T4__duck_amount,False,1.590691089630127,-0.00032167002791538835,-0.0005116776472060824
125752,96.0,-0.0003542900085449219,18,lag_06__T4__is_walking,T4__is_walking,False,-2.307980537414551,0.00021852977806702256,-0.0005043624746242092
125752,96.0,-0.0003542900085449219,19,lag_01__CT3__is_walking,CT3__is_walking,False,2.387126922607422,-0.00020937243243679404,-0.0004997985703216745
125752,96.0,-0.0003542900085449219,20,lag_00__T1__duck_amount,T1__duck_amount,False,-3.915480136871338,-0.00012425289605744183,0.00048650974646165246
122200,40.5,0.0003400444984436035,1,lag_05__CT4__flash_duration,CT4__flash_duration,True,5.9389777183532715,0.0006770291947759688,0.004020861302449136
122200,40.5,0.0003400444984436035,2,lag_03__T4__flash_duration,T4__flash_duration,True,-7.262770175933838,-0.0004984004190191627,0.0036197676989253025
122200,40.5,0.0003400444984436035,3,lag_04__T_place_BALCONY,T_place_BALCONY,False,13.751577377319336,0.00016187154687941074,0.002225989102098591
122200,40.5,0.0003400444984436035,4,lag_09__T3__duck_amount,T3__duck_amount,False,3.7704498767852783,-0.0004805804055649787,-0.001812004330947893
122200,40.5,0.0003400444984436035,5,lag_11__CT3__duck_amount,CT3__duck_amount,False,3.7208433151245117,-0.00042933892109431326,-0.0015975028544765457
122200,40.5,0.0003400444984436035,6,lag_02__CT_place_ARCH,CT_place_ARCH,False,-4.080447673797607,-0.0003748765157070011,0.0015296640064779848
122200,40.5,0.0003400444984436035,7,lag_03__CT_flashed_players,CT_flashed_players,False,-2.1899399757385254,0.0006955666467547417,-0.0015232492055186064
122200,40.5,0.0003400444984436035,8,lag_08__T4__is_walking,T4__is_walking,False,-2.307980537414551,0.0005761355278082192,-0.0013297095850944296
122200,40.5,0.0003400444984436035,9,lag_07__CT2__duck_amount,CT2__duck_amount,False,3.8097944259643555,0.0003347429446876049,0.0012753018048017317
122200,40.5,0.0003400444984436035,10,lag_14__T4__is_walking,T4__is_walking,False,2.307980537414551,0.0005385952536016703,0.0012430673628565092
122200,40.5,0.0003400444984436035,11,lag_05__CT_flashed_players,CT_flashed_players,False,2.1899399757385254,-0.000531210214830935,-0.0011633184849789147
122200,40.5,0.0003400444984436035,12,lag_10__T3__is_walking,T3__is_walking,False,2.3223767280578613,0.0004356538411229849,0.001011752342113037
122200,40.5,0.0003400444984436035,13,lag_15__CT4__is_walking,CT4__is_walking,False,2.384641170501709,0.0003982839407399297,0.0009497642826380992
122200,40.5,0.0003400444984436035,14,lag_14__T2__is_walking,T2__is_walking,False,2.2968344688415527,0.0004084695829078555,0.0009381870174960949
122200,40.5,0.0003400444984436035,15,lag_07__CT2__is_walking,CT2__is_walking,False,-2.360051155090332,0.00038290611701086164,-0.0009036780237426378
122200,40.5,0.0003400444984436035,16,lag_14__T3__is_walking,T3__is_walking,False,2.3223767280578613,-0.00037350942147895694,-0.0008674295881530847
122200,40.5,0.0003400444984436035,17,lag_09__T3__is_walking,T3__is_walking,False,-2.3223767280578613,0.00036043141153641045,-0.0008370575222132054
122200,40.5,0.0003400444984436035,18,lag_03__T_flash_duration_sum,T_flash_duration_sum,True,-3.156754732131958,-0.0002626691712066531,0.0008291821491917817
122200,40.5,0.0003400444984436035,19,lag_04__CT_flashed_players,CT_flashed_players,False,2.1899399757385254,-0.00037005386548116803,-0.0008103957531937767
122200,40.5,0.0003400444984436035,20,lag_00__CT2__is_walking,CT2__is_walking,False,-2.360051155090332,-0.00033712375443428755,0.0007956293060610298
124856,82.0,-0.0003126859664916992,1,lag_15__T3__is_walking,T3__is_walking,False,2.3223767280578613,0.0007450400153174996,0.0017302635930452337
124856,82.0,-0.0003126859664916992,2,lag_08__T4__duck_amount,T4__duck_amount,False,-2.9631760120391846,-0.0005750535638071597,0.0017039849259110201
124856,82.0,-0.0003126859664916992,3,lag_10__T2__duck_amount,T2__duck_amount,False,-3.8233180046081543,-0.0003491787938401103,0.0013350215693162526
124856,82.0,-0.0003126859664916992,4,lag_14__T4__is_walking,T4__is_walking,False,-2.307980537414551,0.0005385952536016703,-0.0012430673628565092
124856,82.0,-0.0003126859664916992,5,lag_15__T3__duck_amount,T3__duck_amount,False,-3.122612237930298,-0.00035632168874144554,0.0011126544659040283
124856,82.0,-0.0003126859664916992,6,lag_02__CT5__duck_amount,CT5__duck_amount,False,-2.2742724418640137,0.0004325854533817619,-0.000983817175377391
124856,82.0,-0.0003126859664916992,7,lag_03__T3__is_walking,T3__is_walking,False,2.3223767280578613,-0.0004129338776692748,-0.0009589880277258156
124856,82.0,-0.0003126859664916992,8,lag_14__T2__is_walking,T2__is_walking,False,-2.2968344688415527,0.0004084695829078555,-0.0009381870174960949
124856,82.0,-0.0003126859664916992,9,lag_01__T2__is_walking,T2__is_walking,False,-2.2968344688415527,0.00039995761471800506,-0.0009186364355599635
124856,82.0,-0.0003126859664916992,10,lag_07__CT2__is_walking,CT2__is_walking,False,-2.360051155090332,0.00038290611701086164,-0.0009036780237426378
124856,82.0,-0.0003126859664916992,11,lag_09__T3__is_walking,T3__is_walking,False,-2.3223767280578613,0.00036043141153641045,-0.0008370575222132054
124856,82.0,-0.0003126859664916992,12,lag_03__T_place_SECONDMID,T_place_SECONDMID,False,3.2740612030029297,0.0002490394690539688,0.0008153704636460479
124856,82.0,-0.0003126859664916992,13,lag_08__T1__is_walking,T1__is_walking,False,2.281590461730957,-0.0003247926651965827,-0.0007410438469526992
124856,82.0,-0.0003126859664916992,14,lag_07__T1__is_walking,T1__is_walking,False,-2.281590461730957,0.00030015932861715555,-0.00068484066117247
124856,82.0,-0.0003126859664916992,15,lag_09__T3__duck_amount,T3__duck_amount,False,1.405470609664917,-0.0004805804055649787,-0.0006754416356024237
124856,82.0,-0.0003126859664916992,16,lag_15__T_walking_count,T_walking_count,False,1.5941797494888306,0.00041995709761977196,0.0006694871006795444
124856,82.0,-0.0003126859664916992,17,lag_07__CT_walking_count,CT_walking_count,False,-2.692342758178711,0.000245927891228348,-0.0006621221769828045
124856,82.0,-0.0003126859664916992,18,lag_13__T2__is_walking,T2__is_walking,False,2.2968344688415527,0.00027503244928084314,0.0006317040095581566
124856,82.0,-0.0003126859664916992,19,lag_09__T1__is_walking,T1__is_walking,False,-2.281590461730957,-0.00027209060499444604,0.0006207993290819336
124856,82.0,-0.0003126859664916992,20,lag_05__CT2__is_walking,CT2__is_walking,False,2.360051155090332,-0.0002599559666123241,-0.0006135093792760393
123896,67.0,0.0002894401550292969,1,lag_00__CT_place_LIBRARY,CT_place_LIBRARY,False,-6.411735534667969,-0.00038585709990002215,0.0024740136787329003
123896,67.0,0.0002894401550292969,2,lag_09__CT_flashed_players,CT_flashed_players,False,-4.379879951477051,-0.0005501515115611255,0.0024095975757613686
123896,67.0,0.0002894401550292969,3,lag_11__CT_flashed_players,CT_flashed_players,False,4.379879951477051,0.0005214161355979741,0.002283740078682206
123896,67.0,0.0002894401550292969,4,lag_14__CT_place_LIBRARY,CT_place_LIBRARY,False,6.411735534667969,-0.00033181949402205646,-0.002127538840916765
123896,67.0,0.0002894401550292969,5,lag_15__T3__is_walking,T3__is_walking,False,2.3223767280578613,0.0007450400153174996,0.0017302635930452337
123896,67.0,0.0002894401550292969,6,lag_15__T_walking_count,T_walking_count,False,3.188359498977661,0.00041995709761977196,0.0013389742013590888
123896,67.0,0.0002894401550292969,7,lag_15__CT1__duck_amount,CT1__duck_amount,False,-3.8154516220092773,-0.0002918790269177407,0.0011136503066837833
123896,67.0,0.0002894401550292969,8,lag_07__CT_place_RUINS,CT_place_RUINS,False,3.493913412094116,0.0003142493078485131,0.0010979598714332128
123896,67.0,0.0002894401550292969,9,lag_04__CT3__is_walking,CT3__is_walking,False,-2.387126922607422,0.0004291778604965657,-0.0010245020253784043
123896,67.0,0.0002894401550292969,10,lag_07__CT2__is_walking,CT2__is_walking,False,-2.360051155090332,0.00038290611701086164,-0.0009036780237426378
123896,67.0,0.0002894401550292969,11,lag_09__T3__is_walking,T3__is_walking,False,-2.3223767280578613,0.00036043141153641045,-0.0008370575222132054
123896,67.0,0.0002894401550292969,12,lag_05__T3__is_walking,T3__is_walking,False,2.3223767280578613,0.0003475644043646753,0.000807175484197814
123896,67.0,0.0002894401550292969,13,lag_04__T_duck_amount_mean,T_duck_amount_mean,False,1.4539684057235718,-0.0005479127285070717,-0.0007966477963430793
123896,67.0,0.0002894401550292969,14,lag_09__T3__duck_amount,T3__duck_amount,False,1.6454718112945557,-0.0004805804055649787,-0.0007907815104176777
123896,67.0,0.0002894401550292969,15,lag_07__T_flashes_last_5s,T_flashes_last_5s,True,9.0607271194458,-8.686375804245472e-05,-0.0007870488081922478
123896,67.0,0.0002894401550292969,16,lag_05__T3__duck_amount,T3__duck_amount,False,-3.7704498767852783,0.00020415440667420626,-0.0007697539574899326
123896,67.0,0.0002894401550292969,17,lag_11__CT_flash_duration_sum,CT_flash_duration_sum,True,1.0882694721221924,-0.0005276064039207995,-0.0005741779426831767
123896,67.0,0.0002894401550292969,18,lag_02__CT2__is_walking,CT2__is_walking,False,-2.360051155090332,0.00024049539933912456,-0.0005675814450042116
123896,67.0,0.0002894401550292969,19,lag_02__T1__is_walking,T1__is_walking,False,-2.281590461730957,0.00023264085757546127,-0.0005307911616530825
123896,67.0,0.0002894401550292969,20,lag_00__CT3__duck_amount,CT3__duck_amount,False,-2.2156026363372803,0.00022309769701678306,-0.0004942958456711603
120824,19.0,-0.0002697110176086426,1,lag_14__CT_place_BALCONY,CT_place_BALCONY,False,-6.417822360992432,-0.0005877211224287748,0.0037718897615509617
120824,19.0,-0.0002697110176086426,2,lag_14__CT5__is_scoped,CT5__is_scoped,False,3.5760385990142822,-0.0008743734215386212,-0.0031267931053742953
120824,19.0,-0.0002697110176086426,3,lag_12__T_place_SECONDMID,T_place_SECONDMID,False,-3.274061679840088,0.0004920939682051539,-0.0016111460041809411
120824,19.0,-0.0002697110176086426,4,lag_09__T_place_SECONDMID,T_place_SECONDMID,False,-3.2740612030029297,0.000413242174545303,-0.0013529801711233413
120824,19.0,-0.0002697110176086426,5,lag_08__T4__is_walking,T4__is_walking,False,2.307980537414551,0.0005761355278082192,0.0013297095850944296
120824,19.0,-0.0002697110176086426,6,lag_14__CT_scoped_count,CT_scoped_count,False,2.141930103302002,-0.0005059474497102201,-0.0010837040732231962
120824,19.0,-0.0002697110176086426,7,lag_12__T5__is_walking,T5__is_walking,False,2.3193888664245605,0.0004636989033315331,0.0010754980737604364
120824,19.0,-0.0002697110176086426,8,lag_15__CT2__is_walking,CT2__is_walking,False,2.360051155090332,-0.00043083936907351017,-0.0010168029506403276
120824,19.0,-0.0002697110176086426,9,lag_11__CT1__is_walking,CT1__is_walking,False,-2.3343825340270996,0.0004205553268548101,-0.0009817370096019268
120824,19.0,-0.0002697110176086426,10,lag_14__CT_place_APARTMENTS,CT_place_APARTMENTS,False,3.8415112495422363,0.0002449800376780331,0.0009410935706534451
120824,19.0,-0.0002697110176086426,11,lag_09__T3__is_walking,T3__is_walking,False,2.3223767280578613,0.00036043141153641045,0.0008370575222132054
120824,19.0,-0.0002697110176086426,12,lag_00__CT3__duck_amount,CT3__duck_amount,False,3.7208433151245117,0.00022309769701678306,0.000830111574564571
120824,19.0,-0.0002697110176086426,13,lag_03__T4__duck_amount,T4__duck_amount,False,2.198122501373291,-0.00032167002791538835,-0.0007070701263781898
120824,19.0,-0.0002697110176086426,14,lag_07__T_place_APARTMENTS,T_place_APARTMENTS,False,-2.288959503173828,0.0002947725879494101,-0.0006747225164619453
120824,19.0,-0.0002697110176086426,15,lag_02__T_active_infernos,T_active_infernos,True,-2.082643508911133,-0.00029549957253038883,0.0006154202666164288
120824,19.0,-0.0002697110176086426,16,lag_04__T_place_LOWERMID,T_place_LOWERMID,False,3.3263463973999023,-0.00018010982603300363,-0.0005991076709612048
120824,19.0,-0.0002697110176086426,17,lag_12__T_place_BACKALLEY,T_place_BACKALLEY,False,3.025209665298462,-0.00019349594367668033,-0.0005853657990067401
120824,19.0,-0.0002697110176086426,18,lag_10__CT1__is_walking,CT1__is_walking,False,2.3343825340270996,0.00024633793509565294,0.0005750469731555935
120824,19.0,-0.0002697110176086426,19,lag_02__active_infernos_total,active_infernos_total,True,-2.8735575675964355,-0.00017939155804924667,0.000515491969195328
120824,19.0,-0.0002697110176086426,20,lag_13__CT2__is_walking,CT2__is_walking,False,-2.360051155090332,0.00019857352890539914,-0.0004686436862635507
120472,13.5,-0.00026232004165649414,1,lag_09__T4__flash_duration,T4__flash_duration,True,6.504885196685791,0.0006221216171979904,0.004046829698249432
120472,13.5,-0.00026232004165649414,2,lag_13__T_place_SECONDMID,T_place_SECONDMID,False,3.274061679840088,-0.0007598143420182168,-0.002487679020994754
120472,13.5,-0.00026232004165649414,3,lag_01__T_place_SECONDMID,T_place_SECONDMID,False,-3.274061679840088,0.000686042825691402,-0.002246146526325432
120472,13.5,-0.00026232004165649414,4,lag_09__T_flashed_players,T_flashed_players,False,3.8592474460601807,0.0005203051841817796,0.002007986453225405
120472,13.5,-0.00026232004165649414,5,lag_03__CT_place_BALCONY,CT_place_BALCONY,False,-6.417822360992432,0.00027479376876726747,-0.0017635775938559528
120472,13.5,-0.00026232004165649414,6,lag_14__CT_place_RUINS,CT_place_RUINS,False,3.493913412094116,-0.0004953124444000423,-0.001730578792666429
120472,13.5,-0.00026232004165649414,7,lag_06__T4__duck_amount,T4__duck_amount,False,3.6976382732391357,0.0004179595853202045,0.0015454633593471462
120472,13.5,-0.00026232004165649414,8,lag_06__CT_place_BALCONY,CT_place_BALCONY,False,6.417822360992432,0.00022888356761541218,0.0014689340783059154
120472,13.5,-0.00026232004165649414,9,lag_14__T_place_SECONDMID,T_place_SECONDMID,False,3.2740612030029297,0.00027202742057852447,0.0008906344238691077
120472,13.5,-0.00026232004165649414,10,lag_15__CT_place_LIBRARY,CT_place_LIBRARY,False,-6.411735534667969,-0.0001277854316867888,0.00081932639315907
120472,13.5,-0.00026232004165649414,11,lag_07__CT5__duck_amount,CT5__duck_amount,False,-3.7749595642089844,-0.00020857041818089783,0.0007873448949230477
120472,13.5,-0.00026232004165649414,12,lag_14__T_place_LOWERMID,T_place_LOWERMID,False,-6.652692794799805,0.00010809525701915845,-0.0007191245375233885
120472,13.5,-0.00026232004165649414,13,lag_13__T_place_LOWERMID,T_place_LOWERMID,False,-3.326345920562744,-0.0002098303084494546,0.0006979681905212656
120472,13.5,-0.00026232004165649414,14,lag_09__T_flash_duration_sum,T_flash_duration_sum,True,2.92400860786438,0.00022275320952758193,0.0006513323020880674
120472,13.5,-0.00026232004165649414,15,lag_02__CT2__is_walking,CT2__is_walking,False,-2.360051155090332,0.00024049539933912456,-0.0005675814450042116
120472,13.5,-0.00026232004165649414,16,lag_05__T_active_infernos,T_active_infernos,True,2.082643508911133,-0.00026470990269444883,-0.0005512963605910914
120472,13.5,-0.00026232004165649414,17,lag_05__T_B_site_active_infernos,T_B_site_active_infernos,True,2.8273046016693115,-0.00018572283443063498,-0.0005250950244208019
120472,13.5,-0.00026232004165649414,18,lag_01__T5__is_walking,T5__is_walking,False,2.3193888664245605,-0.00021687510889023542,-0.0005030177129646263
120472,13.5,-0.00026232004165649414,19,lag_08__T_place_SECONDMID,T_place_SECONDMID,False,3.274061679840088,0.00015165191143751144,0.000496517711912059
120472,13.5,-0.00026232004165649414,20,lag_03__CT5__is_scoped,CT5__is_scoped,False,3.5760385990142822,-0.00013492500875145197,-0.00048249703926753207
123416,59.5,0.0002459883689880371,1,lag_00__CT_place_RUINS,CT_place_RUINS,False,3.493913412094116,0.000645243504550308,0.002254424934614932
123416,59.5,0.0002459883689880371,2,lag_14__T_place_BALCONY,T_place_BALCONY,False,-13.751577377319336,0.00014580889546778053,-0.0020051023083266506
123416,59.5,0.0002459883689880371,3,lag_12__T4__duck_amount,T4__duck_amount,False,3.6976382732391357,0.0004697070689871907,0.0017368068354980115
123416,59.5,0.0002459883689880371,4,lag_03__T3__duck_amount,T3__duck_amount,False,3.227454900741577,0.0003396302054170519,0.0010961411709131327
123416,59.5,0.0002459883689880371,5,lag_13__CT_place_PIT,CT_place_PIT,False,4.305429458618164,-0.00024701302754692733,-0.001063497165463001
123416,59.5,0.0002459883689880371,6,lag_01__T2__duck_amount,T2__duck_amount,False,-3.8233180046081543,-0.0002749538398347795,0.0010512359662764592
123416,59.5,0.0002459883689880371,7,lag_03__T3__is_walking,T3__is_walking,False,-2.3223767280578613,-0.0004129338776692748,0.0009589880277258156
123416,59.5,0.0002459883689880371,8,lag_07__CT2__is_walking,CT2__is_walking,False,-2.360051155090332,0.00038290611701086164,-0.0009036780237426378
123416,59.5,0.0002459883689880371,9,lag_14__T_place_SECONDMID,T_place_SECONDMID,False,3.2740612030029297,0.00027202742057852447,0.0008906344238691077
123416,59.5,0.0002459883689880371,10,lag_05__CT5__is_scoped,CT5__is_scoped,False,3.5760385990142822,0.0002259655448142439,0.0008080615103030278
123416,59.5,0.0002459883689880371,11,lag_01__T4__duck_amount,T4__duck_amount,False,-3.6976382732391357,0.0002160709263989702,-0.0007989521271870685
123416,59.5,0.0002459883689880371,12,lag_03__CT_velocity_mean,CT_velocity_mean,False,2.379187822341919,-0.00032755310530774295,-0.0007793103593184622
123416,59.5,0.0002459883689880371,13,lag_08__T1__is_walking,T1__is_walking,False,2.281590461730957,-0.0003247926651965827,-0.0007410438469526992
123416,59.5,0.0002459883689880371,14,lag_00__CT5__duck_amount,CT5__duck_amount,False,3.7749595642089844,-0.00018746807472780347,-0.0007076844016775663
123416,59.5,0.0002459883689880371,15,lag_02__CT3__duck_amount,CT3__duck_amount,False,-3.7208433151245117,0.00017465600103605539,-0.0006498676139013865
123416,59.5,0.0002459883689880371,16,lag_09__T1__is_walking,T1__is_walking,False,-2.281590461730957,-0.00027209060499444604,0.0006207993290819336
123416,59.5,0.0002459883689880371,17,lag_10__CT1__is_walking,CT1__is_walking,False,-2.3343825340270996,0.00024633793509565294,-0.0005750469731555935
123416,59.5,0.0002459883689880371,18,lag_03__CT_duck_amount_mean,CT_duck_amount_mean,False,1.4971336126327515,-0.00033361322130076587,-0.0004994635672280652
123416,59.5,0.0002459883689880371,19,lag_08__T_place_SECONDMID,T_place_SECONDMID,False,3.274061679840088,0.00015165191143751144,0.000496517711912059
123416,59.5,0.0002459883689880371,20,lag_02__T3__duck_amount,T3__duck_amount,False,-2.378060817718506,-0.0002037809754256159,0.0004846035530561149
124888,82.5,0.00024121999740600586,1,lag_08__T4__is_walking,T4__is_walking,False,2.307980537414551,0.0005761355278082192,0.0013297095850944296
124888,82.5,0.00024121999740600586,2,lag_09__T4__duck_amount,T4__duck_amount,False,-2.9631760120391846,0.00043730647303164005,-0.0012958160507968164
124888,82.5,0.00024121999740600586,3,lag_09__T3__duck_amount,T3__duck_amount,False,2.3649792671203613,-0.0004805804055649787,-0.0011365626953454694
124888,82.5,0.00024121999740600586,4,lag_10__T3__is_walking,T3__is_walking,False,-2.3223767280578613,0.0004356538411229849,-0.001011752342113037
124888,82.5,0.00024121999740600586,5,lag_14__T2__is_walking,T2__is_walking,False,2.2968344688415527,0.0004084695829078555,0.0009381870174960949
124888,82.5,0.00024121999740600586,6,lag_14__T3__is_walking,T3__is_walking,False,-2.3223767280578613,-0.00037350942147895694,0.0008674295881530847
124888,82.5,0.00024121999740600586,7,lag_04__T3__is_walking,T3__is_walking,False,2.3223767280578613,0.00036516980617307127,0.0008480618596457407
124888,82.5,0.00024121999740600586,8,lag_00__CT2__is_walking,CT2__is_walking,False,-2.360051155090332,-0.00033712375443428755,0.0007956293060610298
124888,82.5,0.00024121999740600586,9,lag_08__T1__is_walking,T1__is_walking,False,-2.281590461730957,-0.0003247926651965827,0.0007410438469526992
124888,82.5,0.00024121999740600586,10,lag_12__T3__is_walking,T3__is_walking,False,2.3223767280578613,0.00029835361056029797,0.0006928894818972742
124888,82.5,0.00024121999740600586,11,lag_15__T_walking_count,T_walking_count,False,-1.5941797494888306,0.00041995709761977196,-0.0006694871006795444
124888,82.5,0.00024121999740600586,12,lag_02__CT5__duck_amount,CT5__duck_amount,False,-1.5006871223449707,0.0004325854533817619,-0.0006491754192037708
124888,82.5,0.00024121999740600586,13,lag_13__T2__is_walking,T2__is_walking,False,-2.2968344688415527,0.00027503244928084314,-0.0006317040095581566
124888,82.5,0.00024121999740600586,14,lag_08__CT_walking_count,CT_walking_count,False,-2.692342758178711,0.00023245974443852901,-0.0006258613095071475
124888,82.5,0.00024121999740600586,15,lag_09__T1__is_walking,T1__is_walking,False,2.281590461730957,-0.00027209060499444604,-0.0006207993290819336
124888,82.5,0.00024121999740600586,16,lag_05__CT2__is_walking,CT2__is_walking,False,-2.360051155090332,-0.0002599559666123241,0.0006135093792760393
124888,82.5,0.00024121999740600586,17,lag_12__T1__is_walking,T1__is_walking,False,-2.281590461730957,0.000268021656665951,-0.0006115156553863632
124888,82.5,0.00024121999740600586,18,lag_08__CT1__duck_amount,CT1__duck_amount,False,3.8154516220092773,0.00015496517880819738,0.0005912621428386944
124888,82.5,0.00024121999740600586,19,lag_06__CT2__is_walking,CT2__is_walking,False,2.360051155090332,0.00024117632710840553,0.0005691884693726362
124888,82.5,0.00024121999740600586,20,lag_02__CT2__is_walking,CT2__is_walking,False,2.360051155090332,0.00024049539933912456,0.0005675814450042116
126776,112.0,-0.0002339953789487481,1,lag_09__T4__flash_duration,T4__flash_duration,True,-6.295469284057617,0.0006221216171979904,-0.0039165475320182
126776,112.0,-0.0002339953789487481,2,lag_10__T_place_GRAVEYARD,T_place_GRAVEYARD,False,19.65784454345703,-0.0001575885253259912,-0.0030978507326909765
126776,112.0,-0.0002339953789487481,3,lag_04__T_place_BALCONY,T_place_BALCONY,False,13.751577377319336,0.00016187154687941074,0.002225989102098591
126776,112.0,-0.0002339953789487481,4,lag_02__CT2__duck_amount,CT2__duck_amount,False,-3.8097944259643555,-0.0005480936379171908,0.002088124086643439
126776,112.0,-0.0002339953789487481,5,lag_04__T_bomb_zone_count,T_bomb_zone_count,False,-5.821373462677002,-0.00034561974462121725,0.0020119816095151566
126776,112.0,-0.0002339953789487481,6,lag_03__CT_duck_amount_mean,CT_duck_amount_mean,False,5.8474931716918945,-0.00033361322130076587,-0.0019508010335423653
126776,112.0,-0.0002339953789487481,7,lag_13__CT3__duck_amount,CT3__duck_amount,False,3.7208433151245117,0.0004851756093557924,0.0018052624227329617
126776,112.0,-0.0002339953789487481,8,lag_14__CT_place_RUINS,CT_place_RUINS,False,-3.493913412094116,-0.0004953124444000423,0.001730578792666429
126776,112.0,-0.0002339953789487481,9,lag_09__T_place_PIT,T_place_PIT,False,6.3102264404296875,-0.00024615039001218975,-0.0015532646993769994
126776,112.0,-0.0002339953789487481,10,lag_09__T3__duck_amount,T3__duck_amount,False,2.9432532787323,-0.0004805804055649787,-0.001414469854373622
126776,112.0,-0.0002339953789487481,11,lag_10__T2__duck_amount,T2__duck_amount,False,3.8233180046081543,-0.0003491787938401103,-0.0013350215693162526
126776,112.0,-0.0002339953789487481,12,lag_12__CT3__duck_amount,CT3__duck_amount,False,-3.7208433151245117,0.0003121037152595818,-0.001161289022549139
126776,112.0,-0.0002339953789487481,13,lag_02__T1__shots_fired,T1__shots_fired,False,-6.574345588684082,-0.000174689048435539,0.0011484661749736058
126776,112.0,-0.0002339953789487481,14,lag_04__T2__duck_amount,T2__duck_amount,False,-3.3454031944274902,-0.00030877365497872233,0.0010329723717208694
126776,112.0,-0.0002339953789487481,15,lag_09__T_flashed_players,T_flashed_players,False,-1.9296237230300903,0.0005203051841817796,-0.0010039932266127025
126776,112.0,-0.0002339953789487481,16,lag_09__T_macro_A,T_macro_A,False,-1.6668972969055176,-0.0005495849763974547,0.0009161017115768
126776,112.0,-0.0002339953789487481,17,lag_09__T_place_BOMBSITEA,T_place_BOMBSITEA,False,-1.6668972969055176,-0.0005495849763974547,0.0009161017115768
126776,112.0,-0.0002339953789487481,18,lag_11__CT2__duck_amount,CT2__duck_amount,False,3.8097944259643555,0.00022204955166671425,0.0008459631442277321
126776,112.0,-0.0002339953789487481,19,lag_02__CT_duck_amount_mean,CT_duck_amount_mean,False,-5.988534450531006,-0.00014072506746742874,0.0008427369145819971
126776,112.0,-0.0002339953789487481,20,lag_00__CT2__is_walking,CT2__is_walking,False,2.360051155090332,-0.00033712375443428755,-0.0007956293060610298
124344,74.0,0.00022798776626586914,1,lag_14__CT_place_LIBRARY,CT_place_LIBRARY,False,-6.411735534667969,-0.00033181949402205646,0.002127538840916765
124344,74.0,0.00022798776626586914,2,lag_08__CT_place_RUINS,CT_place_RUINS,False,-6.987826824188232,0.00023426191182807088,-0.0016369816713578123
124344,74.0,0.00022798776626586914,3,lag_06__T1__duck_amount,T1__duck_amount,False,-3.915480136871338,0.00041631876956671476,-0.0016300878728451873
124344,74.0,0.00022798776626586914,4,lag_06__T_place_SECONDMID,T_place_SECONDMID,False,-3.2740612030029297,0.0003358133544679731,-0.0010994734753138613
124344,74.0,0.00022798776626586914,5,lag_11__CT1__is_walking,CT1__is_walking,False,2.3343825340270996,0.0004205553268548101,0.0009817370096019268
124344,74.0,0.00022798776626586914,6,lag_01__T2__is_walking,T2__is_walking,False,2.2968344688415527,0.00039995761471800506,0.0009186364355599635
124344,74.0,0.00022798776626586914,7,lag_05__T3__is_walking,T3__is_walking,False,2.3223767280578613,0.0003475644043646753,0.000807175484197814
124344,74.0,0.00022798776626586914,8,lag_08__T1__is_walking,T1__is_walking,False,-2.281590461730957,-0.0003247926651965827,0.0007410438469526992
124344,74.0,0.00022798776626586914,9,lag_11__CT1__duck_amount,CT1__duck_amount,False,-1.6676081418991089,0.00044415416778065264,-0.0007406751064494392
124344,74.0,0.00022798776626586914,10,lag_04__CT5__is_scoped,CT5__is_scoped,False,3.5760385990142822,0.0002065018779831007,0.0007384586864365057
124344,74.0,0.00022798776626586914,11,lag_05__CT2__duck_amount,CT2__duck_amount,False,-2.8978590965270996,0.0002463442797306925,-0.0007138710118950037
124344,74.0,0.00022798776626586914,12,lag_11__CT_walking_count,CT_walking_count,False,1.7948951721191406,0.00039668884710408747,0.0007120148965006345
124344,74.0,0.00022798776626586914,13,lag_00__CT5__duck_amount,CT5__duck_amount,False,3.7749595642089844,-0.00018746807472780347,-0.0007076844016775663
124344,74.0,0.00022798776626586914,14,lag_05__CT2__is_walking,CT2__is_walking,False,2.360051155090332,-0.0002599559666123241,-0.0006135093792760393
124344,74.0,0.00022798776626586914,15,lag_10__CT1__is_walking,CT1__is_walking,False,-2.3343825340270996,0.00024633793509565294,-0.0005750469731555935
124344,74.0,0.00022798776626586914,16,lag_06__CT2__is_walking,CT2__is_walking,False,-2.360051155090332,0.00024117632710840553,-0.0005691884693726362
124344,74.0,0.00022798776626586914,17,lag_00__T3__duck_amount,T3__duck_amount,False,1.2960797548294067,0.00042161077726632357,0.0005464411928327723
124344,74.0,0.00022798776626586914,18,lag_10__CT1__duck_amount,CT1__duck_amount,False,1.7344276905059814,0.00031154786120168865,0.0005403572373861229
124344,74.0,0.00022798776626586914,19,lag_03__T2__is_walking,T2__is_walking,False,-2.2968344688415527,0.0002332256262889132,-0.0005356806574775344
124344,74.0,0.00022798776626586914,20,lag_02__T1__is_walking,T1__is_walking,False,2.281590461730957,0.00023264085757546127,0.0005307911616530825
121496,29.5,0.00020080804824829102,1,lag_12__T_place_DECK,T_place_DECK,False,24.256479263305664,9.64395294431597e-05,0.0023392834461009593
121496,29.5,0.00020080804824829102,2,lag_13__CT3__duck_amount,CT3__duck_amount,False,-3.7208433151245117,0.0004851756093557924,-0.0018052624227329617
121496,29.5,0.00020080804824829102,3,lag_08__T4__duck_amount,T4__duck_amount,False,-3.0681588649749756,-0.0005750535638071597,0.0017643556896303897
121496,29.5,0.00020080804824829102,4,lag_03__CT_place_BALCONY,CT_place_BALCONY,False,-6.417822360992432,0.00027479376876726747,-0.0017635775938559528
121496,29.5,0.00020080804824829102,5,lag_15__T3__is_walking,T3__is_walking,False,-2.3223767280578613,0.0007450400153174996,-0.0017302635930452337
121496,29.5,0.00020080804824829102,6,lag_14__T_place_KITCHEN,T_place_KITCHEN,False,31.938587188720703,4.821431139134802e-05,0.0015398969881166985
121496,29.5,0.00020080804824829102,7,lag_08__T4__is_walking,T4__is_walking,False,2.307980537414551,0.0005761355278082192,0.0013297095850944296
121496,29.5,0.00020080804824829102,8,lag_07__CT2__duck_amount,CT2__duck_amount,False,-3.8097944259643555,0.0003347429446876049,-0.0012753018048017317
121496,29.5,0.00020080804824829102,9,lag_12__T5__is_walking,T5__is_walking,False,-2.3193888664245605,0.0004636989033315331,-0.0010754980737604364
121496,29.5,0.00020080804824829102,10,lag_12__T_place_KITCHEN,T_place_KITCHEN,False,-31.938587188720703,3.232964445487596e-05,-0.0010325631682023967
121496,29.5,0.00020080804824829102,11,lag_10__T3__is_walking,T3__is_walking,False,-2.3223767280578613,0.0004356538411229849,-0.001011752342113037
121496,29.5,0.00020080804824829102,12,lag_15__T_place_BACKALLEY,T_place_BACKALLEY,False,-3.025209665298462,0.000332457508193329,-0.0010057536670875014
121496,29.5,0.00020080804824829102,13,lag_11__CT1__is_walking,CT1__is_walking,False,2.3343825340270996,0.0004205553268548101,0.0009817370096019268
121496,29.5,0.00020080804824829102,14,lag_03__T3__is_walking,T3__is_walking,False,2.3223767280578613,-0.0004129338776692748,-0.0009589880277258156
121496,29.5,0.00020080804824829102,15,lag_15__CT4__is_walking,CT4__is_walking,False,2.384641170501709,0.0003982839407399297,0.0009497642826380992
121496,29.5,0.00020080804824829102,16,lag_01__T2__is_walking,T2__is_walking,False,2.2968344688415527,0.00039995761471800506,0.0009186364355599635
121496,29.5,0.00020080804824829102,17,lag_04__T3__is_walking,T3__is_walking,False,-2.3223767280578613,0.00036516980617307127,-0.0008480618596457407
121496,29.5,0.00020080804824829102,18,lag_10__T2__is_walking,T2__is_walking,False,-2.2968344688415527,-0.0003049870138056576,0.0007005046858578889
121496,29.5,0.00020080804824829102,19,lag_12__T3__is_walking,T3__is_walking,False,-2.3223767280578613,0.00029835361056029797,-0.0006928894818972742
121496,29.5,0.00020080804824829102,20,lag_14__CT1__is_walking,CT1__is_walking,False,2.3343825340270996,0.0002578163694124669,0.0006018420297427413
127416,122.0,0.00019499682821333408,1,lag_13__T_place_BALCONY,T_place_BALCONY,False,13.751577377319336,-0.0006514210253953934,-0.008958066635937456
127416,122.0,0.00019499682821333408,2,lag_06__T3__duck_amount,T3__duck_amount,False,3.7704498767852783,-0.0007399225141853094,-0.002789840752440653
127416,122.0,0.00019499682821333408,3,lag_09__T_shots_fired_sum,T_shots_fired_sum,False,7.49737024307251,0.00022793433163315058,0.0017089080753610042
127416,122.0,0.00019499682821333408,4,lag_05__CT_duck_amount_mean,CT_duck_amount_mean,False,5.988534450531006,0.0002677079173736274,0.0016031780858718758
127416,122.0,0.00019499682821333408,5,lag_08__T_shots_fired_sum,T_shots_fired_sum,False,-10.496318817138672,-0.0001267556071979925,0.0013304672650101268
127416,122.0,0.00019499682821333408,6,lag_07__CT2__duck_amount,CT2__duck_amount,False,3.8097944259643555,0.0003347429446876049,0.0012753018048017317
127416,122.0,0.00019499682821333408,7,lag_05__CT2__duck_amount,CT2__duck_amount,False,3.8097944259643555,0.0002463442797306925,0.0009385210637861963
127416,122.0,0.00019499682821333408,8,lag_08__T2__shots_fired,T2__shots_fired,False,-4.118566036224365,-0.00021170524996705353,0.0008719220522046961
127416,122.0,0.00019499682821333408,9,lag_06__kill_diff_last_3s,kill_diff_last_3s,False,-2.4069459438323975,-0.0003384974552318454,0.0008147450768678788
127416,122.0,0.00019499682821333408,10,lag_12__T_place_PIT,T_place_PIT,False,-6.3102264404296875,-0.00012246718688402325,0.0007727956807606073
127416,122.0,0.00019499682821333408,11,lag_05__T3__duck_amount,T3__duck_amount,False,-3.7704498767852783,0.00020415440667420626,-0.0007697539574899326
127416,122.0,0.00019499682821333408,12,lag_02__T3__duck_amount,T3__duck_amount,False,3.7704498767852783,-0.0002037809754256159,-0.0007683459536846973
127416,122.0,0.00019499682821333408,13,lag_03__CT_place_ARCH,CT_place_ARCH,False,-4.080447673797607,-0.00016647588927298784,0.0006792961551273513
127416,122.0,0.00019499682821333408,14,lag_08__T2__duck_amount,T2__duck_amount,False,3.8233180046081543,0.00017035132623277605,0.00065130729269465
127416,122.0,0.00019499682821333408,15,lag_13__T2__is_walking,T2__is_walking,False,-2.2968344688415527,0.00027503244928084314,-0.0006317040095581566
127416,122.0,0.00019499682821333408,16,lag_09__T1__is_walking,T1__is_walking,False,-2.281590461730957,-0.00027209060499444604,0.0006207993290819336
127416,122.0,0.00019499682821333408,17,lag_09__T2__shots_fired,T2__shots_fired,False,2.9418327808380127,0.00019997271010652184,0.0005882862738643829
127416,122.0,0.00019499682821333408,18,lag_10__T2__shots_fired,T2__shots_fired,False,1.1767330169677734,-0.0004990908782929182,-0.0005872967149547215
127416,122.0,0.00019499682821333408,19,lag_10__T3__shots_fired,T3__shots_fired,False,1.2111413478851318,0.0004715117102023214,0.0005710673282380632
127416,122.0,0.00019499682821333408,20,lag_09__CT_shots_fired_sum,CT_shots_fired_sum,False,-0.6947410106658936,0.0007826819201000035,-0.0005437612282001986
121336,27.0,0.00018858909606933594,1,lag_15__T_place_UPSTAIRS,T_place_UPSTAIRS,False,16.86671257019043,0.0008645682246424258,0.014582423742363626
121336,27.0,0.00018858909606933594,2,lag_07__T_place_KITCHEN,T_place_KITCHEN,False,-31.938587188720703,0.00031808181665837765,-0.010159083834490268
121336,27.0,0.00018858909606933594,3,lag_09__T_place_UPSTAIRS,T_place_UPSTAIRS,False,-16.86671257019043,0.0002631576207932085,-0.004438603950574216
121336,27.0,0.00018858909606933594,4,lag_02__CT2__duck_amount,CT2__duck_amount,False,-3.8097944259643555,-0.0005480936379171908,0.002088124086643439
121336,27.0,0.00018858909606933594,5,lag_09__T_place_KITCHEN,T_place_KITCHEN,False,31.938587188720703,6.064413901185617e-05,0.0019368881213150668
121336,27.0,0.00018858909606933594,6,lag_08__CT_place_BALCONY,CT_place_BALCONY,False,6.417822360992432,0.00017931711045093834,0.0011508253611605818
121336,27.0,0.00018858909606933594,7,lag_10__T3__is_walking,T3__is_walking,False,-2.3223767280578613,0.0004356538411229849,-0.001011752342113037
121336,27.0,0.00018858909606933594,8,lag_03__T4__duck_amount,T4__duck_amount,False,-3.0681588649749756,-0.00032167002791538835,0.0009869347477453466
121336,27.0,0.00018858909606933594,9,lag_11__CT1__is_walking,CT1__is_walking,False,-2.3343825340270996,0.0004205553268548101,-0.0009817370096019268
121336,27.0,0.00018858909606933594,10,lag_01__T2__is_walking,T2__is_walking,False,-2.2968344688415527,0.00039995761471800506,-0.0009186364355599635
121336,27.0,0.00018858909606933594,11,lag_05__T3__is_walking,T3__is_walking,False,-2.3223767280578613,0.0003475644043646753,-0.000807175484197814
121336,27.0,0.00018858909606933594,12,lag_15__CT1__is_walking,CT1__is_walking,False,2.3343825340270996,-0.00031160173239186406,-0.0007273976416681538
121336,27.0,0.00018858909606933594,13,lag_07__T_place_DECK,T_place_DECK,False,24.256479263305664,-2.9682971216971055e-05,-0.0007200043757977573
121336,27.0,0.00018858909606933594,14,lag_03__CT_duck_amount_mean,CT_duck_amount_mean,False,1.8877360820770264,-0.00033361322130076587,-0.0006297737153074037
121336,27.0,0.00018858909606933594,15,lag_10__T_place_APARTMENTS,T_place_APARTMENTS,False,2.28895902633667,0.000269630691036582,0.0006171736040255782
121336,27.0,0.00018858909606933594,16,lag_12__T_place_BACKALLEY,T_place_BACKALLEY,False,-3.025209903717041,-0.00019349594367668033,0.0005853658451397681
121336,27.0,0.00018858909606933594,17,lag_01__T4__is_walking,T4__is_walking,False,-2.307980537414551,-0.0002342455554753542,0.0005406341830129779
121336,27.0,0.00018858909606933594,18,lag_03__T2__is_walking,T2__is_walking,False,-2.2968344688415527,0.0002332256262889132,-0.0005356806574775344
121336,27.0,0.00018858909606933594,19,lag_09__CT1__is_walking,CT1__is_walking,False,2.3343825340270996,0.00022082190844230354,0.0005154828061982447
121336,27.0,0.00018858909606933594,20,lag_06__T3__is_walking,T3__is_walking,False,2.3223767280578613,0.00022186199203133583,0.000515247127134133
127160,118.0,-0.0001728171482682228,1,lag_10__T_place_BALCONY,T_place_BALCONY,False,-13.751577377319336,-0.000867737689986825,0.011932761987070162
127160,118.0,-0.0001728171482682228,2,lag_00__T2__duck_amount,T2__duck_amount,False,3.8233180046081543,-0.0005197543068788946,-0.0019871859994627095
127160,118.0,-0.0001728171482682228,3,lag_14__CT2__duck_amount,CT2__duck_amount,False,-3.8097944259643555,-0.00046352235949598253,0.0017659249015176404
127160,118.0,-0.0001728171482682228,4,lag_15__CT_shots_fired_sum,CT_shots_fired_sum,False,-2.0842230319976807,-0.0007539220969192684,0.0015713417987311268
127160,118.0,-0.0001728171482682228,5,lag_05__T_place_BALCONY,T_place_BALCONY,False,13.751577377319336,-0.00010424953507026657,-0.0014335955480683366
127160,118.0,-0.0001728171482682228,6,lag_12__CT2__is_walking,CT2__is_walking,False,2.360051155090332,-0.0005939917173236609,-0.0014018508385837958
127160,118.0,-0.0001728171482682228,7,lag_10__damage_diff_last_5s,damage_diff_last_5s,False,2.255978584289551,-0.0005929225008003414,-0.0013376204639489742
127160,118.0,-0.0001728171482682228,8,lag_07__T4__duck_amount,T4__duck_amount,False,3.6976382732391357,0.0003377425018697977,0.0012488496014133044
127160,118.0,-0.0001728171482682228,9,lag_14__T1__shots_fired,T1__shots_fired,False,-6.574345588684082,0.00018872991495300084,-0.001240775683823983
127160,118.0,-0.0001728171482682228,10,lag_06__T4__duck_amount,T4__duck_amount,False,-2.6546096801757812,0.0004179595853202045,-0.0011095195611132702
127160,118.0,-0.0001728171482682228,11,lag_09__T_kills_last_3s,T_kills_last_3s,False,-3.1681017875671387,-0.00034960461198352277,0.0011075829961667144
127160,118.0,-0.0001728171482682228,12,lag_14__T_shots_fired_sum,T_shots_fired_sum,False,-8.24710750579834,0.00013261153071653098,-0.0010936615503277097
127160,118.0,-0.0001728171482682228,13,lag_11__T2__is_walking,T2__is_walking,False,2.2968344688415527,0.0004402948834467679,0.0010112844647551106
127160,118.0,-0.0001728171482682228,14,lag_14__T2__is_walking,T2__is_walking,False,2.2968344688415527,0.0004084695829078555,0.0009381870174960949
127160,118.0,-0.0001728171482682228,15,lag_04__CT_kills_last_3s,CT_kills_last_3s,False,2.8871407508850098,-0.00031166989356279373,-0.0008998348505291354
127160,118.0,-0.0001728171482682228,16,lag_04__T_place_PIT,T_place_PIT,False,-6.3102264404296875,0.0001422812492819503,-0.0008978269011963302
127160,118.0,-0.0001728171482682228,17,lag_00__T_duck_amount_mean,T_duck_amount_mean,False,1.938624620437622,-0.0004539376823231578,-0.0008800147670960656
127160,118.0,-0.0001728171482682228,18,lag_05__T4__is_scoped,T4__is_scoped,False,4.644811153411865,-0.00018339061352889985,-0.0008518147671500789
127160,118.0,-0.0001728171482682228,19,lag_09__T3__is_walking,T3__is_walking,False,-2.3223767280578613,0.00036043141153641045,-0.0008370575222132054
127160,118.0,-0.0001728171482682228,20,lag_00__T_shots_fired_sum,T_shots_fired_sum,False,-10.496318817138672,-7.969575381139293e-05,0.0008365120403765747
127000,115.5,-0.00016592093743383884,1,lag_00__T_place_BALCONY,T_place_BALCONY,False,13.751577377319336,-0.00035783127532340586,-0.004920744470634675
127000,115.5,-0.00016592093743383884,2,lag_11__T_bomb_zone_count,T_bomb_zone_count,False,-5.821373462677002,-0.0007149543380364776,0.004162016210471353
127000,115.5,-0.00016592093743383884,3,lag_11__T_place_BALCONY,T_place_BALCONY,False,13.751577377319336,-0.00026792773860506713,-0.0036844290289577697
127000,115.5,-0.00016592093743383884,4,lag_02__T4__duck_amount,T4__duck_amount,False,3.6976382732391357,0.0007360627641901374,0.0027216938483756448
127000,115.5,-0.00016592093743383884,5,lag_09__T_shots_fired_sum,T_shots_fired_sum,False,-8.24710750579834,0.00022793433163315058,-0.001879798937240884
127000,115.5,-0.00016592093743383884,6,lag_05__T_place_BALCONY,T_place_BALCONY,False,-13.751577377319336,-0.00010424953507026657,0.0014335955480683366
127000,115.5,-0.00016592093743383884,7,lag_10__CT_shots_fired_sum,CT_shots_fired_sum,False,-2.0842230319976807,-0.0006777507369406521,0.0014125836958851085
127000,115.5,-0.00016592093743383884,8,lag_09__T_kills_last_3s,T_kills_last_3s,False,-3.1681017875671387,-0.00034960461198352277,0.0011075829961667144
127000,115.5,-0.00016592093743383884,9,lag_10__kill_diff_last_3s,kill_diff_last_3s,False,-2.4069459438323975,0.00043957619345746934,-0.001058036135847741
127000,115.5,-0.00016592093743383884,10,lag_15__T3__duck_amount,T3__duck_amount,False,-2.9432532787323,-0.00035632168874144554,0.0010487449786716896
127000,115.5,-0.00016592093743383884,11,lag_10__T_kills_last_3s,T_kills_last_3s,False,3.1681017875671387,-0.0003286496503278613,-0.0010411955446870125
127000,115.5,-0.00016592093743383884,12,lag_09__CT2__duck_amount,CT2__duck_amount,False,-3.8097944259643555,-0.00025416503194719553,0.0009683165219874779
127000,115.5,-0.00016592093743383884,13,lag_10__CT_duck_amount_mean,CT_duck_amount_mean,False,5.8474931716918945,0.0001594846835359931,0.0009325855979661624
127000,115.5,-0.00016592093743383884,14,lag_07__CT2__is_walking,CT2__is_walking,False,2.360051155090332,0.00038290611701086164,0.0009036780237426378
127000,115.5,-0.00016592093743383884,15,lag_04__T3__is_walking,T3__is_walking,False,-2.3223767280578613,0.00036516980617307127,-0.0008480618596457407
127000,115.5,-0.00016592093743383884,16,lag_03__T1__is_walking,T1__is_walking,False,2.281590461730957,0.00033243795041926205,0.0007584872567939771
127000,115.5,-0.00016592093743383884,17,lag_04__kill_diff_last_3s,kill_diff_last_3s,False,2.4069459438323975,-0.000293005199637264,-0.0007052476767887145
127000,115.5,-0.00016592093743383884,18,lag_00__damage_diff_last_5s,damage_diff_last_5s,False,0.5639947652816772,0.0012363108107820153,0.0006972728255422028
127000,115.5,-0.00016592093743383884,19,lag_00__T_damage_last_5s,T_damage_last_5s,False,-1.1509461402893066,-0.0005875086062587798,0.0006761907627602926
127000,115.5,-0.00016592093743383884,20,lag_01__T4__duck_amount,T4__duck_amount,False,-2.6546096801757812,0.0002160709263989702,-0.000573583972823255
126744,111.5,-0.0001619050744920969,1,lag_09__T_place_GRAVEYARD,T_place_GRAVEYARD,False,19.65784454345703,-0.0005441735265776515,-0.010697278590128256
126744,111.5,-0.0001619050744920969,2,lag_03__T_bomb_zone_count,T_bomb_zone_count,False,-5.821373462677002,-0.0004641357809305191,0.0027019077181877904
126744,111.5,-0.0001619050744920969,3,lag_07__T3__duck_amount,T3__duck_amount,False,-2.9432532787323,-0.0008297670283354819,0.002442214526732364
126744,111.5,-0.0001619050744920969,4,lag_02__CT2__duck_amount,CT2__duck_amount,False,3.8097944259643555,-0.0005480936379171908,-0.002088124086643439
126744,111.5,-0.0001619050744920969,5,lag_13__CT3__duck_amount,CT3__duck_amount,False,-3.7208433151245117,0.0004851756093557924,-0.0018052624227329617
126744,111.5,-0.0001619050744920969,6,lag_14__CT2__duck_amount,CT2__duck_amount,False,-3.8097944259643555,-0.00046352235949598253,0.0017659249015176404
126744,111.5,-0.0001619050744920969,7,lag_05__CT_place_LIBRARY,CT_place_LIBRARY,False,-6.411735534667969,-0.00025681674014776945,0.0016466410187030434
126744,111.5,-0.0001619050744920969,8,lag_11__CT3__duck_amount,CT3__duck_amount,False,-3.7208433151245117,-0.00042933892109431326,0.0015975028544765457
126744,111.5,-0.0001619050744920969,9,lag_03__T_place_BALCONY,T_place_BALCONY,False,13.751577377319336,-0.0001041392024490051,-0.0014320783004898169
126744,111.5,-0.0001619050744920969,10,lag_01__T_kills_last_3s,T_kills_last_3s,False,-3.1681017875671387,-0.0004472526197787374,0.0014169418242151038
126744,111.5,-0.0001619050744920969,11,lag_01__kill_diff_last_3s,kill_diff_last_3s,False,2.4069459438323975,0.0005806471453979611,0.001397586291413483
126744,111.5,-0.0001619050744920969,12,lag_12__CT3__duck_amount,CT3__duck_amount,False,3.7208433151245117,0.0003121037152595818,0.001161289022549139
126744,111.5,-0.0001619050744920969,13,lag_11__kill_diff_last_3s,kill_diff_last_3s,False,2.4069459438323975,0.0004664371663238853,0.0011226890455359531
126744,111.5,-0.0001619050744920969,14,lag_09__T2__duck_amount,T2__duck_amount,False,3.8233180046081543,0.0002876898506656289,0.0010999297857929302
126744,111.5,-0.0001619050744920969,15,lag_09__CT2__duck_amount,CT2__duck_amount,False,-3.8097944259643555,-0.00025416503194719553,0.0009683165219874779
126744,111.5,-0.0001619050744920969,16,lag_01__T2__is_walking,T2__is_walking,False,2.2968344688415527,0.00039995761471800506,0.0009186364355599635
126744,111.5,-0.0001619050744920969,17,lag_09__T_macro_A,T_macro_A,False,-1.6668972969055176,-0.0005495849763974547,0.0009161017115768
126744,111.5,-0.0001619050744920969,18,lag_09__T_place_BOMBSITEA,T_place_BOMBSITEA,False,-1.6668972969055176,-0.0005495849763974547,0.0009161017115768
126744,111.5,-0.0001619050744920969,19,lag_03__T2__duck_amount,T2__duck_amount,False,-3.3454031944274902,-0.00026269908994436264,0.0008788343746730654
126744,111.5,-0.0001619050744920969,20,lag_02__CT_duck_amount_mean,CT_duck_amount_mean,False,5.8474931716918945,-0.00014072506746742874,-0.0008228888711016707
119640,0.5,0.0001608729362487793,1,lag_00__T_velocity_mean,T_velocity_mean,False,3.396030902862549,-0.00022633948537986726,-0.0007686558868880353
119640,0.5,0.0001608729362487793,2,lag_01__CT_place_CTSPAWN,CT_place_CTSPAWN,False,4.78255033493042,-0.00010163021215703338,-0.00048605160519066964
119640,0.5,0.0001608729362487793,3,lag_01__T_place_TSPAWN,T_place_TSPAWN,False,4.428390979766846,-0.00010248528269585222,-0.00045384490144916717
119640,0.5,0.0001608729362487793,4,lag_01__T_velocity_mean,T_velocity_mean,False,-1.7359485626220703,0.00022688692843075842,-0.0003938640372871116
119640,0.5,0.0001608729362487793,5,lag_01__CT_closest_enemy_dist,CT_closest_enemy_dist,False,4.124736785888672,9.209786367136985e-05,0.00037987944618705916
119640,0.5,0.0001608729362487793,6,lag_01__T_macro_OTHER,T_macro_OTHER,False,1.179738998413086,-0.00032117171213030815,-0.0003788987939872257
119640,0.5,0.0001608729362487793,7,lag_01__T_unique_places,T_unique_places,False,-1.3668794631958008,-0.0002709591935854405,0.000370368557076034
119640,0.5,0.0001608729362487793,8,lag_01__CT_unique_places,CT_unique_places,False,-1.6410033702850342,0.00019863097986672074,-0.0003259541074043075
119640,0.5,0.0001608729362487793,9,lag_01__CT_spread_xy,CT_spread_xy,False,-1.6160688400268555,0.0002000659005716443,-0.0003233202678657454
119640,0.5,0.0001608729362487793,10,lag_01__CT_macro_OTHER,CT_macro_OTHER,False,1.8060362339019775,-0.00016783361206762493,-0.0003031135846607788
119640,0.5,0.0001608729362487793,11,lag_01__CT_velocity_mean,CT_velocity_mean,False,-1.694637656211853,-0.00017090843175537884,0.00028962786421677864
119640,0.5,0.0001608729362487793,12,lag_01__CT3__utility_total,CT3__utility_total,True,2.0430431365966797,0.00014102450222708285,0.0002881191413670048
119640,0.5,0.0001608729362487793,13,lag_01__T3__flash,T3__flash,True,2.2380197048187256,0.00011351095599820837,0.00025403975623680165
119640,0.5,0.0001608729362487793,14,lag_01__T2__smoke,T2__smoke,True,1.5516093969345093,0.00015779337263666093,0.00024483367975703177
119640,0.5,0.0001608729362487793,15,lag_01__CT_smoke_inv,CT_smoke_inv,True,2.3161351680755615,0.00010508540435694158,0.00024339200068255323
119640,0.5,0.0001608729362487793,16,lag_01__T1__has_bomb,T1__has_bomb,False,2.4492039680480957,-9.896526171360165e-05,-0.00024238611168787144
119640,0.5,0.0001608729362487793,17,lag_01__CT5__smoke,CT5__smoke,True,1.5474231243133545,0.0001526875130366534,0.00023627218846681425
119640,0.5,0.0001608729362487793,18,lag_01__T2__is_walking,T2__is_walking,False,-0.5837383270263672,0.00039995761471800506,-0.0002334705888969446
119640,0.5,0.0001608729362487793,19,lag_01__T_macro_MID,T_macro_MID,False,-0.5295454859733582,0.0004226144519634545,-0.00022379357534435193
119640,0.5,0.0001608729362487793,20,lag_01__T1__X,T1__X,False,-1.5198701620101929,-0.00014197906421031803,0.00021578974332339164
125784,96.5,-0.00015562772750854492,1,lag_04__CT1__duck_amount,CT1__duck_amount,False,-2.392807960510254,-0.0007108165300451219,0.0017008474515542438
125784,96.5,-0.00015562772750854492,2,lag_00__T3__duck_amount,T3__duck_amount,False,3.7704498767852783,0.00042161077726632357,0.0015896623031951551
125784,96.5,-0.00015562772750854492,3,lag_08__T4__is_walking,T4__is_walking,False,2.307980537414551,0.0005761355278082192,0.0013297095850944296
125784,96.5,-0.00015562772750854492,4,lag_03__T4__duck_amount,T4__duck_amount,False,-3.6976382732391357,-0.00032167002791538835,0.0011894194065738412
125784,96.5,-0.00015562772750854492,5,lag_04__CT3__is_walking,CT3__is_walking,False,2.387126922607422,0.0004291778604965657,0.0010245020253784043
125784,96.5,-0.00015562772750854492,6,lag_15__CT2__is_walking,CT2__is_walking,False,-2.360051155090332,-0.00043083936907351017,0.0010168029506403276
125784,96.5,-0.00015562772750854492,7,lag_04__CT_place_RUINS,CT_place_RUINS,False,-3.493913412094116,0.0002781023795250803,-0.0009716656337579663
125784,96.5,-0.00015562772750854492,8,lag_04__CT3__duck_amount,CT3__duck_amount,False,-3.7208433151245117,0.0002510395715944469,-0.000934078911798919
125784,96.5,-0.00015562772750854492,9,lag_07__CT2__is_walking,CT2__is_walking,False,-2.360051155090332,0.00038290611701086164,-0.0009036780237426378
125784,96.5,-0.00015562772750854492,10,lag_11__CT2__is_walking,CT2__is_walking,False,-2.360051155090332,0.0003682550450321287,-0.0008691007443959176
125784,96.5,-0.00015562772750854492,11,lag_12__CT3__duck_amount,CT3__duck_amount,False,2.5158700942993164,0.0003121037152595818,0.0007852124035412911
125784,96.5,-0.00015562772750854492,12,lag_10__T2__is_walking,T2__is_walking,False,2.2968344688415527,-0.0003049870138056576,-0.0007005046858578889
125784,96.5,-0.00015562772750854492,13,lag_07__T1__is_walking,T1__is_walking,False,-2.281590461730957,0.00030015932861715555,-0.00068484066117247
125784,96.5,-0.00015562772750854492,14,lag_01__CT_shots_fired_sum,CT_shots_fired_sum,False,-1.389482021331787,0.0004898659535683692,-0.0006806599353458009
125784,96.5,-0.00015562772750854492,15,lag_15__T_walking_count,T_walking_count,False,-1.594179630279541,0.00041995709761977196,-0.0006694870506167572
125784,96.5,-0.00015562772750854492,16,lag_00__T_duck_amount_mean,T_duck_amount_mean,False,1.4539684057235718,-0.0004539376823231578,-0.0006600110482652549
125784,96.5,-0.00015562772750854492,17,lag_13__T_place_TOPOFMID,T_place_TOPOFMID,False,2.0359649658203125,0.00031631396268494427,0.0006440041462263402
125784,96.5,-0.00015562772750854492,18,lag_06__CT3__duck_amount,CT3__duck_amount,False,3.6246578693389893,0.00016185805725399405,0.0005866800809416102
125784,96.5,-0.00015562772750854492,19,lag_06__CT2__is_walking,CT2__is_walking,False,2.360051155090332,0.00024117632710840553,0.0005691884693726362
125784,96.5,-0.00015562772750854492,20,lag_11__CT3__duck_amount,CT3__duck_amount,False,1.2049734592437744,-0.00042933892109431326,-0.0005173420049390046
127224,119.0,-0.00015405623707920313,1,lag_12__T_place_BALCONY,T_place_BALCONY,False,-13.751577377319336,-0.0008701588376425207,0.011966056586399376
127224,119.0,-0.00015405623707920313,2,lag_07__T_place_BALCONY,T_place_BALCONY,False,13.751577377319336,0.0005254644784145057,0.007225965433949821
127224,119.0,-0.00015405623707920313,3,lag_00__kill_diff_last_3s,kill_diff_last_3s,False,-2.4069459438323975,0.0016697304090484977,-0.004018950835352891
127224,119.0,-0.00015405623707920313,4,lag_06__T_place_PIT,T_place_PIT,False,-6.3102264404296875,0.00033037926186807454,-0.0020847679536095676
127224,119.0,-0.00015405623707920313,5,lag_00__CT_duck_amount_mean,CT_duck_amount_mean,False,-5.988534450531006,0.0003346470184624195,-0.002004045198829685
127224,119.0,-0.00015405623707920313,6,lag_02__T2__duck_amount,T2__duck_amount,False,3.8233180046081543,-0.0004818271554540843,-0.0018421784385567325
127224,119.0,-0.00015405623707920313,7,lag_09__T4__duck_amount,T4__duck_amount,False,3.6976382732391357,0.00043730647303164005,0.0016170011518170102
127224,119.0,-0.00015405623707920313,8,lag_00__T3__duck_amount,T3__duck_amount,False,3.7704498767852783,0.00042161077726632357,0.0015896623031951551
127224,119.0,-0.00015405623707920313,9,lag_00__CT_kills_last_3s,CT_kills_last_3s,False,-2.8871407508850098,0.0005478134262375534,-0.0015816144667723797
127224,119.0,-0.00015405623707920313,10,lag_08__T4__duck_amount,T4__duck_amount,False,-2.6546096801757812,-0.0005750535638071597,0.0015265427571020673
127224,119.0,-0.00015405623707920313,11,lag_11__kill_diff_last_3s,kill_diff_last_3s,False,2.4069459438323975,0.0004664371663238853,0.0011226890455359531
127224,119.0,-0.00015405623707920313,12,lag_07__T4__is_scoped,T4__is_scoped,False,4.644811153411865,-0.0002128111955244094,-0.00098846781454269
127224,119.0,-0.00015405623707920313,13,lag_06__damage_diff_last_5s,damage_diff_last_5s,False,1.6017448902130127,-0.0005864716367796063,-0.0009393779474665964
127224,119.0,-0.00015405623707920313,14,lag_14__T2__is_walking,T2__is_walking,False,-2.2968344688415527,0.0004084695829078555,-0.0009381870174960949
127224,119.0,-0.00015405623707920313,15,lag_00__T_duck_amount_mean,T_duck_amount_mean,False,1.938624382019043,-0.0004539376823231578,-0.0008800146588688884
127224,119.0,-0.00015405623707920313,16,lag_11__CT2__is_walking,CT2__is_walking,False,-2.360051155090332,0.0003682550450321287,-0.0008691007443959176
127224,119.0,-0.00015405623707920313,17,lag_06__kill_diff_last_3s,kill_diff_last_3s,False,2.4069459438323975,-0.0003384974552318454,-0.0008147450768678788
127224,119.0,-0.00015405623707920313,18,lag_03__CT_velocity_mean,CT_velocity_mean,False,2.4134225845336914,-0.00032755310530774295,-0.0007905240619838494
127224,119.0,-0.00015405623707920313,19,lag_02__T3__shots_fired,T3__shots_fired,False,-4.238994121551514,0.00018166325753554702,-0.0007700694807950825
127224,119.0,-0.00015405623707920313,20,lag_11__T_kills_last_3s,T_kills_last_3s,False,-3.1681017875671387,-0.00024039876007009298,0.0007616077415069852
126808,112.5,-0.00014926353469491005,1,lag_11__T_place_GRAVEYARD,T_place_GRAVEYARD,False,19.65784454345703,-0.0002089004119625315,-0.004106531823423576
126808,112.5,-0.00014926353469491005,2,lag_10__T4__flash_duration,T4__flash_duration,True,-6.295469284057617,-0.0004943676758557558,0.003112276518380863
126808,112.5,-0.00014926353469491005,3,lag_10__T_place_PIT,T_place_PIT,False,6.3102264404296875,-0.00041958672227337956,-0.002647687228942708
126808,112.5,-0.00014926353469491005,4,lag_10__T_flashed_players,T_flashed_players,False,-1.9296237230300903,-0.0011602562153711915,0.002238857917973361
126808,112.5,-0.00014926353469491005,5,lag_14__CT_place_LIBRARY,CT_place_LIBRARY,False,6.411735534667969,-0.00033181949402205646,-0.002127538840916765
126808,112.5,-0.00014926353469491005,6,lag_03__CT_duck_amount_mean,CT_duck_amount_mean,False,-5.988534450531006,-0.00033361322130076587,0.001997854268912261
126808,112.5,-0.00014926353469491005,7,lag_13__CT3__duck_amount,CT3__duck_amount,False,-3.7208433151245117,0.0004851756093557924,-0.0018052624227329617
126808,112.5,-0.00014926353469491005,8,lag_12__CT2__duck_amount,CT2__duck_amount,False,3.8097944259643555,0.0004578091611620039,0.0017441587903504197
126808,112.5,-0.00014926353469491005,9,lag_05__T_bomb_zone_count,T_bomb_zone_count,False,-5.821373462677002,-0.000279464409686625,0.0016268666983124125
126808,112.5,-0.00014926353469491005,10,lag_10__T_flash_duration_sum,T_flash_duration_sum,True,-2.5598654747009277,-0.0005733251455239952,0.0014676352458047603
126808,112.5,-0.00014926353469491005,11,lag_05__T_place_BALCONY,T_place_BALCONY,False,13.751577377319336,-0.00010424953507026657,-0.0014335955480683366
126808,112.5,-0.00014926353469491005,12,lag_09__T3__duck_amount,T3__duck_amount,False,-2.9432532787323,-0.0004805804055649787,0.001414469854373622
126808,112.5,-0.00014926353469491005,13,lag_09__T_kills_last_3s,T_kills_last_3s,False,3.1681017875671387,-0.00034960461198352277,-0.0011075829961667144
126808,112.5,-0.00014926353469491005,14,lag_01__T2__is_walking,T2__is_walking,False,-2.2968344688415527,0.00039995761471800506,-0.0009186364355599635
126808,112.5,-0.00014926353469491005,15,lag_11__CT2__duck_amount,CT2__duck_amount,False,-3.8097944259643555,0.00022204955166671425,-0.0008459631442277321
126808,112.5,-0.00014926353469491005,16,lag_04__T_shots_fired_sum,T_shots_fired_sum,False,3.748684883117676,-0.000219249734072946,-0.0008218981637468231
126808,112.5,-0.00014926353469491005,17,lag_07__CT_place_LIBRARY,CT_place_LIBRARY,False,-6.411735534667969,0.00012422824511304498,-0.0007965186536007529
126808,112.5,-0.00014926353469491005,18,lag_05__T1__shots_fired,T1__shots_fired,False,2.9883384704589844,0.0002617694262880832,0.0007822556469666564
126808,112.5,-0.00014926353469491005,19,lag_10__T_place_BOMBSITEA,T_place_BOMBSITEA,False,-1.6668972969055176,-0.00045448984019458294,0.000757587886091371
126808,112.5,-0.00014926353469491005,20,lag_10__T_macro_A,T_macro_A,False,-1.6668972969055176,-0.00045448984019458294,0.000757587886091371
127576,124.5,0.00013951724395155907,1,lag_08__CT_place_ARCH,CT_place_ARCH,False,-4.080447673797607,0.0009525534696877003,-0.0038868445895550163
127576,124.5,0.00013951724395155907,2,lag_07__T3__duck_amount,T3__duck_amount,False,3.7704498767852783,-0.0008297670283354819,-0.003128594989748004
127576,124.5,0.00013951724395155907,3,lag_06__T3__duck_amount,T3__duck_amount,False,-3.7704498767852783,-0.0007399225141853094,0.002789840752440653
127576,124.5,0.00013951724395155907,4,lag_12__CT2__duck_amount,CT2__duck_amount,False,3.8097944259643555,0.0004578091611620039,0.0017441587903504197
127576,124.5,0.00013951724395155907,5,lag_10__T2__duck_amount,T2__duck_amount,False,-3.8233180046081543,-0.0003491787938401103,0.0013350215693162526
127576,124.5,0.00013951724395155907,6,lag_11__kill_diff_last_3s,kill_diff_last_3s,False,-2.4069459438323975,0.0004664371663238853,-0.0011226890455359531
127576,124.5,0.00013951724395155907,7,lag_14__T_shots_fired_sum,T_shots_fired_sum,False,7.49737024307251,0.00013261153071653098,0.0009942377442824155
127576,124.5,0.00013951724395155907,8,lag_11__CT_kills_last_3s,CT_kills_last_3s,False,-2.8871407508850098,0.00034041417529806495,-0.0009828236376819566
127576,124.5,0.00013951724395155907,9,lag_09__CT2__duck_amount,CT2__duck_amount,False,-3.8097944259643555,-0.00025416503194719553,0.0009683165219874779
127576,124.5,0.00013951724395155907,10,lag_10__CT_duck_amount_mean,CT_duck_amount_mean,False,5.988534450531006,0.0001594846835359931,0.0009550795216873298
127576,124.5,0.00013951724395155907,11,lag_01__T2__is_walking,T2__is_walking,False,2.2968344688415527,0.00039995761471800506,0.0009186364355599635
127576,124.5,0.00013951724395155907,12,lag_10__T_duck_amount_mean,T_duck_amount_mean,False,-3.877249002456665,0.0002337207697564736,-0.0009061936213916912
127576,124.5,0.00013951724395155907,13,lag_12__CT_duck_amount_mean,CT_duck_amount_mean,False,5.988534450531006,0.00014540579286403954,0.0008707675998730763
127576,124.5,0.00013951724395155907,14,lag_11__CT2__duck_amount,CT2__duck_amount,False,-3.8097944259643555,0.00022204955166671425,-0.0008459631442277321
127576,124.5,0.00013951724395155907,15,lag_10__T3__duck_amount,T3__duck_amount,False,-3.7704498767852783,-0.00020265740749891847,0.0007641095971339211
127576,124.5,0.00013951724395155907,16,lag_14__T3__shots_fired,T3__shots_fired,False,3.027853012084961,0.00025157679920084774,0.0007617375692309802
127576,124.5,0.00013951724395155907,17,lag_03__T1__is_walking,T1__is_walking,False,-2.281590461730957,0.00033243795041926205,-0.0007584872567939771
127576,124.5,0.00013951724395155907,18,lag_13__T_shots_fired_sum,T_shots_fired_sum,False,-10.496318817138672,-7.128320430638269e-05,0.000748211238707025
127576,124.5,0.00013951724395155907,19,lag_11__T3__duck_amount,T3__duck_amount,False,3.7704498767852783,0.00018992852710653096,0.0007161159916268291
127576,124.5,0.00013951724395155907,20,lag_14__T2__shots_fired,T2__shots_fired,False,2.9418327808380127,-0.0002420384989818558,-0.0007120367905296514
127192,118.5,-0.00013507448602467775,1,lag_06__T_place_BALCONY,T_place_BALCONY,False,13.751577377319336,-0.0008166214684024453,-0.011229833310716364
127192,118.5,-0.00013507448602467775,2,lag_05__T_place_PIT,T_place_PIT,False,-6.3102264404296875,-0.000996795715764165,0.006290006681322069
127192,118.5,-0.00013507448602467775,3,lag_11__T_place_BALCONY,T_place_BALCONY,False,-13.751577377319336,-0.00026792773860506713,0.0036844290289577697
127192,118.5,-0.00013507448602467775,4,lag_08__T4__duck_amount,T4__duck_amount,False,3.6976382732391357,-0.0005750535638071597,-0.002126340066695917
127192,118.5,-0.00013507448602467775,5,lag_00__CT_duck_amount_mean,CT_duck_amount_mean,False,5.988534450531006,0.0003346470184624195,0.002004045198829685
127192,118.5,-0.00013507448602467775,6,lag_15__T_shots_fired_sum,T_shots_fired_sum,False,-8.24710750579834,-0.00015708190039731562,0.0012954713197917689
127192,118.5,-0.00013507448602467775,7,lag_05__CT_kills_last_3s,CT_kills_last_3s,False,2.8871407508850098,-0.0003704983682837337,-0.0010696809372083699
127192,118.5,-0.00013507448602467775,8,lag_10__kill_diff_last_3s,kill_diff_last_3s,False,2.4069459438323975,0.00043957619345746934,0.001058036135847741
127192,118.5,-0.00013507448602467775,9,lag_01__T2__duck_amount,T2__duck_amount,False,3.8233180046081543,-0.0002749538398347795,-0.0010512359662764592
127192,118.5,-0.00013507448602467775,10,lag_10__T_kills_last_3s,T_kills_last_3s,False,-3.1681017875671387,-0.0003286496503278613,0.0010411955446870125
127192,118.5,-0.00013507448602467775,11,lag_10__T3__is_walking,T3__is_walking,False,-2.3223767280578613,0.0004356538411229849,-0.001011752342113037
127192,118.5,-0.00013507448602467775,12,lag_06__T_place_APARTMENTS,T_place_APARTMENTS,False,-2.288959264755249,0.0004327136557549238,-0.0009904639313263464
127192,118.5,-0.00013507448602467775,13,lag_07__T4__duck_amount,T4__duck_amount,False,-2.6546096801757812,0.0003377425018697977,-0.0008965745148703519
127192,118.5,-0.00013507448602467775,14,lag_05__kill_diff_last_3s,kill_diff_last_3s,False,2.4069459438323975,-0.00036400335375219584,-0.0008761363958552371
127192,118.5,-0.00013507448602467775,15,lag_12__T_walking_count,T_walking_count,False,2.3912696838378906,0.00032866629771888256,0.0007859297538344023
127192,118.5,-0.00013507448602467775,16,lag_12__T3__is_walking,T3__is_walking,False,2.3223767280578613,0.00029835361056029797,0.0006928894818972742
127192,118.5,-0.00013507448602467775,17,lag_13__T2__is_walking,T2__is_walking,False,-2.2968344688415527,0.00027503244928084314,-0.0006317040095581566
127192,118.5,-0.00013507448602467775,18,lag_09__T1__is_walking,T1__is_walking,False,2.281590461730957,-0.00027209060499444604,-0.0006207993290819336
127192,118.5,-0.00013507448602467775,19,lag_12__T1__is_walking,T1__is_walking,False,2.281590461730957,0.000268021656665951,0.0006115156553863632
127192,118.5,-0.00013507448602467775,20,lag_15__CT2__duck_amount,CT2__duck_amount,False,-3.8097944259643555,-0.00014918911620043218,0.000568379863314955
127672,126.0,-0.00012556393630802631,1,lag_00__T_place_PIT,T_place_PIT,False,6.3102264404296875,-0.0015645284438505769,-0.009872528753190224
127672,126.0,-0.00012556393630802631,2,lag_00__T_place_BALCONY,T_place_BALCONY,False,-13.751577377319336,-0.00035783127532340586,0.004920744470634675
127672,126.0,-0.00012556393630802631,3,lag_13__T3__duck_amount,T3__duck_amount,False,-3.7704498767852783,0.000605045526754111,-0.002281293831799522
127672,126.0,-0.00012556393630802631,4,lag_14__T3__duck_amount,T3__duck_amount,False,3.7704498767852783,0.0005507018067874014,0.002076393559546988
127672,126.0,-0.00012556393630802631,5,lag_13__CT_duck_amount_mean,CT_duck_amount_mean,False,5.988534450531006,0.0003240414953324944,0.0019405336582002247
127672,126.0,-0.00012556393630802631,6,lag_09__T3__duck_amount,T3__duck_amount,False,-3.7704498767852783,-0.0004805804055649787,0.001812004330947893
127672,126.0,-0.00012556393630802631,7,lag_14__CT2__duck_amount,CT2__duck_amount,False,-3.8097944259643555,-0.00046352235949598253,0.0017659249015176404
127672,126.0,-0.00012556393630802631,8,lag_12__CT2__duck_amount,CT2__duck_amount,False,-3.8097944259643555,0.0004578091611620039,-0.0017441587903504197
127672,126.0,-0.00012556393630802631,9,lag_13__CT2__duck_amount,CT2__duck_amount,False,3.8097944259643555,-0.00034235691418871284,-0.0013043094633665153
127672,126.0,-0.00012556393630802631,10,lag_11__T2__is_walking,T2__is_walking,False,2.2968344688415527,0.0004402948834467679,0.0010112844647551106
127672,126.0,-0.00012556393630802631,11,lag_10__damage_diff_last_5s,damage_diff_last_5s,False,-1.6017448902130127,-0.0005929225008003414,0.0009497105859492677
127672,126.0,-0.00012556393630802631,12,lag_12__CT_duck_amount_mean,CT_duck_amount_mean,False,-5.988534450531006,0.00014540579286403954,-0.0008707675998730763
127672,126.0,-0.00012556393630802631,13,lag_10__CT_damage_last_5s,CT_damage_last_5s,False,-1.5477044582366943,-0.0004971643211320043,0.0007694634362922226
127672,126.0,-0.00012556393630802631,14,lag_10__T3__duck_amount,T3__duck_amount,False,3.7704498767852783,-0.00020265740749891847,-0.0007641095971339211
127672,126.0,-0.00012556393630802631,15,lag_10__T2__is_walking,T2__is_walking,False,-2.2968344688415527,-0.0003049870138056576,0.0007005046858578889
127672,126.0,-0.00012556393630802631,16,lag_12__T1__is_walking,T1__is_walking,False,2.281590461730957,0.000268021656665951,0.0006115156553863632
127672,126.0,-0.00012556393630802631,17,lag_15__CT2__duck_amount,CT2__duck_amount,False,3.8097944259643555,-0.00014918911620043218,-0.000568379863314955
127672,126.0,-0.00012556393630802631,18,lag_02__T1__is_walking,T1__is_walking,False,-2.281590461730957,0.00023264085757546127,-0.0005307911616530825
127672,126.0,-0.00012556393630802631,19,lag_05__T2__is_walking,T2__is_walking,False,-2.2968344688415527,0.00020874658366665244,-0.0004794563486184844
127672,126.0,-0.00012556393630802631,20,lag_06__T1__is_walking,T1__is_walking,False,-2.281590461730957,-0.0002062799467239529,0.0004706463588917409
123608,62.5,0.00012481212615966797,1,lag_00__CT_flashed_players,CT_flashed_players,False,-4.379879951477051,0.0007712539518252015,-0.0033779997210966473
123608,62.5,0.00012481212615966797,2,lag_04__CT1__duck_amount,CT1__duck_amount,False,-3.8154516220092773,-0.0007108165300451219,0.0027120860825116666
123608,62.5,0.00012481212615966797,3,lag_13__T_place_SECONDMID,T_place_SECONDMID,False,-3.274061679840088,-0.0007598143420182168,0.002487679020994754
123608,62.5,0.00012481212615966797,4,lag_02__CT_flashed_players,CT_flashed_players,False,4.379879951477051,0.0005107324104756117,0.0022369466452116793
123608,62.5,0.00012481212615966797,5,lag_07__T2__duck_amount,T2__duck_amount,False,-3.8233180046081543,0.0004784164484590292,-0.0018291382210940954
123608,62.5,0.00012481212615966797,6,lag_05__CT1__duck_amount,CT1__duck_amount,False,3.8154516220092773,0.00046185965766198933,0.0017622031799670868
123608,62.5,0.00012481212615966797,7,lag_05__CT_place_LIBRARY,CT_place_LIBRARY,False,6.411735534667969,-0.00025681674014776945,-0.0016466410187030434
123608,62.5,0.00012481212615966797,8,lag_09__T3__duck_amount,T3__duck_amount,False,3.227454900741577,-0.0004805804055649787,-0.0015510515851410653
123608,62.5,0.00012481212615966797,9,lag_07__T4__duck_amount,T4__duck_amount,False,-3.6976382732391357,0.0003377425018697977,-0.0012488496014133044
123608,62.5,0.00012481212615966797,10,lag_14__T_place_SECONDMID,T_place_SECONDMID,False,3.274061679840088,0.00027202742057852447,0.0008906345535818899
123608,62.5,0.00012481212615966797,11,lag_04__T3__is_walking,T3__is_walking,False,-2.3223767280578613,0.00036516980617307127,-0.0008480618596457407
123608,62.5,0.00012481212615966797,12,lag_09__T3__is_walking,T3__is_walking,False,-2.3223767280578613,0.00036043141153641045,-0.0008370575222132054
123608,62.5,0.00012481212615966797,13,lag_07__T3__duck_amount,T3__duck_amount,False,-0.8493940830230713,-0.0008297670283354819,0.0007047992041557954
123608,62.5,0.00012481212615966797,14,lag_00__T3__duck_amount,T3__duck_amount,False,1.6454718112945557,0.00042161077726632357,0.0006937486493297229
123608,62.5,0.00012481212615966797,15,lag_07__T1__is_walking,T1__is_walking,False,-2.281590461730957,0.00030015932861715555,-0.00068484066117247
123608,62.5,0.00012481212615966797,16,lag_13__T2__is_walking,T2__is_walking,False,-2.2968344688415527,0.00027503244928084314,-0.0006317040095581566
123608,62.5,0.00012481212615966797,17,lag_07__CT_velocity_mean,CT_velocity_mean,False,-2.128528118133545,0.00029181677382439375,-0.0006211402084282391
123608,62.5,0.00012481212615966797,18,lag_06__CT1__duck_amount,CT1__duck_amount,False,-3.8154516220092773,0.00016200199024751782,-0.000618110756458623
123608,62.5,0.00012481212615966797,19,lag_05__CT2__is_walking,CT2__is_walking,False,2.360051155090332,-0.0002599559666123241,-0.0006135093792760393
123608,62.5,0.00012481212615966797,20,lag_06__T3__is_walking,T3__is_walking,False,2.3223767280578613,0.00022186199203133583,0.000515247127134133
127800,128.0,0.00011633033864200115,1,lag_13__T3__duck_amount,T3__duck_amount,False,-3.7704498767852783,0.000605045526754111,-0.002281293831799522
127800,128.0,0.00011633033864200115,2,lag_04__T_place_BALCONY,T_place_BALCONY,False,-13.751577377319336,0.00016187154687941074,-0.002225989102098591
127800,128.0,0.00011633033864200115,3,lag_14__T3__duck_amount,T3__duck_amount,False,3.7704498767852783,0.0005507018067874014,0.002076393559546988
127800,128.0,0.00011633033864200115,4,lag_15__CT_place_ARCH,CT_place_ARCH,False,-4.080447673797607,-0.0003047497011721134,0.0012435152092382662
127800,128.0,0.00011633033864200115,5,lag_03__T3__is_walking,T3__is_walking,False,2.3223767280578613,-0.0004129338776692748,-0.0009589880277258156
127800,128.0,0.00011633033864200115,6,lag_14__T2__is_walking,T2__is_walking,False,-2.2968344688415527,0.0004084695829078555,-0.0009381870174960949
127800,128.0,0.00011633033864200115,7,lag_01__T2__is_walking,T2__is_walking,False,2.2968344688415527,0.00039995761471800506,0.0009186364355599635
127800,128.0,0.00011633033864200115,8,lag_04__T_place_PIT,T_place_PIT,False,6.3102264404296875,0.0001422812492819503,0.0008978269011963302
127800,128.0,0.00011633033864200115,9,lag_03__CT_velocity_mean,CT_velocity_mean,False,2.5767011642456055,-0.00032755310530774295,-0.0008440064677987247
127800,128.0,0.00011633033864200115,10,lag_05__T3__is_walking,T3__is_walking,False,-2.3223767280578613,0.0003475644043646753,-0.000807175484197814
127800,128.0,0.00011633033864200115,11,lag_00__CT2__is_walking,CT2__is_walking,False,-2.360051155090332,-0.00033712375443428755,0.0007956293060610298
127800,128.0,0.00011633033864200115,12,lag_02__CT_place_TOPOFMID,CT_place_TOPOFMID,False,-3.6288270950317383,0.00017930915055330843,-0.0006506819039149708
127800,128.0,0.00011633033864200115,13,lag_09__T1__is_walking,T1__is_walking,False,2.281590461730957,-0.00027209060499444604,-0.0006207993290819336
127800,128.0,0.00011633033864200115,14,lag_01__CT_velocity_mean,CT_velocity_mean,False,-3.3092150688171387,-0.00017090843175537884,0.0005655727577528052
127800,128.0,0.00011633033864200115,15,lag_06__T3__is_walking,T3__is_walking,False,2.3223767280578613,0.00022186199203133583,0.000515247127134133
127800,128.0,0.00011633033864200115,16,lag_02__T2__is_walking,T2__is_walking,False,-2.2968344688415527,-0.00020839909848291427,0.00047865823267106283
127800,128.0,0.00011633033864200115,17,lag_06__T1__is_walking,T1__is_walking,False,-2.281590461730957,-0.0002062799467239529,0.0004706463588917409
127800,128.0,0.00011633033864200115,18,lag_15__T2__is_walking,T2__is_walking,False,2.2968344688415527,0.00019982857338618487,0.00045897315521282317
127800,128.0,0.00011633033864200115,19,lag_03__T_velocity_mean,T_velocity_mean,False,-1.5353927612304688,-0.0002358929195906967,0.00036218828116507673
127800,128.0,0.00011633033864200115,20,lag_02__CT_velocity_mean,CT_velocity_mean,False,-1.8698068857192993,-0.00019016802252735943,0.0003555774779652795
127384,121.5,0.00010570534504950047,1,lag_12__T_place_BALCONY,T_place_BALCONY,False,13.751577377319336,-0.0008701588376425207,-0.011966056586399376
127384,121.5,0.00010570534504950047,2,lag_11__T_place_PIT,T_place_PIT,False,-6.3102264404296875,0.000411047920351848,-0.0025938054552878675
127384,121.5,0.00010570534504950047,3,lag_04__T_duck_amount_mean,T_duck_amount_mean,False,-3.877249002456665,-0.0005479127285070717,0.0021243940800373534
127384,121.5,0.00010570534504950047,4,lag_03__CT_duck_amount_mean,CT_duck_amount_mean,False,-5.988534450531006,-0.00033361322130076587,0.001997854268912261
127384,121.5,0.00010570534504950047,5,lag_10__CT_shots_fired_sum,CT_shots_fired_sum,False,-2.778964042663574,-0.0006777507369406521,0.0018834449278468113
127384,121.5,0.00010570534504950047,6,lag_07__T2__duck_amount,T2__duck_amount,False,3.8233180046081543,0.0004784164484590292,0.0018291382210940954
127384,121.5,0.00010570534504950047,7,lag_05__CT_duck_amount_mean,CT_duck_amount_mean,False,-5.988534450531006,0.0002677079173736274,-0.0016031780858718758
127384,121.5,0.00010570534504950047,8,lag_00__T3__duck_amount,T3__duck_amount,False,-3.7704498767852783,0.00042161077726632357,-0.0015896623031951551
127384,121.5,0.00010570534504950047,9,lag_02__CT_place_ARCH,CT_place_ARCH,False,-4.080447673797607,-0.0003748765157070011,0.0015296640064779848
127384,121.5,0.00010570534504950047,10,lag_07__T_shots_fired_sum,T_shots_fired_sum,False,-10.496318817138672,0.00013292270887177438,-0.0013951991303558509
127384,121.5,0.00010570534504950047,11,lag_04__T2__duck_amount,T2__duck_amount,False,-3.8233180046081543,-0.00030877365497872233,0.0011805398744288154
127384,121.5,0.00010570534504950047,12,lag_11__kill_diff_last_3s,kill_diff_last_3s,False,2.4069459438323975,0.0004664371663238853,0.0011226890455359531
127384,121.5,0.00010570534504950047,13,lag_05__CT_kills_last_3s,CT_kills_last_3s,False,-2.8871407508850098,-0.0003704983682837337,0.0010696809372083699
127384,121.5,0.00010570534504950047,14,lag_12__T4__is_scoped,T4__is_scoped,False,4.644811153411865,0.0002302327484358102,0.0010693876378153194
127384,121.5,0.00010570534504950047,15,lag_11__CT_kills_last_3s,CT_kills_last_3s,False,2.8871407508850098,0.00034041417529806495,0.0009828236376819566
127384,121.5,0.00010570534504950047,16,lag_08__T_shots_fired_sum,T_shots_fired_sum,False,7.49737024307251,-0.0001267556071979925,-0.0009503337175488166
127384,121.5,0.00010570534504950047,17,lag_05__CT2__duck_amount,CT2__duck_amount,False,-3.8097944259643555,0.0002463442797306925,-0.0009385210637861963
127384,121.5,0.00010570534504950047,18,lag_01__T2__is_walking,T2__is_walking,False,-2.2968344688415527,0.00039995761471800506,-0.0009186364355599635
127384,121.5,0.00010570534504950047,19,lag_00__T_duck_amount_mean,T_duck_amount_mean,False,-1.938624620437622,-0.0004539376823231578,0.0008800147670960656
127384,121.5,0.00010570534504950047,20,lag_05__kill_diff_last_3s,kill_diff_last_3s,False,-2.4069459438323975,-0.00036400335375219584,0.0008761363958552371
127768,127.5,0.00010128063149750233,1,lag_03__T_place_PIT,T_place_PIT,False,6.3102264404296875,-0.0005178432911634445,-0.0032677084278986968
127768,127.5,0.00010128063149750233,2,lag_13__T3__duck_amount,T3__duck_amount,False,3.7704498767852783,0.000605045526754111,0.002281293831799522
127768,127.5,0.00010128063149750233,3,lag_14__CT_place_ARCH,CT_place_ARCH,False,-4.080447673797607,-0.0005219546728767455,0.002129808730767707
127768,127.5,0.00010128063149750233,4,lag_03__T_place_BALCONY,T_place_BALCONY,False,-13.751577377319336,-0.0001041392024490051,0.0014320783004898169
127768,127.5,0.00010128063149750233,5,lag_01__CT_place_TOPOFMID,CT_place_TOPOFMID,False,-3.6288270950317383,0.0002997007395606488,-0.0010875621641187327
127768,127.5,0.00010128063149750233,6,lag_11__T2__is_walking,T2__is_walking,False,2.2968344688415527,0.0004402948834467679,0.0010112844647551106
127768,127.5,0.00010128063149750233,7,lag_14__T2__is_walking,T2__is_walking,False,2.2968344688415527,0.0004084695829078555,0.0009381870174960949
127768,127.5,0.00010128063149750233,8,lag_01__T2__is_walking,T2__is_walking,False,-2.2968344688415527,0.00039995761471800506,-0.0009186364355599635
127768,127.5,0.00010128063149750233,9,lag_04__T3__is_walking,T3__is_walking,False,-2.3223767280578613,0.00036516980617307127,-0.0008480618596457407
127768,127.5,0.00010128063149750233,10,lag_05__T3__is_walking,T3__is_walking,False,2.3223767280578613,0.0003475644043646753,0.000807175484197814
127768,127.5,0.00010128063149750233,11,lag_00__CT2__is_walking,CT2__is_walking,False,2.360051155090332,-0.00033712375443428755,-0.0007956293060610298
127768,127.5,0.00010128063149750233,12,lag_08__T1__is_walking,T1__is_walking,False,2.281590461730957,-0.0003247926651965827,-0.0007410438469526992
127768,127.5,0.00010128063149750233,13,lag_13__T2__is_walking,T2__is_walking,False,-2.2968344688415527,0.00027503244928084314,-0.0006317040095581566
127768,127.5,0.00010128063149750233,14,lag_09__T1__is_walking,T1__is_walking,False,-2.281590461730957,-0.00027209060499444604,0.0006207993290819336
127768,127.5,0.00010128063149750233,15,lag_12__T_duck_amount_mean,T_duck_amount_mean,False,-1.938624620437622,0.00030070022330619395,-0.0005829448562724784
127768,127.5,0.00010128063149750233,16,lag_15__CT2__duck_amount,CT2__duck_amount,False,-3.8097944259643555,-0.00014918911620043218,0.000568379863314955
127768,127.5,0.00010128063149750233,17,lag_14__CT_place_TOPOFMID,CT_place_TOPOFMID,False,3.6288270950317383,-0.0001416955201420933,-0.0005141885427362436
127768,127.5,0.00010128063149750233,18,lag_02__CT_velocity_mean,CT_velocity_mean,False,2.5767011642456055,-0.00019016802252735943,-0.0004900061650485316
127768,127.5,0.00010128063149750233,19,lag_01__T3__is_walking,T3__is_walking,False,-2.3223767280578613,0.00018726431881077588,-0.0004348982960017539
127768,127.5,0.00010128063149750233,20,lag_13__damage_diff_last_5s,damage_diff_last_5s,False,-1.6017448902130127,0.00022943616204429418,-0.00036749820018453297
126968,115.0,-0.00010049331467598677,1,lag_10__T_place_BALCONY,T_place_BALCONY,False,13.751577377319336,-0.000867737689986825,-0.011932761987070162
126968,115.0,-0.00010049331467598677,2,lag_15__T4__flash_duration,T4__flash_duration,True,-6.295469284057617,-0.000848471827339381,0.005341528327403311
126968,115.0,-0.00010049331467598677,3,lag_10__T_bomb_zone_count,T_bomb_zone_count,False,-5.821373462677002,-0.0008042888948693871,0.0046820660289184635
126968,115.0,-0.00010049331467598677,4,lag_04__T_place_BALCONY,T_place_BALCONY,False,-13.751577377319336,0.00016187154687941074,-0.002225989102098591
126968,115.0,-0.00010049331467598677,5,lag_09__CT_shots_fired_sum,CT_shots_fired_sum,False,-2.0842230319976807,0.0007826819201000035,-0.0016312836846005957
126968,115.0,-0.00010049331467598677,6,lag_14__T3__duck_amount,T3__duck_amount,False,-2.9432532787323,0.0005507018067874014,-0.0016208548984308208
126968,115.0,-0.00010049331467598677,7,lag_10__T2__duck_amount,T2__duck_amount,False,-3.3454031944274902,-0.0003491787938401103,0.001168143852339043
126968,115.0,-0.00010049331467598677,8,lag_00__T4__duck_amount,T4__duck_amount,False,-2.6546096801757812,-0.00042046597809530795,0.0011161730556363825
126968,115.0,-0.00010049331467598677,9,lag_15__T_flashed_players,T_flashed_players,False,-1.9296237230300903,-0.0005744826630689204,0.0011085353751272911
126968,115.0,-0.00010049331467598677,10,lag_09__T_kills_last_3s,T_kills_last_3s,False,3.1681017875671387,-0.00034960461198352277,-0.0011075829961667144
126968,115.0,-0.00010049331467598677,11,lag_15__T3__duck_amount,T3__duck_amount,False,2.9432532787323,-0.00035632168874144554,-0.0010487449786716896
126968,115.0,-0.00010049331467598677,12,lag_08__T_shots_fired_sum,T_shots_fired_sum,False,-8.24710750579834,-0.0001267556071979925,0.00104536711952459
126968,115.0,-0.00010049331467598677,13,lag_15__T_flash_duration_sum,T_flash_duration_sum,True,-2.5598654747009277,-0.00040812636143527925,0.0010447485819534835
126968,115.0,-0.00010049331467598677,14,lag_09__CT2__duck_amount,CT2__duck_amount,False,3.8097944259643555,-0.00025416503194719553,-0.0009683165219874779
126968,115.0,-0.00010049331467598677,15,lag_03__T3__is_walking,T3__is_walking,False,-2.3223767280578613,-0.0004129338776692748,0.0009589880277258156
126968,115.0,-0.00010049331467598677,16,lag_10__CT_shots_fired_sum,CT_shots_fired_sum,False,1.389482021331787,-0.0006777507369406521,-0.0009417224639234056
126968,115.0,-0.00010049331467598677,17,lag_00__damage_diff_last_5s,damage_diff_last_5s,False,0.6993533968925476,0.0012363108107820153,0.0008646181651353821
126968,115.0,-0.00010049331467598677,18,lag_09__T_shots_fired_sum,T_shots_fired_sum,False,3.748684883117676,0.00022793433163315058,0.0008544539833367226
126968,115.0,-0.00010049331467598677,19,lag_05__T3__is_walking,T3__is_walking,False,2.3223767280578613,0.0003475644043646753,0.000807175484197814
126968,115.0,-0.00010049331467598677,20,lag_01__T4__duck_amount,T4__duck_amount,False,3.6976382732391357,0.0002160709263989702,0.0007989521271870685
127352,121.0,-9.965372737497091e-05,1,lag_11__T_place_BALCONY,T_place_BALCONY,False,13.751577377319336,-0.00026792773860506713,-0.0036844290289577697
127352,121.0,-9.965372737497091e-05,2,lag_10__T_place_PIT,T_place_PIT,False,-6.3102264404296875,-0.00041958672227337956,0.002647687228942708
127352,121.0,-9.965372737497091e-05,3,lag_09__CT_shots_fired_sum,CT_shots_fired_sum,False,-2.778964042663574,0.0007826819201000035,-0.0021750449128007943
127352,121.0,-9.965372737497091e-05,4,lag_02__CT2__duck_amount,CT2__duck_amount,False,-3.8097944259643555,-0.0005480936379171908,0.002088124086643439
127352,121.0,-9.965372737497091e-05,5,lag_03__CT_duck_amount_mean,CT_duck_amount_mean,False,5.988534450531006,-0.00033361322130076587,-0.001997854268912261
127352,121.0,-9.965372737497091e-05,6,lag_00__damage_diff_last_5s,damage_diff_last_5s,False,-1.6017448902130127,0.0012363108107820153,-0.0019802545238852
127352,121.0,-9.965372737497091e-05,7,lag_10__CT_shots_fired_sum,CT_shots_fired_sum,False,2.778964042663574,-0.0006777507369406521,-0.0018834449278468113
127352,121.0,-9.965372737497091e-05,8,lag_15__T3__is_walking,T3__is_walking,False,-2.3223767280578613,0.0007450400153174996,-0.0017302635930452337
127352,121.0,-9.965372737497091e-05,9,lag_05__CT_duck_amount_mean,CT_duck_amount_mean,False,5.988534450531006,0.0002677079173736274,0.0016031780858718758
127352,121.0,-9.965372737497091e-05,10,lag_00__T3__duck_amount,T3__duck_amount,False,3.7704498767852783,0.00042161077726632357,0.0015896623031951551
127352,121.0,-9.965372737497091e-05,11,lag_03__T3__duck_amount,T3__duck_amount,False,-3.7704498767852783,0.0003396302054170519,-0.0012805586661672821
127352,121.0,-9.965372737497091e-05,12,lag_12__T4__duck_amount,T4__duck_amount,False,-2.6546096801757812,0.0004697070689871907,-0.00124688893218039
127352,121.0,-9.965372737497091e-05,13,lag_01__CT_place_TOPOFMID,CT_place_TOPOFMID,False,3.6288270950317383,0.0002997007395606488,0.0010875621641187327
127352,121.0,-9.965372737497091e-05,14,lag_04__T_duck_amount_mean,T_duck_amount_mean,False,1.938624382019043,-0.0005479127285070717,-0.0010621969747023896
127352,121.0,-9.965372737497091e-05,15,lag_10__kill_diff_last_3s,kill_diff_last_3s,False,2.4069459438323975,0.00043957619345746934,0.001058036135847741
127352,121.0,-9.965372737497091e-05,16,lag_00__CT_damage_last_5s,CT_damage_last_5s,False,-1.5477044582366943,0.0006604897789657116,-0.0010222429755250007
127352,121.0,-9.965372737497091e-05,17,lag_15__CT2__is_walking,CT2__is_walking,False,-2.360051155090332,-0.00043083936907351017,0.0010168029506403276
127352,121.0,-9.965372737497091e-05,18,lag_11__T2__is_walking,T2__is_walking,False,-2.2968344688415527,0.0004402948834467679,-0.0010112844647551106
127352,121.0,-9.965372737497091e-05,19,lag_03__T2__duck_amount,T2__duck_amount,False,-3.8233180046081543,-0.00026269908994436264,0.0010043821603784586
127352,121.0,-9.965372737497091e-05,20,lag_07__T_shots_fired_sum,T_shots_fired_sum,False,7.49737024307251,0.00013292270887177438,0.0009965707621238315
127608,125.0,-9.404332377016544e-05,1,lag_07__T3__duck_amount,T3__duck_amount,False,-3.7704498767852783,-0.0008297670283354819,0.003128594989748004
127608,125.0,-9.404332377016544e-05,2,lag_13__CT_duck_amount_mean,CT_duck_amount_mean,False,5.988534450531006,0.0003240414953324944,0.0019405336582002247
127608,125.0,-9.404332377016544e-05,3,lag_12__CT2__duck_amount,CT2__duck_amount,False,-3.8097944259643555,0.0004578091611620039,-0.0017441587903504197
127608,125.0,-9.404332377016544e-05,4,lag_14__T_shots_fired_sum,T_shots_fired_sum,False,-10.496318817138672,0.00013261153071653098,-0.001391932905229487
127608,125.0,-9.404332377016544e-05,5,lag_13__CT2__duck_amount,CT2__duck_amount,False,3.8097944259643555,-0.00034235691418871284,-0.0013043094633665153
127608,125.0,-9.404332377016544e-05,6,lag_15__T_shots_fired_sum,T_shots_fired_sum,False,7.49737024307251,-0.00015708190039731562,-0.001177701165764114
127608,125.0,-9.404332377016544e-05,7,lag_14__T2__duck_amount,T2__duck_amount,False,3.8233180046081543,-0.0002819385554175824,-0.0010779407551212566
127608,125.0,-9.404332377016544e-05,8,lag_14__T3__shots_fired,T3__shots_fired,False,-4.238994121551514,0.00025157679920084774,-0.0010664325729311391
127608,125.0,-9.404332377016544e-05,9,lag_14__T2__shots_fired,T2__shots_fired,False,-4.118566036224365,-0.0002420384989818558,0.000996851541365397
127608,125.0,-9.404332377016544e-05,10,lag_10__CT_duck_amount_mean,CT_duck_amount_mean,False,-5.988534450531006,0.0001594846835359931,-0.0009550795216873298
127608,125.0,-9.404332377016544e-05,11,lag_12__CT_duck_amount_mean,CT_duck_amount_mean,False,-5.988534450531006,0.00014540579286403954,-0.0008707675998730763
127608,125.0,-9.404332377016544e-05,12,lag_11__T_duck_amount_mean,T_duck_amount_mean,False,-3.877249002456665,0.00021986532374285161,-0.0008524726071567831
127608,125.0,-9.404332377016544e-05,13,lag_11__CT2__duck_amount,CT2__duck_amount,False,3.8097944259643555,0.00022204955166671425,0.0008459631442277321
127608,125.0,-9.404332377016544e-05,14,lag_15__CT_velocity_mean,CT_velocity_mean,False,2.4134225845336914,0.0003249151341151446,0.0007841575227302833
127608,125.0,-9.404332377016544e-05,15,lag_03__T1__is_walking,T1__is_walking,False,2.281590461730957,0.00033243795041926205,0.0007584872567939771
127608,125.0,-9.404332377016544e-05,16,lag_11__T3__duck_amount,T3__duck_amount,False,-3.7704498767852783,0.00018992852710653096,-0.0007161159916268291
127608,125.0,-9.404332377016544e-05,17,lag_12__T1__is_walking,T1__is_walking,False,2.281590461730957,0.000268021656665951,0.0006115156553863632
127608,125.0,-9.404332377016544e-05,18,lag_12__T_duck_amount_mean,T_duck_amount_mean,False,1.938624382019043,0.00030070022330619395,0.0005829447845799585
127608,125.0,-9.404332377016544e-05,19,lag_09__CT_place_ARCH,CT_place_ARCH,False,-4.080447673797607,-0.00013563368702307343,0.0005534461627018927
127608,125.0,-9.404332377016544e-05,20,lag_03__T2__is_walking,T2__is_walking,False,-2.2968344688415527,0.0002332256262889132,-0.0005356806574775344
127288,120.0,8.96713463589549e-05,1,lag_04__T_shots_fired_sum,T_shots_fired_sum,False,-10.496318817138672,-0.000219249734072946,0.002301315109402513
127288,120.0,8.96713463589549e-05,2,lag_02__CT2__duck_amount,CT2__duck_amount,False,-3.8097944259643555,-0.0005480936379171908,0.002088124086643439
127288,120.0,8.96713463589549e-05,3,lag_14__T_place_BALCONY,T_place_BALCONY,False,-13.751577377319336,0.00014580889546778053,-0.0020051023083266506
127288,120.0,8.96713463589549e-05,4,lag_00__CT_duck_amount_mean,CT_duck_amount_mean,False,-5.988534450531006,0.0003346470184624195,-0.002004045198829685
127288,120.0,8.96713463589549e-05,5,lag_03__CT_duck_amount_mean,CT_duck_amount_mean,False,5.988534450531006,-0.00033361322130076587,-0.001997854268912261
127288,120.0,8.96713463589549e-05,6,lag_15__T3__is_walking,T3__is_walking,False,2.3223767280578613,0.0007450400153174996,0.0017302635930452337
127288,120.0,8.96713463589549e-05,7,lag_05__T_shots_fired_sum,T_shots_fired_sum,False,7.49737024307251,-0.00018803225248120725,-0.0014097474144905003
127288,120.0,8.96713463589549e-05,8,lag_09__T_place_BALCONY,T_place_BALCONY,False,13.751577377319336,8.928103488869965e-05,0.0012277550595991005
127288,120.0,8.96713463589549e-05,9,lag_04__T2__duck_amount,T2__duck_amount,False,3.8233180046081543,-0.00030877365497872233,-0.0011805398744288154
127288,120.0,8.96713463589549e-05,10,lag_11__T4__duck_amount,T4__duck_amount,False,3.6976382732391357,0.0003145233786199242,0.0011629936826135154
127288,120.0,8.96713463589549e-05,11,lag_04__T_duck_amount_mean,T_duck_amount_mean,False,1.938624620437622,-0.0005479127285070717,-0.0010621971053349638
127288,120.0,8.96713463589549e-05,12,lag_01__T2__duck_amount,T2__duck_amount,False,-3.8233180046081543,-0.0002749538398347795,0.0010512359662764592
127288,120.0,8.96713463589549e-05,13,lag_15__T_walking_count,T_walking_count,False,2.3912696838378906,0.00041995709761977196,0.0010042306760507103
127288,120.0,8.96713463589549e-05,14,lag_10__T4__duck_amount,T4__duck_amount,False,-2.6546096801757812,0.00031839829171076417,-0.0008452231873268268
127288,120.0,8.96713463589549e-05,15,lag_02__CT_duck_amount_mean,CT_duck_amount_mean,False,-5.988534450531006,-0.00014072506746742874,0.0008427369145819971
127288,120.0,8.96713463589549e-05,16,lag_02__T3__duck_amount,T3__duck_amount,False,3.7704498767852783,-0.0002037809754256159,-0.0007683459536846973
127288,120.0,8.96713463589549e-05,17,lag_14__T_place_APARTMENTS,T_place_APARTMENTS,False,2.288959264755249,0.0002994941605720669,0.0006855299335815287
127288,120.0,8.96713463589549e-05,18,lag_04__CT_velocity_mean,CT_velocity_mean,False,2.281797409057617,-0.0002810515579767525,-0.0006413027168029606
127288,120.0,8.96713463589549e-05,19,lag_12__T1__is_walking,T1__is_walking,False,2.281590461730957,0.000268021656665951,0.0006115156553863632
127288,120.0,8.96713463589549e-05,20,lag_06__T3__duck_amount,T3__duck_amount,False,0.8251886367797852,-0.0007399225141853094,-0.0006105756508032467
127320,120.5,8.616491686552763e-05,1,lag_10__T_place_BALCONY,T_place_BALCONY,False,13.751577377319336,-0.000867737689986825,-0.011932761987070162
127320,120.5,8.616491686552763e-05,2,lag_09__CT_shots_fired_sum,CT_shots_fired_sum,False,2.778964042663574,0.0007826819201000035,0.0021750449128007943
127320,120.5,8.616491686552763e-05,3,lag_02__CT2__duck_amount,CT2__duck_amount,False,3.8097944259643555,-0.0005480936379171908,-0.002088124086643439
127320,120.5,8.616491686552763e-05,4,lag_03__CT_duck_amount_mean,CT_duck_amount_mean,False,-5.988534450531006,-0.00033361322130076587,0.001997854268912261
127320,120.5,8.616491686552763e-05,5,lag_05__T_shots_fired_sum,T_shots_fired_sum,False,-10.496318817138672,-0.00018803225248120725,0.0019736464699474654
127320,120.5,8.616491686552763e-05,6,lag_02__T2__duck_amount,T2__duck_amount,False,-3.8233180046081543,-0.0004818271554540843,0.0018421784385567325
127320,120.5,8.616491686552763e-05,7,lag_12__T4__duck_amount,T4__duck_amount,False,3.6976382732391357,0.0004697070689871907,0.0017368068354980115
127320,120.5,8.616491686552763e-05,8,lag_09__T_place_PIT,T_place_PIT,False,-6.3102264404296875,-0.00024615039001218975,0.0015532646993769994
127320,120.5,8.616491686552763e-05,9,lag_03__T3__duck_amount,T3__duck_amount,False,3.7704498767852783,0.0003396302054170519,0.0012805586661672821
127320,120.5,8.616491686552763e-05,10,lag_14__T3__is_walking,T3__is_walking,False,-2.3223767280578613,-0.00037350942147895694,0.0008674295881530847
127320,120.5,8.616491686552763e-05,11,lag_02__CT_duck_amount_mean,CT_duck_amount_mean,False,5.988534450531006,-0.00014072506746742874,-0.0008427369145819971
127320,120.5,8.616491686552763e-05,12,lag_11__T4__duck_amount,T4__duck_amount,False,-2.6546096801757812,0.0003145233786199242,-0.0008349368055260431
127320,120.5,8.616491686552763e-05,13,lag_02__T3__duck_amount,T3__duck_amount,False,-3.7704498767852783,-0.0002037809754256159,0.0007683459536846973
127320,120.5,8.616491686552763e-05,14,lag_03__T1__is_walking,T1__is_walking,False,2.281590461730957,0.00033243795041926205,0.0007584872567939771
127320,120.5,8.616491686552763e-05,15,lag_06__T_shots_fired_sum,T_shots_fired_sum,False,7.49737024307251,-9.441264410270378e-05,-0.0007078465484654066
127320,120.5,8.616491686552763e-05,16,lag_10__T2__is_walking,T2__is_walking,False,-2.2968344688415527,-0.0003049870138056576,0.0007005046858578889
127320,120.5,8.616491686552763e-05,17,lag_07__T3__duck_amount,T3__duck_amount,False,0.8251886367797852,-0.0008297670283354819,-0.0006847143229569697
127320,120.5,8.616491686552763e-05,18,lag_10__T_place_APARTMENTS,T_place_APARTMENTS,False,-2.288959264755249,0.000269630691036582,-0.0006171736683105444
127320,120.5,8.616491686552763e-05,19,lag_06__T3__duck_amount,T3__duck_amount,False,-0.8251886367797852,-0.0007399225141853094,0.0006105756508032467
127320,120.5,8.616491686552763e-05,20,lag_06__CT_velocity_mean,CT_velocity_mean,False,2.4134225845336914,-0.00025028790696524084,-0.0006040504873055796
127544,124.0,8.017523214221e-05,1,lag_06__T3__duck_amount,T3__duck_amount,False,3.7704498767852783,-0.0007399225141853094,-0.002789840752440653
127544,124.0,8.017523214221e-05,2,lag_12__T_shots_fired_sum,T_shots_fired_sum,False,-10.496318817138672,-0.0002027835143962875,0.0021284804179632633
127544,124.0,8.017523214221e-05,3,lag_15__CT_shots_fired_sum,CT_shots_fired_sum,False,-2.778964042663574,-0.0007539220969192684,0.002095122398308169
127544,124.0,8.017523214221e-05,4,lag_09__T3__duck_amount,T3__duck_amount,False,-3.7704498767852783,-0.0004805804055649787,0.001812004330947893
127544,124.0,8.017523214221e-05,5,lag_09__T2__duck_amount,T2__duck_amount,False,-3.8233180046081543,0.0002876898506656289,-0.0010999297857929302
127544,124.0,8.017523214221e-05,6,lag_10__kill_diff_last_3s,kill_diff_last_3s,False,-2.4069459438323975,0.00043957619345746934,-0.001058036135847741
127544,124.0,8.017523214221e-05,7,lag_09__CT2__duck_amount,CT2__duck_amount,False,3.8097944259643555,-0.00025416503194719553,-0.0009683165219874779
127544,124.0,8.017523214221e-05,8,lag_10__CT_duck_amount_mean,CT_duck_amount_mean,False,-5.988534450531006,0.0001594846835359931,-0.0009550795216873298
127544,124.0,8.017523214221e-05,9,lag_06__damage_diff_last_5s,damage_diff_last_5s,False,-1.6017448902130127,-0.0005864716367796063,0.0009393779474665964
127544,124.0,8.017523214221e-05,10,lag_01__T2__is_walking,T2__is_walking,False,-2.2968344688415527,0.00039995761471800506,-0.0009186364355599635
127544,124.0,8.017523214221e-05,11,lag_11__CT2__duck_amount,CT2__duck_amount,False,3.8097944259643555,0.00022204955166671425,0.0008459631442277321
127544,124.0,8.017523214221e-05,12,lag_12__T3__shots_fired,T3__shots_fired,False,-4.238994121551514,-0.0001944454706972465,0.000824253207247945
127544,124.0,8.017523214221e-05,13,lag_05__T3__duck_amount,T3__duck_amount,False,-3.7704498767852783,0.00020415440667420626,-0.0007697539574899326
127544,124.0,8.017523214221e-05,14,lag_10__T3__duck_amount,T3__duck_amount,False,3.7704498767852783,-0.00020265740749891847,-0.0007641095971339211
127544,124.0,8.017523214221e-05,15,lag_08__T1__is_walking,T1__is_walking,False,2.281590461730957,-0.0003247926651965827,-0.0007410438469526992
127544,124.0,8.017523214221e-05,16,lag_10__CT_kills_last_3s,CT_kills_last_3s,False,-2.8871407508850098,0.0002277696185046807,-0.000657602947398396
127544,124.0,8.017523214221e-05,17,lag_06__CT_damage_last_5s,CT_damage_last_5s,False,-1.5477044582366943,-0.00040612005977891386,0.0006285538270991778
127544,124.0,8.017523214221e-05,18,lag_09__T1__is_walking,T1__is_walking,False,-2.281590461730957,-0.00027209060499444604,0.0006207993290819336
127544,124.0,8.017523214221e-05,19,lag_12__T_duck_amount_mean,T_duck_amount_mean,False,1.938624620437622,0.00030070022330619395,0.0005829448562724784
127544,124.0,8.017523214221e-05,20,lag_15__CT_velocity_mean,CT_velocity_mean,False,1.665175199508667,0.0003249151341151446,0.0005410406232735712
126840,113.0,-7.081858348101377e-05,1,lag_06__T_place_BALCONY,T_place_BALCONY,False,13.751577377319336,-0.0008166214684024453,-0.011229833310716364
126840,113.0,-7.081858348101377e-05,2,lag_12__T_place_GRAVEYARD,T_place_GRAVEYARD,False,19.65784454345703,-0.00045416378998197615,-0.008927881180732955
126840,113.0,-7.081858348101377e-05,3,lag_00__T_place_BALCONY,T_place_BALCONY,False,-13.751577377319336,-0.00035783127532340586,0.004920744470634675
126840,113.0,-7.081858348101377e-05,4,lag_06__T_bomb_zone_count,T_bomb_zone_count,False,-5.821373462677002,-0.0006540647591464221,0.0038075552317672068
126840,113.0,-7.081858348101377e-05,5,lag_11__T4__flash_duration,T4__flash_duration,True,-6.295469284057617,-0.0005426176940090954,0.003416033025620435
126840,113.0,-7.081858348101377e-05,6,lag_00__damage_diff_last_5s,damage_diff_last_5s,False,2.255978584289551,0.0012363108107820153,0.0027890907126498776
126840,113.0,-7.081858348101377e-05,7,lag_11__T_place_PIT,T_place_PIT,False,6.3102264404296875,0.000411047920351848,0.0025938054552878675
126840,113.0,-7.081858348101377e-05,8,lag_04__T_shots_fired_sum,T_shots_fired_sum,False,-8.24710750579834,-0.000219249734072946,0.001808176127517283
126840,113.0,-7.081858348101377e-05,9,lag_12__CT2__duck_amount,CT2__duck_amount,False,-3.8097944259643555,0.0004578091611620039,-0.0017441587903504197
126840,113.0,-7.081858348101377e-05,10,lag_05__CT_duck_amount_mean,CT_duck_amount_mean,False,5.8474931716918945,0.0002677079173736274,0.0015654202188501443
126840,113.0,-7.081858348101377e-05,11,lag_00__T_damage_last_5s,T_damage_last_5s,False,-2.3978047370910645,-0.0005875086062587798,0.0014087309191690711
126840,113.0,-7.081858348101377e-05,12,lag_13__CT2__duck_amount,CT2__duck_amount,False,3.8097944259643555,-0.00034235691418871284,-0.0013043094633665153
126840,113.0,-7.081858348101377e-05,13,lag_06__T1__duck_amount,T1__duck_amount,False,2.898404598236084,0.00041631876956671476,0.0012066602360441547
126840,113.0,-7.081858348101377e-05,14,lag_11__T_flash_duration_sum,T_flash_duration_sum,True,-2.5598654747009277,0.00046607301919721067,-0.0011930842305325623
126840,113.0,-7.081858348101377e-05,15,lag_10__damage_diff_last_5s,damage_diff_last_5s,False,-1.9175821542739868,-0.0005929225008003414,0.0011369776064022383
126840,113.0,-7.081858348101377e-05,16,lag_10__kill_diff_last_3s,kill_diff_last_3s,False,-2.4069459438323975,0.00043957619345746934,-0.001058036135847741
126840,113.0,-7.081858348101377e-05,17,lag_10__T_kills_last_3s,T_kills_last_3s,False,3.1681017875671387,-0.0003286496503278613,-0.0010411955446870125
126840,113.0,-7.081858348101377e-05,18,lag_06__T_place_APARTMENTS,T_place_APARTMENTS,False,-2.288959264755249,0.0004327136557549238,-0.0009904639313263464
126840,113.0,-7.081858348101377e-05,19,lag_08__CT_place_LIBRARY,CT_place_LIBRARY,False,-6.411735534667969,0.00015439282287843525,-0.000989925948747361
126840,113.0,-7.081858348101377e-05,20,lag_05__CT2__duck_amount,CT2__duck_amount,False,3.8097944259643555,0.0002463442797306925,0.0009385210637861963
127736,127.0,6.489199586212635e-05,1,lag_02__T_place_PIT,T_place_PIT,False,6.3102264404296875,-0.0004979694494977593,-0.003142299986746977
127736,127.0,6.489199586212635e-05,2,lag_02__T_place_BALCONY,T_place_BALCONY,False,-13.751577377319336,0.0001789078232832253,-0.0024602647752870466
127736,127.0,6.489199586212635e-05,3,lag_14__CT2__duck_amount,CT2__duck_amount,False,-3.8097944259643555,-0.00046352235949598253,0.0017659249015176404
127736,127.0,6.489199586212635e-05,4,lag_15__T3__duck_amount,T3__duck_amount,False,-3.7704498767852783,-0.00035632168874144554,0.0013434930674111056
127736,127.0,6.489199586212635e-05,5,lag_03__T3__is_walking,T3__is_walking,False,-2.3223767280578613,-0.0004129338776692748,0.0009589880277258156
127736,127.0,6.489199586212635e-05,6,lag_04__T3__is_walking,T3__is_walking,False,2.3223767280578613,0.00036516980617307127,0.0008480618596457407
127736,127.0,6.489199586212635e-05,7,lag_08__T1__is_walking,T1__is_walking,False,-2.281590461730957,-0.0003247926651965827,0.0007410438469526992
127736,127.0,6.489199586212635e-05,8,lag_11__T3__duck_amount,T3__duck_amount,False,-3.7704498767852783,0.00018992852710653096,-0.0007161159916268291
127736,127.0,6.489199586212635e-05,9,lag_10__T2__is_walking,T2__is_walking,False,2.2968344688415527,-0.0003049870138056576,-0.0007005046858578889
127736,127.0,6.489199586212635e-05,10,lag_07__T1__is_walking,T1__is_walking,False,2.281590461730957,0.00030015932861715555,0.00068484066117247
127736,127.0,6.489199586212635e-05,11,lag_13__T2__is_walking,T2__is_walking,False,2.2968344688415527,0.00027503244928084314,0.0006317040095581566
127736,127.0,6.489199586212635e-05,12,lag_15__T_duck_amount_mean,T_duck_amount_mean,False,-3.877249002456665,-0.0001591937616467476,0.0006172338535421762
127736,127.0,6.489199586212635e-05,13,lag_12__T_duck_amount_mean,T_duck_amount_mean,False,1.938624620437622,0.00030070022330619395,0.0005829448562724784
127736,127.0,6.489199586212635e-05,14,lag_15__CT2__duck_amount,CT2__duck_amount,False,3.8097944259643555,-0.00014918911620043218,-0.000568379863314955
127736,127.0,6.489199586212635e-05,15,lag_15__T2__duck_amount,T2__duck_amount,False,-3.8233180046081543,-0.0001485953398514539,0.0005681272382549313
127736,127.0,6.489199586212635e-05,16,lag_06__T2__is_walking,T2__is_walking,False,2.2968344688415527,0.00019905308727174997,0.0004571919919750811
127736,127.0,6.489199586212635e-05,17,lag_15__CT_velocity_mean,CT_velocity_mean,False,-1.3866603374481201,0.0003249151341151446,-0.00045054692951410763
127736,127.0,6.489199586212635e-05,18,lag_01__CT_velocity_mean,CT_velocity_mean,False,2.5767011642456055,-0.00017090843175537884,-0.00044037995508347527
127736,127.0,6.489199586212635e-05,19,lag_01__T3__is_walking,T3__is_walking,False,2.3223767280578613,0.00018726431881077588,0.0004348982960017539
127736,127.0,6.489199586212635e-05,20,lag_11__T_duck_amount_mean,T_duck_amount_mean,False,-1.938624620437622,0.00021986532374285161,-0.0004262363297883806
127256,119.5,6.296171341091394e-05,1,lag_13__T_place_BALCONY,T_place_BALCONY,False,-13.751577377319336,-0.0006514210253953934,0.008958066635937456
127256,119.5,6.296171341091394e-05,2,lag_08__T_place_BALCONY,T_place_BALCONY,False,13.751577377319336,-0.00022411263489630073,-0.003081902240011397
127256,119.5,6.296171341091394e-05,3,lag_07__T_place_PIT,T_place_PIT,False,-6.3102264404296875,-0.0003488755610305816,0.002201483789634917
127256,119.5,6.296171341091394e-05,4,lag_02__CT2__duck_amount,CT2__duck_amount,False,3.8097944259643555,-0.0005480936379171908,-0.002088124086643439
127256,119.5,6.296171341091394e-05,5,lag_00__CT_duck_amount_mean,CT_duck_amount_mean,False,5.988534450531006,0.0003346470184624195,0.002004045198829685
127256,119.5,6.296171341091394e-05,6,lag_00__T2__duck_amount,T2__duck_amount,False,-3.8233180046081543,-0.0005197543068788946,0.0019871859994627095
127256,119.5,6.296171341091394e-05,7,lag_00__T_duck_amount_mean,T_duck_amount_mean,False,-3.877249002456665,-0.0004539376823231578,0.001760029425964954
127256,119.5,6.296171341091394e-05,8,lag_04__T_shots_fired_sum,T_shots_fired_sum,False,7.49737024307251,-0.000219249734072946,-0.0016437964320400664
127256,119.5,6.296171341091394e-05,9,lag_00__T3__duck_amount,T3__duck_amount,False,-3.7704498767852783,0.00042161077726632357,-0.0015896623031951551
127256,119.5,6.296171341091394e-05,10,lag_12__CT2__is_walking,CT2__is_walking,False,-2.360051155090332,-0.0005939917173236609,0.0014018508385837958
127256,119.5,6.296171341091394e-05,11,lag_01__kill_diff_last_3s,kill_diff_last_3s,False,-2.4069459438323975,0.0005806471453979611,-0.001397586291413483
127256,119.5,6.296171341091394e-05,12,lag_10__T4__duck_amount,T4__duck_amount,False,3.6976382732391357,0.00031839829171076417,0.0011773217095636807
127256,119.5,6.296171341091394e-05,13,lag_09__T4__duck_amount,T4__duck_amount,False,-2.6546096801757812,0.00043730647303164005,-0.001160877996513321
127256,119.5,6.296171341091394e-05,14,lag_15__CT2__is_walking,CT2__is_walking,False,2.360051155090332,-0.00043083936907351017,-0.0010168029506403276
127256,119.5,6.296171341091394e-05,15,lag_03__T2__duck_amount,T2__duck_amount,False,3.8233180046081543,-0.00026269908994436264,-0.0010043821603784586
127256,119.5,6.296171341091394e-05,16,lag_14__T2__is_walking,T2__is_walking,False,2.2968344688415527,0.0004084695829078555,0.0009381870174960949
127256,119.5,6.296171341091394e-05,17,lag_14__T3__is_walking,T3__is_walking,False,2.3223767280578613,-0.00037350942147895694,-0.0008674295881530847
127256,119.5,6.296171341091394e-05,18,lag_02__CT_duck_amount_mean,CT_duck_amount_mean,False,5.988534450531006,-0.00014072506746742874,-0.0008427369145819971
127256,119.5,6.296171341091394e-05,19,lag_01__CT_kills_last_3s,CT_kills_last_3s,False,-2.8871407508850098,0.000288900249870494,-0.000834095684341965
127256,119.5,6.296171341091394e-05,20,lag_03__CT_velocity_mean,CT_velocity_mean,False,2.281797409057617,-0.00032755310530774295,-0.0007474098270199847
127480,123.0,-6.0451216995716095e-05,1,lag_07__T3__duck_amount,T3__duck_amount,False,-3.7704498767852783,-0.0008297670283354819,0.003128594989748004
127480,123.0,-6.0451216995716095e-05,2,lag_14__T_place_PIT,T_place_PIT,False,-6.3102264404296875,-0.0003434673708397895,0.0021673568848981084
127480,123.0,-6.0451216995716095e-05,3,lag_10__T2__shots_fired,T2__shots_fired,False,-4.118566036224365,-0.0004990908782929182,0.0020555387403266012
127480,123.0,-6.0451216995716095e-05,4,lag_10__T3__shots_fired,T3__shots_fired,False,-4.238994121551514,0.0004715117102023214,-0.0019987353677903413
127480,123.0,-6.0451216995716095e-05,5,lag_07__T2__duck_amount,T2__duck_amount,False,-3.8233180046081543,0.0004784164484590292,-0.0018291382210940954
127480,123.0,-6.0451216995716095e-05,6,lag_10__T2__duck_amount,T2__duck_amount,False,3.8233180046081543,-0.0003491787938401103,-0.0013350215693162526
127480,123.0,-6.0451216995716095e-05,7,lag_03__T3__duck_amount,T3__duck_amount,False,-3.7704498767852783,0.0003396302054170519,-0.0012805586661672821
127480,123.0,-6.0451216995716095e-05,8,lag_07__CT2__duck_amount,CT2__duck_amount,False,3.8097944259643555,0.0003347429446876049,0.0012753018048017317
127480,123.0,-6.0451216995716095e-05,9,lag_04__T_duck_amount_mean,T_duck_amount_mean,False,1.938624620437622,-0.0005479127285070717,-0.0010621971053349638
127480,123.0,-6.0451216995716095e-05,10,lag_09__CT2__duck_amount,CT2__duck_amount,False,3.8097944259643555,-0.00025416503194719553,-0.0009683165219874779
127480,123.0,-6.0451216995716095e-05,11,lag_11__T3__shots_fired,T3__shots_fired,False,3.027853012084961,-0.0003010350337717682,-0.0009114898337489463
127480,123.0,-6.0451216995716095e-05,12,lag_11__T_shots_fired_sum,T_shots_fired_sum,False,7.49737024307251,-0.00011616013944149017,-0.0008708955728797818
127480,123.0,-6.0451216995716095e-05,13,lag_15__T4__is_scoped,T4__is_scoped,False,4.644811153411865,0.00016171994502656162,0.0007511586043885271
127480,123.0,-6.0451216995716095e-05,14,lag_08__T1__is_walking,T1__is_walking,False,2.281590461730957,-0.0003247926651965827,-0.0007410438469526992
127480,123.0,-6.0451216995716095e-05,15,lag_04__T3__duck_amount,T3__duck_amount,False,3.7704498767852783,-0.00018243497470393777,-0.0006878619278937875
127480,123.0,-6.0451216995716095e-05,16,lag_07__T1__is_walking,T1__is_walking,False,-2.281590461730957,0.00030015932861715555,-0.00068484066117247
127480,123.0,-6.0451216995716095e-05,17,lag_11__T2__shots_fired,T2__shots_fired,False,2.9418327808380127,0.00022609144798479974,0.0006651232331488163
127480,123.0,-6.0451216995716095e-05,18,lag_12__T_shots_fired_sum,T_shots_fired_sum,False,2.998948335647583,-0.0002027835143962875,-0.0006081372829955141
127480,123.0,-6.0451216995716095e-05,19,lag_10__T_shots_fired_sum,T_shots_fired_sum,False,-10.496318817138672,5.232518014963716e-05,-0.0005492217730148075
127480,123.0,-6.0451216995716095e-05,20,lag_05__CT_place_TOPOFMID,CT_place_TOPOFMID,False,3.6288270950317383,0.00013331847731024027,0.0004837897027317739
126872,113.5,-5.61779597774148e-05,1,lag_13__T_place_GRAVEYARD,T_place_GRAVEYARD,False,19.65784454345703,-0.0010063608642667532,-0.019782885424374896
126872,113.5,-5.61779597774148e-05,2,lag_01__T_place_BALCONY,T_place_BALCONY,False,-13.751577377319336,-0.0011894683120772243,0.016357065531399373
126872,113.5,-5.61779597774148e-05,3,lag_07__T_place_BALCONY,T_place_BALCONY,False,13.751577377319336,0.0005254644784145057,0.007225965433949821
126872,113.5,-5.61779597774148e-05,4,lag_00__T_kills_last_3s,T_kills_last_3s,False,-3.1681017875671387,-0.0015966312494128942,0.005058290315350544
126872,113.5,-5.61779597774148e-05,5,lag_00__kill_diff_last_3s,kill_diff_last_3s,False,2.4069459438323975,0.0016697304090484977,0.004018950835352891
126872,113.5,-5.61779597774148e-05,6,lag_14__CT2__duck_amount,CT2__duck_amount,False,3.8097944259643555,-0.00046352235949598253,-0.0017659249015176404
126872,113.5,-5.61779597774148e-05,7,lag_05__T1__shots_fired,T1__shots_fired,False,-6.574345588684082,0.0002617694262880832,-0.0017209626729694227
126872,113.5,-5.61779597774148e-05,8,lag_05__CT_duck_amount_mean,CT_duck_amount_mean,False,-5.988534450531006,0.0002677079173736274,-0.0016031780858718758
126872,113.5,-5.61779597774148e-05,9,lag_07__T2__duck_amount,T2__duck_amount,False,-3.3454031944274902,0.0004784164484590292,-0.001600495914941491
126872,113.5,-5.61779597774148e-05,10,lag_05__T_shots_fired_sum,T_shots_fired_sum,False,-8.24710750579834,-0.00018803225248120725,0.0015507222007699328
126872,113.5,-5.61779597774148e-05,11,lag_13__CT2__duck_amount,CT2__duck_amount,False,-3.8097944259643555,-0.00034235691418871284,0.0013043094633665153
126872,113.5,-5.61779597774148e-05,12,lag_06__T1__duck_amount,T1__duck_amount,False,-2.898404598236084,0.00041631876956671476,-0.0012066602360441547
126872,113.5,-5.61779597774148e-05,13,lag_09__CT_place_LIBRARY,CT_place_LIBRARY,False,-6.411735534667969,-0.00018677295884117484,0.0011975388171170387
126872,113.5,-5.61779597774148e-05,14,lag_07__T_bomb_zone_count,T_bomb_zone_count,False,-5.821373462677002,-0.0001937455526785925,0.0011278652188748475
126872,113.5,-5.61779597774148e-05,15,lag_12__T4__flash_duration,T4__flash_duration,True,-6.295469284057617,-0.00017882423708215356,0.0011257824917957349
126872,113.5,-5.61779597774148e-05,16,lag_11__kill_diff_last_3s,kill_diff_last_3s,False,-2.4069459438323975,0.0004664371663238853,-0.0011226890455359531
126872,113.5,-5.61779597774148e-05,17,lag_05__CT2__duck_amount,CT2__duck_amount,False,-3.8097944259643555,0.0002463442797306925,-0.0009385210637861963
126872,113.5,-5.61779597774148e-05,18,lag_11__CT_place_PIT,CT_place_PIT,False,-4.305429458618164,0.0002079895930364728,-0.0008954845209452333
126872,113.5,-5.61779597774148e-05,19,lag_06__T_kills_last_3s,T_kills_last_3s,False,3.1681017875671387,0.0002791396400425583,0.0008843427925996766
126872,113.5,-5.61779597774148e-05,20,lag_05__kill_diff_last_3s,kill_diff_last_3s,False,2.4069459438323975,-0.00036400335375219584,-0.0008761363958552371
126936,114.5,4.889408592134714e-05,1,lag_15__T_place_GRAVEYARD,T_place_GRAVEYARD,False,19.65784454345703,-0.0002562573936302215,-0.00503746800709437
126936,114.5,4.889408592134714e-05,2,lag_11__CT_place_LIBRARY,CT_place_LIBRARY,False,-6.411735534667969,-0.0005483959103003144,0.003516169545139114
126936,114.5,4.889408592134714e-05,3,lag_09__T_bomb_zone_count,T_bomb_zone_count,False,-5.821373462677002,-0.0004507429839577526,0.0026239432452995065
126936,114.5,4.889408592134714e-05,4,lag_14__T_place_PIT,T_place_PIT,False,6.3102264404296875,-0.0003434673708397895,-0.0021673568848981084
126936,114.5,4.889408592134714e-05,5,lag_13__T3__duck_amount,T3__duck_amount,False,-2.9432532787323,0.000605045526754111,-0.0017808022304013488
126936,114.5,4.889408592134714e-05,6,lag_14__T3__duck_amount,T3__duck_amount,False,2.9432532787323,0.0005507018067874014,0.0016208548984308208
126936,114.5,4.889408592134714e-05,7,lag_00__T4__duck_amount,T4__duck_amount,False,3.6976382732391357,-0.00042046597809530795,-0.0015547310932001387
126936,114.5,4.889408592134714e-05,8,lag_03__T_place_BALCONY,T_place_BALCONY,False,-13.751577377319336,-0.0001041392024490051,0.0014320783004898169
126936,114.5,4.889408592134714e-05,9,lag_07__CT2__duck_amount,CT2__duck_amount,False,-3.8097944259643555,0.0003347429446876049,-0.0012753018048017317
126936,114.5,4.889408592134714e-05,10,lag_09__T_place_BALCONY,T_place_BALCONY,False,13.751577377319336,8.928103488869965e-05,0.0012277550595991005
126936,114.5,4.889408592134714e-05,11,lag_07__T_shots_fired_sum,T_shots_fired_sum,False,-8.24710750579834,0.00013292270887177438,-0.001096227870027458
126936,114.5,4.889408592134714e-05,12,lag_09__CT_shots_fired_sum,CT_shots_fired_sum,False,1.389482021331787,0.0007826819201000035,0.0010875224564003971
126936,114.5,4.889408592134714e-05,13,lag_13__CT_place_PIT,CT_place_PIT,False,-4.305429458618164,-0.00024701302754692733,0.001063497165463001
126936,114.5,4.889408592134714e-05,14,lag_09__T2__duck_amount,T2__duck_amount,False,-3.3454031944274902,0.0002876898506656289,-0.0009624385454211626
126936,114.5,4.889408592134714e-05,15,lag_07__T1__shots_fired,T1__shots_fired,False,-6.574345588684082,-0.00013250592746771872,0.0008711397597218895
126936,114.5,4.889408592134714e-05,16,lag_04__T3__is_walking,T3__is_walking,False,2.3223767280578613,0.00036516980617307127,0.0008480618596457407
126936,114.5,4.889408592134714e-05,17,lag_08__T_kills_last_3s,T_kills_last_3s,False,3.1681017875671387,-0.0002470289764460176,-0.000782612941859509
126936,114.5,4.889408592134714e-05,18,lag_00__T_duck_amount_mean,T_duck_amount_mean,False,1.4539684057235718,-0.0004539376823231578,-0.0006600110482652549
126936,114.5,4.889408592134714e-05,19,lag_14__T4__flash_duration,T4__flash_duration,True,-6.295469284057617,-9.889166540233418e-05,0.0006225694419896982
126936,114.5,4.889408592134714e-05,20,lag_05__CT2__is_walking,CT2__is_walking,False,2.360051155090332,-0.0002599559666123241,-0.0006135093792760393
127512,123.5,4.76206187158823e-05,1,lag_15__CT_shots_fired_sum,CT_shots_fired_sum,False,2.778964042663574,-0.0007539220969192684,-0.002095122398308169
127512,123.5,4.76206187158823e-05,2,lag_09__T3__duck_amount,T3__duck_amount,False,3.7704498767852783,-0.0004805804055649787,-0.001812004330947893
127512,123.5,4.76206187158823e-05,3,lag_12__T_shots_fired_sum,T_shots_fired_sum,False,7.49737024307251,-0.0002027835143962875,-0.0015203430866203918
127512,123.5,4.76206187158823e-05,4,lag_11__T3__shots_fired,T3__shots_fired,False,-4.238994121551514,-0.0003010350337717682,0.0012760857385395868
127512,123.5,4.76206187158823e-05,5,lag_07__CT2__duck_amount,CT2__duck_amount,False,-3.8097944259643555,0.0003347429446876049,-0.0012753018048017317
127512,123.5,4.76206187158823e-05,6,lag_11__T_shots_fired_sum,T_shots_fired_sum,False,-10.496318817138672,-0.00011616013944149017,0.0012192538574211653
127512,123.5,4.76206187158823e-05,7,lag_04__T_duck_amount_mean,T_duck_amount_mean,False,-1.938624620437622,-0.0005479127285070717,0.0010621971053349638
127512,123.5,4.76206187158823e-05,8,lag_09__CT2__duck_amount,CT2__duck_amount,False,-3.8097944259643555,-0.00025416503194719553,0.0009683165219874779
127512,123.5,4.76206187158823e-05,9,lag_10__CT_duck_amount_mean,CT_duck_amount_mean,False,5.988534450531006,0.0001594846835359931,0.0009550795216873298
127512,123.5,4.76206187158823e-05,10,lag_11__T2__shots_fired,T2__shots_fired,False,-4.118566036224365,0.00022609144798479974,-0.0009311725587509839
127512,123.5,4.76206187158823e-05,11,lag_05__T3__duck_amount,T3__duck_amount,False,3.7704498767852783,0.00020415440667420626,0.0007697539574899326
127512,123.5,4.76206187158823e-05,12,lag_06__CT_place_ARCH,CT_place_ARCH,False,-4.080447673797607,-0.00018434850790072232,0.0007522244402315623
127512,123.5,4.76206187158823e-05,13,lag_08__T1__is_walking,T1__is_walking,False,-2.281590461730957,-0.0003247926651965827,0.0007410438469526992
127512,123.5,4.76206187158823e-05,14,lag_04__T3__duck_amount,T3__duck_amount,False,-3.7704498767852783,-0.00018243497470393777,0.0006878619278937875
127512,123.5,4.76206187158823e-05,15,lag_07__T1__is_walking,T1__is_walking,False,2.281590461730957,0.00030015932861715555,0.00068484066117247
127512,123.5,4.76206187158823e-05,16,lag_08__T2__duck_amount,T2__duck_amount,False,-3.8233180046081543,0.00017035132623277605,-0.00065130729269465
127512,123.5,4.76206187158823e-05,17,lag_09__T1__is_walking,T1__is_walking,False,2.281590461730957,-0.00027209060499444604,-0.0006207993290819336
127512,123.5,4.76206187158823e-05,18,lag_15__T_place_PIT,T_place_PIT,False,-6.3102264404296875,-9.705979027785361e-05,0.0006124692549138722
127512,123.5,4.76206187158823e-05,19,lag_12__T1__is_walking,T1__is_walking,False,-2.281590461730957,0.000268021656665951,-0.0006115156553863632
127512,123.5,4.76206187158823e-05,20,lag_12__T3__shots_fired,T3__shots_fired,False,3.027853012084961,-0.0001944454706972465,-0.0005887523041369358
122040,38.0,4.5239925384521484e-05,1,lag_11__T4__flash_duration,T4__flash_duration,True,7.262770175933838,-0.0005426176940090954,-0.003940907604983251
122040,38.0,4.5239925384521484e-05,2,lag_00__CT4__flash_duration,CT4__flash_duration,True,5.9389777183532715,0.0006100274040363729,0.003622939160156907
122040,38.0,4.5239925384521484e-05,3,lag_07__T3__duck_amount,T3__duck_amount,False,3.7704498767852783,-0.0008297670283354819,-0.003128594989748004
122040,38.0,4.5239925384521484e-05,4,lag_02__T_place_DECK,T_place_DECK,False,-24.256479263305664,-0.00012829889601562172,0.003112079510707938
122040,38.0,4.5239925384521484e-05,5,lag_13__T3__duck_amount,T3__duck_amount,False,-3.7704498767852783,0.000605045526754111,-0.002281293831799522
122040,38.0,4.5239925384521484e-05,6,lag_02__CT2__duck_amount,CT2__duck_amount,False,3.8097944259643555,-0.0005480936379171908,-0.002088124086643439
122040,38.0,4.5239925384521484e-05,7,lag_15__T3__is_walking,T3__is_walking,False,-2.3223767280578613,0.0007450400153174996,-0.0017302635930452337
122040,38.0,4.5239925384521484e-05,8,lag_00__CT_flashed_players,CT_flashed_players,False,2.1899399757385254,0.0007712539518252015,0.0016889998605483236
122040,38.0,4.5239925384521484e-05,9,lag_05__CT3__duck_amount,CT3__duck_amount,False,-3.7208433151245117,-0.0004106589185539633,0.0015279974918977757
122040,38.0,4.5239925384521484e-05,10,lag_00__damage_diff_last_5s,damage_diff_last_5s,False,1.2182284593582153,0.0012363108107820153,0.0015061090143068806
122040,38.0,4.5239925384521484e-05,11,lag_12__CT2__is_walking,CT2__is_walking,False,2.360051155090332,-0.0005939917173236609,-0.0014018508385837958
122040,38.0,4.5239925384521484e-05,12,lag_11__T_flash_duration_sum,T_flash_duration_sum,True,2.9531896114349365,0.00046607301919721067,0.0013764019984633183
122040,38.0,4.5239925384521484e-05,13,lag_15__T3__duck_amount,T3__duck_amount,False,3.7704498767852783,-0.00035632168874144554,-0.0013434930674111056
122040,38.0,4.5239925384521484e-05,14,lag_03__T3__duck_amount,T3__duck_amount,False,-3.7704498767852783,0.0003396302054170519,-0.0012805586661672821
122040,38.0,4.5239925384521484e-05,15,lag_14__T4__is_walking,T4__is_walking,False,-2.307980537414551,0.0005385952536016703,-0.0012430673628565092
122040,38.0,4.5239925384521484e-05,16,lag_15__CT2__is_walking,CT2__is_walking,False,-2.360051155090332,-0.00043083936907351017,0.0010168029506403276
122040,38.0,4.5239925384521484e-05,17,lag_03__T3__is_walking,T3__is_walking,False,2.3223767280578613,-0.0004129338776692748,-0.0009589880277258156
122040,38.0,4.5239925384521484e-05,18,lag_15__CT4__is_walking,CT4__is_walking,False,2.384641170501709,0.0003982839407399297,0.0009497642826380992
122040,38.0,4.5239925384521484e-05,19,lag_15__CT_place_BANANA,CT_place_BANANA,False,-2.9603395462036133,-0.0003146057133562863,0.0009313397347102126
122040,38.0,4.5239925384521484e-05,20,lag_11__CT2__is_walking,CT2__is_walking,False,-2.360051155090332,0.0003682550450321287,-0.0008691007443959176
127704,126.5,3.7765828892588615e-05,1,lag_01__T_place_BALCONY,T_place_BALCONY,False,-13.751577377319336,-0.0011894683120772243,0.016357065531399373
127704,126.5,3.7765828892588615e-05,2,lag_01__T_place_PIT,T_place_PIT,False,6.3102264404296875,-0.001360524445772171,-0.0085852173305625
127704,126.5,3.7765828892588615e-05,3,lag_14__T3__duck_amount,T3__duck_amount,False,-3.7704498767852783,0.0005507018067874014,-0.002076393559546988
127704,126.5,3.7765828892588615e-05,4,lag_13__CT_duck_amount_mean,CT_duck_amount_mean,False,-5.988534450531006,0.0003240414953324944,-0.0019405336582002247
127704,126.5,3.7765828892588615e-05,5,lag_14__CT2__duck_amount,CT2__duck_amount,False,3.8097944259643555,-0.00046352235949598253,-0.0017659249015176404
127704,126.5,3.7765828892588615e-05,6,lag_15__T3__duck_amount,T3__duck_amount,False,3.7704498767852783,-0.00035632168874144554,-0.0013434930674111056
127704,126.5,3.7765828892588615e-05,7,lag_13__CT2__duck_amount,CT2__duck_amount,False,-3.8097944259643555,-0.00034235691418871284,0.0013043094633665153
127704,126.5,3.7765828892588615e-05,8,lag_14__T2__duck_amount,T2__duck_amount,False,-3.8233180046081543,-0.0002819385554175824,0.0010779407551212566
127704,126.5,3.7765828892588615e-05,9,lag_11__T2__is_walking,T2__is_walking,False,-2.2968344688415527,0.0004402948834467679,-0.0010112844647551106
127704,126.5,3.7765828892588615e-05,10,lag_03__T3__is_walking,T3__is_walking,False,2.3223767280578613,-0.0004129338776692748,-0.0009589880277258156
127704,126.5,3.7765828892588615e-05,11,lag_12__CT_place_ARCH,CT_place_ARCH,False,-4.080447673797607,0.00020850097644142807,-0.0008507773243049549
127704,126.5,3.7765828892588615e-05,12,lag_10__T3__duck_amount,T3__duck_amount,False,-3.7704498767852783,-0.00020265740749891847,0.0007641095971339211
127704,126.5,3.7765828892588615e-05,13,lag_03__T1__is_walking,T1__is_walking,False,-2.281590461730957,0.00033243795041926205,-0.0007584872567939771
127704,126.5,3.7765828892588615e-05,14,lag_11__T3__duck_amount,T3__duck_amount,False,3.7704498767852783,0.00018992852710653096,0.0007161159916268291
127704,126.5,3.7765828892588615e-05,15,lag_07__T1__is_walking,T1__is_walking,False,-2.281590461730957,0.00030015932861715555,-0.00068484066117247
127704,126.5,3.7765828892588615e-05,16,lag_14__T_duck_amount_mean,T_duck_amount_mean,False,-3.877249002456665,0.0001596992660779506,-0.0006191938200937955
127704,126.5,3.7765828892588615e-05,17,lag_15__CT2__duck_amount,CT2__duck_amount,False,-3.8097944259643555,-0.00014918911620043218,0.000568379863314955
127704,126.5,3.7765828892588615e-05,18,lag_05__T2__is_walking,T2__is_walking,False,2.2968344688415527,0.00020874658366665244,0.0004794563486184844
127704,126.5,3.7765828892588615e-05,19,lag_06__T1__is_walking,T1__is_walking,False,2.281590461730957,-0.0002062799467239529,-0.0004706463588917409
127704,126.5,3.7765828892588615e-05,20,lag_06__T2__is_walking,T2__is_walking,False,-2.2968344688415527,0.00019905308727174997,-0.0004571919919750811
127640,125.5,-3.7623802199959755e-05,1,lag_13__T3__duck_amount,T3__duck_amount,False,3.7704498767852783,0.000605045526754111,0.002281293831799522
127640,125.5,-3.7623802199959755e-05,2,lag_13__CT_duck_amount_mean,CT_duck_amount_mean,False,-5.988534450531006,0.0003240414953324944,-0.0019405336582002247
127640,125.5,-3.7623802199959755e-05,3,lag_09__T3__duck_amount,T3__duck_amount,False,3.7704498767852783,-0.0004805804055649787,-0.001812004330947893
127640,125.5,-3.7623802199959755e-05,4,lag_14__CT2__duck_amount,CT2__duck_amount,False,3.8097944259643555,-0.00046352235949598253,-0.0017659249015176404
127640,125.5,-3.7623802199959755e-05,5,lag_12__CT2__duck_amount,CT2__duck_amount,False,3.8097944259643555,0.0004578091611620039,0.0017441587903504197
127640,125.5,-3.7623802199959755e-05,6,lag_15__T_shots_fired_sum,T_shots_fired_sum,False,-10.496318817138672,-0.00015708190039731562,0.0016487817069722466
127640,125.5,-3.7623802199959755e-05,7,lag_13__CT2__duck_amount,CT2__duck_amount,False,-3.8097944259643555,-0.00034235691418871284,0.0013043094633665153
127640,125.5,-3.7623802199959755e-05,8,lag_12__T_duck_amount_mean,T_duck_amount_mean,False,-3.877249002456665,0.00030070022330619395,-0.001165889640852437
127640,125.5,-3.7623802199959755e-05,9,lag_12__CT_duck_amount_mean,CT_duck_amount_mean,False,5.988534450531006,0.00014540579286403954,0.0008707675998730763
127640,125.5,-3.7623802199959755e-05,10,lag_11__CT2__duck_amount,CT2__duck_amount,False,-3.8097944259643555,0.00022204955166671425,-0.0008459631442277321
127640,125.5,-3.7623802199959755e-05,11,lag_15__CT_velocity_mean,CT_velocity_mean,False,2.281797409057617,0.0003249151341151446,0.0007413905111875452
127640,125.5,-3.7623802199959755e-05,12,lag_10__T2__is_walking,T2__is_walking,False,2.2968344688415527,-0.0003049870138056576,-0.0007005046858578889
127640,125.5,-3.7623802199959755e-05,13,lag_12__T1__is_walking,T1__is_walking,False,-2.281590461730957,0.000268021656665951,-0.0006115156553863632
127640,125.5,-3.7623802199959755e-05,14,lag_15__T2__duck_amount,T2__duck_amount,False,3.8233180046081543,-0.0001485953398514539,-0.0005681272382549313
127640,125.5,-3.7623802199959755e-05,15,lag_03__T2__is_walking,T2__is_walking,False,2.2968344688415527,0.0002332256262889132,0.0005356806574775344
127640,125.5,-3.7623802199959755e-05,16,lag_09__damage_diff_last_5s,damage_diff_last_5s,False,-1.6017448902130127,-0.0002845782437361777,0.0004558217477702159
127640,125.5,-3.7623802199959755e-05,17,lag_15__T3__shots_fired,T3__shots_fired,False,-4.238994121551514,-0.00010403868509456515,0.00044101937452981077
127640,125.5,-3.7623802199959755e-05,18,lag_11__CT_duck_amount_mean,CT_duck_amount_mean,False,-5.988534450531006,7.335852569667622e-05,-0.00043931005837470963
127640,125.5,-3.7623802199959755e-05,19,lag_01__T3__is_walking,T3__is_walking,False,2.3223767280578613,0.00018726431881077588,0.0004348982960017539
127640,125.5,-3.7623802199959755e-05,20,lag_12__T3__duck_amount,T3__duck_amount,False,-3.7704498767852783,9.668378334026784e-05,-0.0003645413589824474
127096,117.0,3.608572296798229e-05,1,lag_02__T_place_PIT,T_place_PIT,False,-6.3102264404296875,-0.0004979694494977593,0.003142299986746977
127096,117.0,3.608572296798229e-05,2,lag_08__T_place_BALCONY,T_place_BALCONY,False,-13.751577377319336,-0.00022411263489630073,0.003081902240011397
127096,117.0,3.608572296798229e-05,3,lag_14__CT_place_ARCH,CT_place_ARCH,False,4.080447673797607,-0.0005219546728767455,-0.002129808730767707
127096,117.0,3.608572296798229e-05,4,lag_14__T_place_BALCONY,T_place_BALCONY,False,13.751577377319336,0.00014580889546778053,0.0020051023083266506
127096,117.0,3.608572296798229e-05,5,lag_13__CT_duck_amount_mean,CT_duck_amount_mean,False,5.8474931716918945,0.0003240414953324944,0.0018948304313015918
127096,117.0,3.608572296798229e-05,6,lag_12__CT2__duck_amount,CT2__duck_amount,False,-3.8097944259643555,0.0004578091611620039,-0.0017441587903504197
127096,117.0,3.608572296798229e-05,7,lag_12__T_shots_fired_sum,T_shots_fired_sum,False,-8.24710750579834,-0.0002027835143962875,0.0016723774436297884
127096,117.0,3.608572296798229e-05,8,lag_03__T_place_BALCONY,T_place_BALCONY,False,13.751577377319336,-0.0001041392024490051,-0.0014320783004898169
127096,117.0,3.608572296798229e-05,9,lag_01__CT_shots_fired_sum,CT_shots_fired_sum,False,-2.778964042663574,0.0004898659535683692,-0.0013613198706916019
127096,117.0,3.608572296798229e-05,10,lag_13__CT2__duck_amount,CT2__duck_amount,False,3.8097944259643555,-0.00034235691418871284,-0.0013043094633665153
127096,117.0,3.608572296798229e-05,11,lag_14__T1__duck_amount,T1__duck_amount,False,2.898404598236084,0.0003490946546662599,0.0010118175523043255
127096,117.0,3.608572296798229e-05,12,lag_14__T2__duck_amount,T2__duck_amount,False,-3.3454031944274902,-0.0002819385554175824,0.0009431981439262521
127096,117.0,3.608572296798229e-05,13,lag_07__CT2__is_walking,CT2__is_walking,False,-2.360051155090332,0.00038290611701086164,-0.0009036780237426378
127096,117.0,3.608572296798229e-05,14,lag_12__CT_duck_amount_mean,CT_duck_amount_mean,False,-5.988534450531006,0.00014540579286403954,-0.0008707675998730763
127096,117.0,3.608572296798229e-05,15,lag_09__T3__is_walking,T3__is_walking,False,2.3223767280578613,0.00036043141153641045,0.0008370575222132054
127096,117.0,3.608572296798229e-05,16,lag_10__T2__is_walking,T2__is_walking,False,-2.2968344688415527,-0.0003049870138056576,0.0007005046858578889
127096,117.0,3.608572296798229e-05,17,lag_14__T_place_APARTMENTS,T_place_APARTMENTS,False,-2.288959264755249,0.0002994941605720669,-0.0006855299335815287
127096,117.0,3.608572296798229e-05,18,lag_07__T1__is_walking,T1__is_walking,False,-2.281590461730957,0.00030015932861715555,-0.00068484066117247
127096,117.0,3.608572296798229e-05,19,lag_03__T4__is_scoped,T4__is_scoped,False,4.644811153411865,-0.0001392539998050779,-0.0006468085314518396
127096,117.0,3.608572296798229e-05,20,lag_09__T1__is_walking,T1__is_walking,False,2.281590461730957,-0.00027209060499444604,-0.0006207993290819336
127128,117.5,3.47713939845562e-05,1,lag_03__T_place_PIT,T_place_PIT,False,-6.3102264404296875,-0.0005178432911634445,0.0032677084278986968
127128,117.5,3.47713939845562e-05,2,lag_04__T_place_BALCONY,T_place_BALCONY,False,13.751577377319336,0.00016187154687941074,0.002225989102098591
127128,117.5,3.47713939845562e-05,3,lag_13__CT_duck_amount_mean,CT_duck_amount_mean,False,-5.988534450531006,0.0003240414953324944,-0.0019405336582002247
127128,117.5,3.47713939845562e-05,4,lag_14__CT2__duck_amount,CT2__duck_amount,False,3.8097944259643555,-0.00046352235949598253,-0.0017659249015176404
127128,117.5,3.47713939845562e-05,5,lag_06__T4__duck_amount,T4__duck_amount,False,3.6976382732391357,0.0004179595853202045,0.0015454633593471462
127128,117.5,3.47713939845562e-05,6,lag_13__CT2__duck_amount,CT2__duck_amount,False,-3.8097944259643555,-0.00034235691418871284,0.0013043094633665153
127128,117.5,3.47713939845562e-05,7,lag_15__CT_place_ARCH,CT_place_ARCH,False,4.080447673797607,-0.0003047497011721134,-0.0012435152092382662
127128,117.5,3.47713939845562e-05,8,lag_09__T_place_BALCONY,T_place_BALCONY,False,-13.751577377319336,8.928103488869965e-05,-0.0012277550595991005
127128,117.5,3.47713939845562e-05,9,lag_15__CT_shots_fired_sum,CT_shots_fired_sum,False,1.389482021331787,-0.0007539220969192684,-0.0010475611991540845
127128,117.5,3.47713939845562e-05,10,lag_14__T1__duck_amount,T1__duck_amount,False,-2.898404598236084,0.0003490946546662599,-0.0010118175523043255
127128,117.5,3.47713939845562e-05,11,lag_10__T3__is_walking,T3__is_walking,False,2.3223767280578613,0.0004356538411229849,0.001011752342113037
127128,117.5,3.47713939845562e-05,12,lag_11__T2__is_walking,T2__is_walking,False,-2.2968344688415527,0.0004402948834467679,-0.0010112844647551106
127128,117.5,3.47713939845562e-05,13,lag_11__CT2__is_walking,CT2__is_walking,False,2.360051155090332,0.0003682550450321287,0.0008691007443959176
127128,117.5,3.47713939845562e-05,14,lag_08__T_kills_last_3s,T_kills_last_3s,False,-3.1681017875671387,-0.0002470289764460176,0.000782612941859509
127128,117.5,3.47713939845562e-05,15,lag_08__T1__is_walking,T1__is_walking,False,-2.281590461730957,-0.0003247926651965827,0.0007410438469526992
127128,117.5,3.47713939845562e-05,16,lag_10__T2__is_walking,T2__is_walking,False,2.2968344688415527,-0.0003049870138056576,-0.0007005046858578889
127128,117.5,3.47713939845562e-05,17,lag_07__T1__is_walking,T1__is_walking,False,2.281590461730957,0.00030015932861715555,0.00068484066117247
127128,117.5,3.47713939845562e-05,18,lag_09__damage_diff_last_5s,damage_diff_last_5s,False,2.255978584289551,-0.0002845782437361777,-0.0006420024234235489
127128,117.5,3.47713939845562e-05,19,lag_13__T2__is_walking,T2__is_walking,False,2.2968344688415527,0.00027503244928084314,0.0006317040095581566
127128,117.5,3.47713939845562e-05,20,lag_00__T_shots_fired_sum,T_shots_fired_sum,False,7.49737024307251,-7.969575381139293e-05,-0.0005975085731247699
127064,116.5,-2.3940810933709145e-05,1,lag_13__T_place_BALCONY,T_place_BALCONY,False,13.751577377319336,-0.0006514210253953934,-0.008958066635937456
127064,116.5,-2.3940810933709145e-05,2,lag_01__T_place_PIT,T_place_PIT,False,-6.3102264404296875,-0.001360524445772171,0.0085852173305625
127064,116.5,-2.3940810933709145e-05,3,lag_07__T_place_BALCONY,T_place_BALCONY,False,-13.751577377319336,0.0005254644784145057,-0.007225965433949821
127064,116.5,-2.3940810933709145e-05,4,lag_02__T_place_BALCONY,T_place_BALCONY,False,13.751577377319336,0.0001789078232832253,0.0024602647752870466
127064,116.5,-2.3940810933709145e-05,5,lag_12__CT2__duck_amount,CT2__duck_amount,False,3.8097944259643555,0.0004578091611620039,0.0017441587903504197
127064,116.5,-2.3940810933709145e-05,6,lag_01__kill_diff_last_3s,kill_diff_last_3s,False,2.4069459438323975,0.0005806471453979611,0.001397586291413483
127064,116.5,-2.3940810933709145e-05,7,lag_01__CT_shots_fired_sum,CT_shots_fired_sum,False,2.778964042663574,0.0004898659535683692,0.0013613198706916019
127064,116.5,-2.3940810933709145e-05,8,lag_11__kill_diff_last_3s,kill_diff_last_3s,False,2.4069459438323975,0.0004664371663238853,0.0011226890455359531
127064,116.5,-2.3940810933709145e-05,9,lag_11__T2__is_walking,T2__is_walking,False,2.2968344688415527,0.0004402948834467679,0.0010112844647551106
127064,116.5,-2.3940810933709145e-05,10,lag_11__T_shots_fired_sum,T_shots_fired_sum,False,-8.24710750579834,-0.00011616013944149017,0.0009579851578624954
127064,116.5,-2.3940810933709145e-05,11,lag_06__T_kills_last_3s,T_kills_last_3s,False,-3.1681017875671387,0.0002791396400425583,-0.0008843427925996766
127064,116.5,-2.3940810933709145e-05,12,lag_03__T4__duck_amount,T4__duck_amount,False,-2.6546096801757812,-0.00032167002791538835,0.0008539083699266037
127064,116.5,-2.3940810933709145e-05,13,lag_12__CT_duck_amount_mean,CT_duck_amount_mean,False,5.8474931716918945,0.00014540579286403954,0.0008502593808969172
127064,116.5,-2.3940810933709145e-05,14,lag_11__CT2__duck_amount,CT2__duck_amount,False,-3.8097944259643555,0.00022204955166671425,-0.0008459631442277321
127064,116.5,-2.3940810933709145e-05,15,lag_07__damage_diff_last_5s,damage_diff_last_5s,False,2.255978584289551,-0.0003710717137437314,-0.0008371298394414806
127064,116.5,-2.3940810933709145e-05,16,lag_01__CT_kills_last_3s,CT_kills_last_3s,False,2.8871407508850098,0.000288900249870494,0.000834095684341965
127064,116.5,-2.3940810933709145e-05,17,lag_15__CT_place_LIBRARY,CT_place_LIBRARY,False,-6.411735534667969,-0.0001277854316867888,0.00081932639315907
127064,116.5,-2.3940810933709145e-05,18,lag_06__kill_diff_last_3s,kill_diff_last_3s,False,2.4069459438323975,-0.0003384974552318454,-0.0008147450768678788
127064,116.5,-2.3940810933709145e-05,19,lag_04__T_duck_amount_mean,T_duck_amount_mean,False,1.4539684057235718,-0.0005479127285070717,-0.0007966477963430793
127064,116.5,-2.3940810933709145e-05,20,lag_13__T_bomb_zone_count,T_bomb_zone_count,False,-5.821373462677002,-0.00013517176557797939,0.0007868853290388458
126904,114.0,-1.9777799025177956e-05,1,lag_14__T_place_GRAVEYARD,T_place_GRAVEYARD,False,19.65784454345703,-0.0004258853441569954,-0.008371987888774912
126904,114.0,-1.9777799025177956e-05,2,lag_08__CT_place_ARCH,CT_place_ARCH,False,4.080447673797607,0.0009525534696877003,0.0038868445895550163
126904,114.0,-1.9777799025177956e-05,3,lag_08__T_place_BALCONY,T_place_BALCONY,False,13.751577377319336,-0.00022411263489630073,-0.003081902240011397
126904,114.0,-1.9777799025177956e-05,4,lag_02__T_place_BALCONY,T_place_BALCONY,False,-13.751577377319336,0.0001789078232832253,-0.0024602647752870466
126904,114.0,-1.9777799025177956e-05,5,lag_13__T3__duck_amount,T3__duck_amount,False,2.9432532787323,0.000605045526754111,0.0017808022304013488
126904,114.0,-1.9777799025177956e-05,6,lag_14__CT2__duck_amount,CT2__duck_amount,False,-3.8097944259643555,-0.00046352235949598253,0.0017659249015176404
126904,114.0,-1.9777799025177956e-05,7,lag_01__T_kills_last_3s,T_kills_last_3s,False,-3.1681017875671387,-0.0004472526197787374,0.0014169418242151038
126904,114.0,-1.9777799025177956e-05,8,lag_01__kill_diff_last_3s,kill_diff_last_3s,False,2.4069459438323975,0.0005806471453979611,0.001397586291413483
126904,114.0,-1.9777799025177956e-05,9,lag_07__CT2__duck_amount,CT2__duck_amount,False,3.8097944259643555,0.0003347429446876049,0.0012753018048017317
126904,114.0,-1.9777799025177956e-05,10,lag_08__T_bomb_zone_count,T_bomb_zone_count,False,-5.821373462677002,-0.00020573113579303026,0.001197637774351945
126904,114.0,-1.9777799025177956e-05,11,lag_14__T2__duck_amount,T2__duck_amount,False,3.8233180046081543,-0.0002819385554175824,-0.0010779407551212566
126904,114.0,-1.9777799025177956e-05,12,lag_09__T_velocity_mean,T_velocity_mean,False,-2.5104427337646484,0.0004063413944095373,-0.001020096801023218
126904,114.0,-1.9777799025177956e-05,13,lag_03__T3__is_walking,T3__is_walking,False,2.3223767280578613,-0.0004129338776692748,-0.0009589880277258156
126904,114.0,-1.9777799025177956e-05,14,lag_06__T_kills_last_3s,T_kills_last_3s,False,-3.1681017875671387,0.0002791396400425583,-0.0008843427925996766
126904,114.0,-1.9777799025177956e-05,15,lag_06__kill_diff_last_3s,kill_diff_last_3s,False,2.4069459438323975,-0.0003384974552318454,-0.0008147450768678788
126904,114.0,-1.9777799025177956e-05,16,lag_06__T_shots_fired_sum,T_shots_fired_sum,False,-8.24710750579834,-9.441264410270378e-05,0.0007786312258216757
126904,114.0,-1.9777799025177956e-05,17,lag_03__T1__is_walking,T1__is_walking,False,2.281590461730957,0.00033243795041926205,0.0007584872567939771
126904,114.0,-1.9777799025177956e-05,18,lag_10__CT_place_LIBRARY,CT_place_LIBRARY,False,-6.411735534667969,-0.00010870929691009223,0.0006970152619472092
126904,114.0,-1.9777799025177956e-05,19,lag_02__T_place_APARTMENTS,T_place_APARTMENTS,False,2.288959264755249,0.0002727363316807896,0.0006242823532361039
126904,114.0,-1.9777799025177956e-05,20,lag_12__T_shots_fired_sum,T_shots_fired_sum,False,2.998948335647583,-0.0002027835143962875,-0.0006081372829955141
127448,122.5,-7.851049304008484e-07,1,lag_07__T3__duck_amount,T3__duck_amount,False,3.7704498767852783,-0.0008297670283354819,-0.003128594989748004
127448,122.5,-7.851049304008484e-07,2,lag_06__T3__duck_amount,T3__duck_amount,False,-3.7704498767852783,-0.0007399225141853094,0.002789840752440653
127448,122.5,-7.851049304008484e-07,3,lag_09__T_shots_fired_sum,T_shots_fired_sum,False,-10.496318817138672,0.00022793433163315058,-0.002392471414192965
127448,122.5,-7.851049304008484e-07,4,lag_14__T_place_BALCONY,T_place_BALCONY,False,13.751577377319336,0.00014580889546778053,0.0020051023083266506
127448,122.5,-7.851049304008484e-07,5,lag_05__CT_duck_amount_mean,CT_duck_amount_mean,False,-5.988534450531006,0.0002677079173736274,-0.0016031780858718758
127448,122.5,-7.851049304008484e-07,6,lag_10__T2__shots_fired,T2__shots_fired,False,2.9418327808380127,-0.0004990908782929182,-0.0014682419063793417
127448,122.5,-7.851049304008484e-07,7,lag_10__T3__shots_fired,T3__shots_fired,False,3.027853012084961,0.0004715117102023214,0.00142766815196943
127448,122.5,-7.851049304008484e-07,8,lag_03__T3__duck_amount,T3__duck_amount,False,3.7704498767852783,0.0003396302054170519,0.0012805586661672821
127448,122.5,-7.851049304008484e-07,9,lag_07__CT2__duck_amount,CT2__duck_amount,False,-3.8097944259643555,0.0003347429446876049,-0.0012753018048017317
127448,122.5,-7.851049304008484e-07,10,lag_09__T2__duck_amount,T2__duck_amount,False,3.8233180046081543,0.0002876898506656289,0.0010999297857929302
127448,122.5,-7.851049304008484e-07,11,lag_05__CT2__duck_amount,CT2__duck_amount,False,-3.8097944259643555,0.0002463442797306925,-0.0009385210637861963
127448,122.5,-7.851049304008484e-07,12,lag_14__T2__is_walking,T2__is_walking,False,-2.2968344688415527,0.0004084695829078555,-0.0009381870174960949
127448,122.5,-7.851049304008484e-07,13,lag_01__T2__is_walking,T2__is_walking,False,2.2968344688415527,0.00039995761471800506,0.0009186364355599635
127448,122.5,-7.851049304008484e-07,14,lag_09__T2__shots_fired,T2__shots_fired,False,-4.118566036224365,0.00019997271010652184,-0.0008236008120164617
127448,122.5,-7.851049304008484e-07,15,lag_02__T3__duck_amount,T3__duck_amount,False,-3.7704498767852783,-0.0002037809754256159,0.0007683459536846973
127448,122.5,-7.851049304008484e-07,16,lag_14__T_place_APARTMENTS,T_place_APARTMENTS,False,-2.288959264755249,0.0002994941605720669,-0.0006855299335815287
127448,122.5,-7.851049304008484e-07,17,lag_07__T1__is_walking,T1__is_walking,False,2.281590461730957,0.00030015932861715555,0.00068484066117247
127448,122.5,-7.851049304008484e-07,18,lag_03__T2__is_walking,T2__is_walking,False,-2.2968344688415527,0.0002332256262889132,-0.0005356806574775344
127448,122.5,-7.851049304008484e-07,19,lag_08__CT_duck_amount_mean,CT_duck_amount_mean,False,5.988534450531006,7.926260150270537e-05,0.00047466681973766175
127448,122.5,-7.851049304008484e-07,20,lag_10__CT_shots_fired_sum,CT_shots_fired_sum,False,-0.6947410106658936,-0.0006777507369406521,0.0004708612319617028
