csv_path,round_num,tick,seconds_in_round,bomb_planted,lstm_probability,ridge_probability,delta_from_prev,ridge_delta_from_prev
processed_full/blast_open_london_finals/blast-open-london-2025-finals-vitality-vs-g2-bo5-ieXHvClzA7f_aJ_85fPFqK/vitality-vs-g2-m5-train.csv,5,30998,0.0,0,0.5718653798103333,0.5718887,0.0,0.0
processed_full/blast_open_london_finals/blast-open-london-2025-finals-vitality-vs-g2-bo5-ieXHvClzA7f_aJ_85fPFqK/vitality-vs-g2-m5-train.csv,5,31030,0.5,0,0.5662684440612793,0.5662353,-0.005596935749053955,-0.0056533813
processed_full/blast_open_london_finals/blast-open-london-2025-finals-vitality-vs-g2-bo5-ieXHvClzA7f_aJ_85fPFqK/vitality-vs-g2-m5-train.csv,5,31062,1.0,0,0.5701413154602051,0.57002085,0.0038728713989257812,0.0037855506
processed_full/blast_open_london_finals/blast-open-london-2025-finals-vitality-vs-g2-bo5-ieXHvClzA7f_aJ_85fPFqK/vitality-vs-g2-m5-train.csv,5,31094,1.5,0,0.5558251142501831,0.5558467,-0.014316201210021973,-0.014174163
processed_full/blast_open_london_finals/blast-open-london-2025-finals-vitality-vs-g2-bo5-ieXHvClzA7f_aJ_85fPFqK/vitality-vs-g2-m5-train.csv,5,31126,2.0,0,0.5695186257362366,0.56949425,0.013693511486053467,0.013647556
processed_full/blast_open_london_finals/blast-open-london-2025-finals-vitality-vs-g2-bo5-ieXHvClzA7f_aJ_85fPFqK/vitality-vs-g2-m5-train.csv,5,31158,2.5,0,0.5720915198326111,0.5720888,0.0025728940963745117,0.0025945306
processed_full/blast_open_london_finals/blast-open-london-2025-finals-vitality-vs-g2-bo5-ieXHvClzA7f_aJ_85fPFqK/vitality-vs-g2-m5-train.csv,5,31190,3.0,0,0.5965434908866882,0.59647936,0.02445197105407715,0.024390578
processed_full/blast_open_london_finals/blast-open-london-2025-finals-vitality-vs-g2-bo5-ieXHvClzA7f_aJ_85fPFqK/vitality-vs-g2-m5-train.csv,5,31222,3.5,0,0.6044982671737671,0.604496,0.007954776287078857,0.008016646
processed_full/blast_open_london_finals/blast-open-london-2025-finals-vitality-vs-g2-bo5-ieXHvClzA7f_aJ_85fPFqK/vitality-vs-g2-m5-train.csv,5,31254,4.0,0,0.5743852853775024,0.57440186,-0.03011298179626465,-0.030094147
processed_full/blast_open_london_finals/blast-open-london-2025-finals-vitality-vs-g2-bo5-ieXHvClzA7f_aJ_85fPFqK/vitality-vs-g2-m5-train.csv,5,31286,4.5,0,0.5788213014602661,0.5787669,0.004436016082763672,0.004365027
processed_full/blast_open_london_finals/blast-open-london-2025-finals-vitality-vs-g2-bo5-ieXHvClzA7f_aJ_85fPFqK/vitality-vs-g2-m5-train.csv,5,31318,5.0,0,0.5820369720458984,0.5820192,0.0032156705856323242,0.0032523274
processed_full/blast_open_london_finals/blast-open-london-2025-finals-vitality-vs-g2-bo5-ieXHvClzA7f_aJ_85fPFqK/vitality-vs-g2-m5-train.csv,5,31350,5.5,0,0.5854446291923523,0.5855014,0.0034076571464538574,0.003482163
processed_full/blast_open_london_finals/blast-open-london-2025-finals-vitality-vs-g2-bo5-ieXHvClzA7f_aJ_85fPFqK/vitality-vs-g2-m5-train.csv,5,31382,6.0,0,0.5925245881080627,0.592427,0.007079958915710449,0.0069256425
processed_full/blast_open_london_finals/blast-open-london-2025-finals-vitality-vs-g2-bo5-ieXHvClzA7f_aJ_85fPFqK/vitality-vs-g2-m5-train.csv,5,31414,6.5,0,0.5960150361061096,0.59604764,0.003490447998046875,0.0036206245
processed_full/blast_open_london_finals/blast-open-london-2025-finals-vitality-vs-g2-bo5-ieXHvClzA7f_aJ_85fPFqK/vitality-vs-g2-m5-train.csv,5,31446,7.0,0,0.5917767882347107,0.5917615,-0.004238247871398926,-0.0042861104
processed_full/blast_open_london_finals/blast-open-london-2025-finals-vitality-vs-g2-bo5-ieXHvClzA7f_aJ_85fPFqK/vitality-vs-g2-m5-train.csv,5,31478,7.5,0,0.5727744102478027,0.5728015,-0.01900237798690796,-0.018960059
processed_full/blast_open_london_finals/blast-open-london-2025-finals-vitality-vs-g2-bo5-ieXHvClzA7f_aJ_85fPFqK/vitality-vs-g2-m5-train.csv,5,31510,8.0,0,0.583669900894165,0.5836383,0.010895490646362305,0.01083684
processed_full/blast_open_london_finals/blast-open-london-2025-finals-vitality-vs-g2-bo5-ieXHvClzA7f_aJ_85fPFqK/vitality-vs-g2-m5-train.csv,5,31542,8.5,0,0.5809618234634399,0.58094627,-0.0027080774307250977,-0.0026920438
processed_full/blast_open_london_finals/blast-open-london-2025-finals-vitality-vs-g2-bo5-ieXHvClzA7f_aJ_85fPFqK/vitality-vs-g2-m5-train.csv,5,31574,9.0,0,0.589739203453064,0.5898081,0.008777379989624023,0.00886184
processed_full/blast_open_london_finals/blast-open-london-2025-finals-vitality-vs-g2-bo5-ieXHvClzA7f_aJ_85fPFqK/vitality-vs-g2-m5-train.csv,5,31606,9.5,0,0.5833995938301086,0.58335173,-0.006339609622955322,-0.006456375
processed_full/blast_open_london_finals/blast-open-london-2025-finals-vitality-vs-g2-bo5-ieXHvClzA7f_aJ_85fPFqK/vitality-vs-g2-m5-train.csv,5,31638,10.0,0,0.5690967440605164,0.5690742,-0.014302849769592285,-0.014277518
processed_full/blast_open_london_finals/blast-open-london-2025-finals-vitality-vs-g2-bo5-ieXHvClzA7f_aJ_85fPFqK/vitality-vs-g2-m5-train.csv,5,31670,10.5,0,0.5372854471206665,0.53738785,-0.031811296939849854,-0.031686366
processed_full/blast_open_london_finals/blast-open-london-2025-finals-vitality-vs-g2-bo5-ieXHvClzA7f_aJ_85fPFqK/vitality-vs-g2-m5-train.csv,5,31702,11.0,0,0.5139318108558655,0.5138423,-0.023353636264801025,-0.023545563
processed_full/blast_open_london_finals/blast-open-london-2025-finals-vitality-vs-g2-bo5-ieXHvClzA7f_aJ_85fPFqK/vitality-vs-g2-m5-train.csv,5,31734,11.5,0,0.5048152208328247,0.50480056,-0.009116590023040771,-0.009041727
processed_full/blast_open_london_finals/blast-open-london-2025-finals-vitality-vs-g2-bo5-ieXHvClzA7f_aJ_85fPFqK/vitality-vs-g2-m5-train.csv,5,31766,12.0,0,0.4606644809246063,0.46070784,-0.044150739908218384,-0.044092715
processed_full/blast_open_london_finals/blast-open-london-2025-finals-vitality-vs-g2-bo5-ieXHvClzA7f_aJ_85fPFqK/vitality-vs-g2-m5-train.csv,5,31798,12.5,0,0.45567587018013,0.45570773,-0.004988610744476318,-0.0050001144
processed_full/blast_open_london_finals/blast-open-london-2025-finals-vitality-vs-g2-bo5-ieXHvClzA7f_aJ_85fPFqK/vitality-vs-g2-m5-train.csv,5,31830,13.0,0,0.476967990398407,0.47694796,0.021292120218276978,0.021240234
processed_full/blast_open_london_finals/blast-open-london-2025-finals-vitality-vs-g2-bo5-ieXHvClzA7f_aJ_85fPFqK/vitality-vs-g2-m5-train.csv,5,31862,13.5,0,0.4453185498714447,0.445262,-0.03164944052696228,-0.03168595
processed_full/blast_open_london_finals/blast-open-london-2025-finals-vitality-vs-g2-bo5-ieXHvClzA7f_aJ_85fPFqK/vitality-vs-g2-m5-train.csv,5,31894,14.0,0,0.4498734176158905,0.4498787,0.004554867744445801,0.0046166778
processed_full/blast_open_london_finals/blast-open-london-2025-finals-vitality-vs-g2-bo5-ieXHvClzA7f_aJ_85fPFqK/vitality-vs-g2-m5-train.csv,5,31926,14.5,0,0.4812023937702179,0.48125935,0.03132897615432739,0.031380653
processed_full/blast_open_london_finals/blast-open-london-2025-finals-vitality-vs-g2-bo5-ieXHvClzA7f_aJ_85fPFqK/vitality-vs-g2-m5-train.csv,5,31958,15.0,0,0.49550265073776245,0.49545184,0.014300256967544556,0.014192492
processed_full/blast_open_london_finals/blast-open-london-2025-finals-vitality-vs-g2-bo5-ieXHvClzA7f_aJ_85fPFqK/vitality-vs-g2-m5-train.csv,5,31990,15.5,0,0.5209488868713379,0.52095294,0.02544623613357544,0.025501102
processed_full/blast_open_london_finals/blast-open-london-2025-finals-vitality-vs-g2-bo5-ieXHvClzA7f_aJ_85fPFqK/vitality-vs-g2-m5-train.csv,5,32022,16.0,0,0.5716027617454529,0.57157564,0.05065387487411499,0.0506227
processed_full/blast_open_london_finals/blast-open-london-2025-finals-vitality-vs-g2-bo5-ieXHvClzA7f_aJ_85fPFqK/vitality-vs-g2-m5-train.csv,5,32054,16.5,0,0.5792948603630066,0.57933605,0.007692098617553711,0.0077604055
processed_full/blast_open_london_finals/blast-open-london-2025-finals-vitality-vs-g2-bo5-ieXHvClzA7f_aJ_85fPFqK/vitality-vs-g2-m5-train.csv,5,32086,17.0,0,0.579602837562561,0.57952356,0.00030797719955444336,0.00018751621
processed_full/blast_open_london_finals/blast-open-london-2025-finals-vitality-vs-g2-bo5-ieXHvClzA7f_aJ_85fPFqK/vitality-vs-g2-m5-train.csv,5,32118,17.5,0,0.5428068041801453,0.5428269,-0.03679603338241577,-0.036696672
processed_full/blast_open_london_finals/blast-open-london-2025-finals-vitality-vs-g2-bo5-ieXHvClzA7f_aJ_85fPFqK/vitality-vs-g2-m5-train.csv,5,32150,18.0,0,0.5303995013237,0.53038466,-0.012407302856445312,-0.012442231
processed_full/blast_open_london_finals/blast-open-london-2025-finals-vitality-vs-g2-bo5-ieXHvClzA7f_aJ_85fPFqK/vitality-vs-g2-m5-train.csv,5,32182,18.5,0,0.5352828502655029,0.5353177,0.0048833489418029785,0.004933059
processed_full/blast_open_london_finals/blast-open-london-2025-finals-vitality-vs-g2-bo5-ieXHvClzA7f_aJ_85fPFqK/vitality-vs-g2-m5-train.csv,5,32214,19.0,0,0.5168120265007019,0.51681334,-0.018470823764801025,-0.018504381
processed_full/blast_open_london_finals/blast-open-london-2025-finals-vitality-vs-g2-bo5-ieXHvClzA7f_aJ_85fPFqK/vitality-vs-g2-m5-train.csv,5,32246,19.5,0,0.48324447870254517,0.4831663,-0.03356754779815674,-0.03364703
processed_full/blast_open_london_finals/blast-open-london-2025-finals-vitality-vs-g2-bo5-ieXHvClzA7f_aJ_85fPFqK/vitality-vs-g2-m5-train.csv,5,32278,20.0,0,0.46073541045188904,0.46078497,-0.022509068250656128,-0.022381335
processed_full/blast_open_london_finals/blast-open-london-2025-finals-vitality-vs-g2-bo5-ieXHvClzA7f_aJ_85fPFqK/vitality-vs-g2-m5-train.csv,5,32310,20.5,0,0.4767964482307434,0.47682363,0.01606103777885437,0.016038656
processed_full/blast_open_london_finals/blast-open-london-2025-finals-vitality-vs-g2-bo5-ieXHvClzA7f_aJ_85fPFqK/vitality-vs-g2-m5-train.csv,5,32342,21.0,0,0.46807655692100525,0.46804452,-0.00871989130973816,-0.0087791085
processed_full/blast_open_london_finals/blast-open-london-2025-finals-vitality-vs-g2-bo5-ieXHvClzA7f_aJ_85fPFqK/vitality-vs-g2-m5-train.csv,5,32374,21.5,0,0.47822391986846924,0.47819722,0.01014736294746399,0.010152698
processed_full/blast_open_london_finals/blast-open-london-2025-finals-vitality-vs-g2-bo5-ieXHvClzA7f_aJ_85fPFqK/vitality-vs-g2-m5-train.csv,5,32406,22.0,0,0.48329827189445496,0.4833734,0.005074352025985718,0.0051761866
processed_full/blast_open_london_finals/blast-open-london-2025-finals-vitality-vs-g2-bo5-ieXHvClzA7f_aJ_85fPFqK/vitality-vs-g2-m5-train.csv,5,32438,22.5,0,0.4989047348499298,0.49883524,0.015606462955474854,0.015461832
processed_full/blast_open_london_finals/blast-open-london-2025-finals-vitality-vs-g2-bo5-ieXHvClzA7f_aJ_85fPFqK/vitality-vs-g2-m5-train.csv,5,32470,23.0,0,0.5051797032356262,0.5051496,0.006274968385696411,0.006314367
processed_full/blast_open_london_finals/blast-open-london-2025-finals-vitality-vs-g2-bo5-ieXHvClzA7f_aJ_85fPFqK/vitality-vs-g2-m5-train.csv,5,32502,23.5,0,0.5125280618667603,0.5126364,0.007348358631134033,0.00748682
processed_full/blast_open_london_finals/blast-open-london-2025-finals-vitality-vs-g2-bo5-ieXHvClzA7f_aJ_85fPFqK/vitality-vs-g2-m5-train.csv,5,32534,24.0,0,0.5140250325202942,0.51390564,0.0014969706535339355,0.0012692213
processed_full/blast_open_london_finals/blast-open-london-2025-finals-vitality-vs-g2-bo5-ieXHvClzA7f_aJ_85fPFqK/vitality-vs-g2-m5-train.csv,5,32566,24.5,0,0.5273526906967163,0.5273983,0.01332765817642212,0.013492644
processed_full/blast_open_london_finals/blast-open-london-2025-finals-vitality-vs-g2-bo5-ieXHvClzA7f_aJ_85fPFqK/vitality-vs-g2-m5-train.csv,5,32598,25.0,0,0.5309857726097107,0.5309296,0.0036330819129943848,0.0035313368
processed_full/blast_open_london_finals/blast-open-london-2025-finals-vitality-vs-g2-bo5-ieXHvClzA7f_aJ_85fPFqK/vitality-vs-g2-m5-train.csv,5,32630,25.5,0,0.5355703234672546,0.53564525,0.004584550857543945,0.0047156215
processed_full/blast_open_london_finals/blast-open-london-2025-finals-vitality-vs-g2-bo5-ieXHvClzA7f_aJ_85fPFqK/vitality-vs-g2-m5-train.csv,5,32662,26.0,0,0.5299609899520874,0.52987665,-0.005609333515167236,-0.005768597
processed_full/blast_open_london_finals/blast-open-london-2025-finals-vitality-vs-g2-bo5-ieXHvClzA7f_aJ_85fPFqK/vitality-vs-g2-m5-train.csv,5,32694,26.5,0,0.5222422480583191,0.5222647,-0.0077187418937683105,-0.0076119304
processed_full/blast_open_london_finals/blast-open-london-2025-finals-vitality-vs-g2-bo5-ieXHvClzA7f_aJ_85fPFqK/vitality-vs-g2-m5-train.csv,5,32726,27.0,0,0.5157489776611328,0.5157796,-0.006493270397186279,-0.0064851046
processed_full/blast_open_london_finals/blast-open-london-2025-finals-vitality-vs-g2-bo5-ieXHvClzA7f_aJ_85fPFqK/vitality-vs-g2-m5-train.csv,5,32758,27.5,0,0.4914659261703491,0.49139982,-0.02428305149078369,-0.02437979
processed_full/blast_open_london_finals/blast-open-london-2025-finals-vitality-vs-g2-bo5-ieXHvClzA7f_aJ_85fPFqK/vitality-vs-g2-m5-train.csv,5,32790,28.0,0,0.4751521646976471,0.47515714,-0.016313761472702026,-0.016242683
processed_full/blast_open_london_finals/blast-open-london-2025-finals-vitality-vs-g2-bo5-ieXHvClzA7f_aJ_85fPFqK/vitality-vs-g2-m5-train.csv,5,32822,28.5,0,0.44020310044288635,0.44022688,-0.03494906425476074,-0.03493026
processed_full/blast_open_london_finals/blast-open-london-2025-finals-vitality-vs-g2-bo5-ieXHvClzA7f_aJ_85fPFqK/vitality-vs-g2-m5-train.csv,5,32854,29.0,0,0.4415797293186188,0.44163457,0.0013766288757324219,0.0014076829
processed_full/blast_open_london_finals/blast-open-london-2025-finals-vitality-vs-g2-bo5-ieXHvClzA7f_aJ_85fPFqK/vitality-vs-g2-m5-train.csv,5,32886,29.5,0,0.4414513111114502,0.4413759,-0.0001284182071685791,-0.00025865436
processed_full/blast_open_london_finals/blast-open-london-2025-finals-vitality-vs-g2-bo5-ieXHvClzA7f_aJ_85fPFqK/vitality-vs-g2-m5-train.csv,5,32918,30.0,0,0.4367576241493225,0.4366819,-0.0046936869621276855,-0.004694015
processed_full/blast_open_london_finals/blast-open-london-2025-finals-vitality-vs-g2-bo5-ieXHvClzA7f_aJ_85fPFqK/vitality-vs-g2-m5-train.csv,5,32950,30.5,0,0.44493627548217773,0.44499642,0.008178651332855225,0.00831452
processed_full/blast_open_london_finals/blast-open-london-2025-finals-vitality-vs-g2-bo5-ieXHvClzA7f_aJ_85fPFqK/vitality-vs-g2-m5-train.csv,5,32982,31.0,0,0.4382857084274292,0.43830904,-0.006650567054748535,-0.006687373
processed_full/blast_open_london_finals/blast-open-london-2025-finals-vitality-vs-g2-bo5-ieXHvClzA7f_aJ_85fPFqK/vitality-vs-g2-m5-train.csv,5,33014,31.5,0,0.4087049663066864,0.40869945,-0.029580742120742798,-0.02960959
processed_full/blast_open_london_finals/blast-open-london-2025-finals-vitality-vs-g2-bo5-ieXHvClzA7f_aJ_85fPFqK/vitality-vs-g2-m5-train.csv,5,33046,32.0,0,0.4450569152832031,0.44495785,0.036351948976516724,0.0362584
processed_full/blast_open_london_finals/blast-open-london-2025-finals-vitality-vs-g2-bo5-ieXHvClzA7f_aJ_85fPFqK/vitality-vs-g2-m5-train.csv,5,33078,32.5,0,0.435038685798645,0.43516624,-0.010018229484558105,-0.009791613
processed_full/blast_open_london_finals/blast-open-london-2025-finals-vitality-vs-g2-bo5-ieXHvClzA7f_aJ_85fPFqK/vitality-vs-g2-m5-train.csv,5,33110,33.0,0,0.4266549050807953,0.42662686,-0.008383780717849731,-0.008539379
processed_full/blast_open_london_finals/blast-open-london-2025-finals-vitality-vs-g2-bo5-ieXHvClzA7f_aJ_85fPFqK/vitality-vs-g2-m5-train.csv,5,33142,33.5,0,0.4122520089149475,0.41217566,-0.014402896165847778,-0.014451206
processed_full/blast_open_london_finals/blast-open-london-2025-finals-vitality-vs-g2-bo5-ieXHvClzA7f_aJ_85fPFqK/vitality-vs-g2-m5-train.csv,5,33174,34.0,0,0.40608522295951843,0.40618742,-0.006166785955429077,-0.0059882402
processed_full/blast_open_london_finals/blast-open-london-2025-finals-vitality-vs-g2-bo5-ieXHvClzA7f_aJ_85fPFqK/vitality-vs-g2-m5-train.csv,5,33206,34.5,0,0.41609981656074524,0.41608083,0.010014593601226807,0.009893417
processed_full/blast_open_london_finals/blast-open-london-2025-finals-vitality-vs-g2-bo5-ieXHvClzA7f_aJ_85fPFqK/vitality-vs-g2-m5-train.csv,5,33238,35.0,0,0.4285224378108978,0.4284351,0.012422621250152588,0.012354255
processed_full/blast_open_london_finals/blast-open-london-2025-finals-vitality-vs-g2-bo5-ieXHvClzA7f_aJ_85fPFqK/vitality-vs-g2-m5-train.csv,5,33270,35.5,0,0.4300856292247772,0.43020123,0.0015631914138793945,0.0017661452
processed_full/blast_open_london_finals/blast-open-london-2025-finals-vitality-vs-g2-bo5-ieXHvClzA7f_aJ_85fPFqK/vitality-vs-g2-m5-train.csv,5,33302,36.0,0,0.45593878626823425,0.45593947,0.02585315704345703,0.02573824
processed_full/blast_open_london_finals/blast-open-london-2025-finals-vitality-vs-g2-bo5-ieXHvClzA7f_aJ_85fPFqK/vitality-vs-g2-m5-train.csv,5,33334,36.5,0,0.4509504735469818,0.45088387,-0.004988312721252441,-0.0050556064
processed_full/blast_open_london_finals/blast-open-london-2025-finals-vitality-vs-g2-bo5-ieXHvClzA7f_aJ_85fPFqK/vitality-vs-g2-m5-train.csv,5,33366,37.0,0,0.45631080865859985,0.45626634,0.005360335111618042,0.0053824782
processed_full/blast_open_london_finals/blast-open-london-2025-finals-vitality-vs-g2-bo5-ieXHvClzA7f_aJ_85fPFqK/vitality-vs-g2-m5-train.csv,5,33398,37.5,0,0.4122186303138733,0.41224864,-0.04409217834472656,-0.044017702
processed_full/blast_open_london_finals/blast-open-london-2025-finals-vitality-vs-g2-bo5-ieXHvClzA7f_aJ_85fPFqK/vitality-vs-g2-m5-train.csv,5,33430,38.0,0,0.40688273310661316,0.40698278,-0.005335897207260132,-0.0052658617
processed_full/blast_open_london_finals/blast-open-london-2025-finals-vitality-vs-g2-bo5-ieXHvClzA7f_aJ_85fPFqK/vitality-vs-g2-m5-train.csv,5,33462,38.5,0,0.3861788213253021,0.3861392,-0.020703911781311035,-0.020843565
processed_full/blast_open_london_finals/blast-open-london-2025-finals-vitality-vs-g2-bo5-ieXHvClzA7f_aJ_85fPFqK/vitality-vs-g2-m5-train.csv,5,33494,39.0,0,0.4445721209049225,0.44455612,0.05839329957962036,0.058416903
processed_full/blast_open_london_finals/blast-open-london-2025-finals-vitality-vs-g2-bo5-ieXHvClzA7f_aJ_85fPFqK/vitality-vs-g2-m5-train.csv,5,33526,39.5,0,0.44624802470207214,0.4462874,0.0016759037971496582,0.0017312765
processed_full/blast_open_london_finals/blast-open-london-2025-finals-vitality-vs-g2-bo5-ieXHvClzA7f_aJ_85fPFqK/vitality-vs-g2-m5-train.csv,5,33558,40.0,0,0.43905574083328247,0.43899897,-0.007192283868789673,-0.007288426
processed_full/blast_open_london_finals/blast-open-london-2025-finals-vitality-vs-g2-bo5-ieXHvClzA7f_aJ_85fPFqK/vitality-vs-g2-m5-train.csv,5,33590,40.5,0,0.4403983950614929,0.44037706,0.0013426542282104492,0.0013780892
processed_full/blast_open_london_finals/blast-open-london-2025-finals-vitality-vs-g2-bo5-ieXHvClzA7f_aJ_85fPFqK/vitality-vs-g2-m5-train.csv,5,33622,41.0,0,0.43952661752700806,0.4396234,-0.0008717775344848633,-0.00075367093
processed_full/blast_open_london_finals/blast-open-london-2025-finals-vitality-vs-g2-bo5-ieXHvClzA7f_aJ_85fPFqK/vitality-vs-g2-m5-train.csv,5,33654,41.5,0,0.44545257091522217,0.4454946,0.005925953388214111,0.0058712065
processed_full/blast_open_london_finals/blast-open-london-2025-finals-vitality-vs-g2-bo5-ieXHvClzA7f_aJ_85fPFqK/vitality-vs-g2-m5-train.csv,5,33686,42.0,0,0.4796704947948456,0.47940284,0.03421792387962341,0.033908248
processed_full/blast_open_london_finals/blast-open-london-2025-finals-vitality-vs-g2-bo5-ieXHvClzA7f_aJ_85fPFqK/vitality-vs-g2-m5-train.csv,5,33718,42.5,0,0.47220519185066223,0.47231257,-0.00746530294418335,-0.0070902705
processed_full/blast_open_london_finals/blast-open-london-2025-finals-vitality-vs-g2-bo5-ieXHvClzA7f_aJ_85fPFqK/vitality-vs-g2-m5-train.csv,5,33750,43.0,0,0.4683926999568939,0.4685584,-0.0038124918937683105,-0.0037541687
processed_full/blast_open_london_finals/blast-open-london-2025-finals-vitality-vs-g2-bo5-ieXHvClzA7f_aJ_85fPFqK/vitality-vs-g2-m5-train.csv,5,33782,43.5,0,0.4767751097679138,0.47661728,0.008382409811019897,0.008058876
processed_full/blast_open_london_finals/blast-open-london-2025-finals-vitality-vs-g2-bo5-ieXHvClzA7f_aJ_85fPFqK/vitality-vs-g2-m5-train.csv,5,33814,44.0,0,0.49479207396507263,0.49478623,0.018016964197158813,0.018168956
processed_full/blast_open_london_finals/blast-open-london-2025-finals-vitality-vs-g2-bo5-ieXHvClzA7f_aJ_85fPFqK/vitality-vs-g2-m5-train.csv,5,33846,44.5,0,0.49164095520973206,0.49159825,-0.003151118755340576,-0.0031879842
processed_full/blast_open_london_finals/blast-open-london-2025-finals-vitality-vs-g2-bo5-ieXHvClzA7f_aJ_85fPFqK/vitality-vs-g2-m5-train.csv,5,33878,45.0,0,0.4850989282131195,0.48507106,-0.006542026996612549,-0.0065271854
processed_full/blast_open_london_finals/blast-open-london-2025-finals-vitality-vs-g2-bo5-ieXHvClzA7f_aJ_85fPFqK/vitality-vs-g2-m5-train.csv,5,33910,45.5,0,0.4808270037174225,0.4810175,-0.0042719244956970215,-0.004053563
processed_full/blast_open_london_finals/blast-open-london-2025-finals-vitality-vs-g2-bo5-ieXHvClzA7f_aJ_85fPFqK/vitality-vs-g2-m5-train.csv,5,33942,46.0,0,0.4902738928794861,0.4901463,0.009446889162063599,0.009128809
processed_full/blast_open_london_finals/blast-open-london-2025-finals-vitality-vs-g2-bo5-ieXHvClzA7f_aJ_85fPFqK/vitality-vs-g2-m5-train.csv,5,33974,46.5,0,0.4963371455669403,0.49638557,0.006063252687454224,0.006239265
processed_full/blast_open_london_finals/blast-open-london-2025-finals-vitality-vs-g2-bo5-ieXHvClzA7f_aJ_85fPFqK/vitality-vs-g2-m5-train.csv,5,34006,47.0,0,0.48022881150245667,0.48018378,-0.016108334064483643,-0.016201794
processed_full/blast_open_london_finals/blast-open-london-2025-finals-vitality-vs-g2-bo5-ieXHvClzA7f_aJ_85fPFqK/vitality-vs-g2-m5-train.csv,5,34038,47.5,0,0.49051299691200256,0.4904585,0.010284185409545898,0.010274708
processed_full/blast_open_london_finals/blast-open-london-2025-finals-vitality-vs-g2-bo5-ieXHvClzA7f_aJ_85fPFqK/vitality-vs-g2-m5-train.csv,5,34070,48.0,0,0.464825838804245,0.4649868,-0.02568715810775757,-0.025471687
processed_full/blast_open_london_finals/blast-open-london-2025-finals-vitality-vs-g2-bo5-ieXHvClzA7f_aJ_85fPFqK/vitality-vs-g2-m5-train.csv,5,34102,48.5,0,0.4544040262699127,0.45432281,-0.010421812534332275,-0.010663986
processed_full/blast_open_london_finals/blast-open-london-2025-finals-vitality-vs-g2-bo5-ieXHvClzA7f_aJ_85fPFqK/vitality-vs-g2-m5-train.csv,5,34134,49.0,0,0.44492995738983154,0.4449042,-0.009474068880081177,-0.009418607
processed_full/blast_open_london_finals/blast-open-london-2025-finals-vitality-vs-g2-bo5-ieXHvClzA7f_aJ_85fPFqK/vitality-vs-g2-m5-train.csv,5,34166,49.5,0,0.4369620978832245,0.4369993,-0.007967859506607056,-0.007904917
processed_full/blast_open_london_finals/blast-open-london-2025-finals-vitality-vs-g2-bo5-ieXHvClzA7f_aJ_85fPFqK/vitality-vs-g2-m5-train.csv,5,34198,50.0,0,0.4234299063682556,0.4233339,-0.013532191514968872,-0.013665378
processed_full/blast_open_london_finals/blast-open-london-2025-finals-vitality-vs-g2-bo5-ieXHvClzA7f_aJ_85fPFqK/vitality-vs-g2-m5-train.csv,5,34230,50.5,0,0.4178007245063782,0.41774905,-0.005629181861877441,-0.005584866
processed_full/blast_open_london_finals/blast-open-london-2025-finals-vitality-vs-g2-bo5-ieXHvClzA7f_aJ_85fPFqK/vitality-vs-g2-m5-train.csv,5,34262,51.0,0,0.41181907057762146,0.41193873,-0.005981653928756714,-0.0058103204
processed_full/blast_open_london_finals/blast-open-london-2025-finals-vitality-vs-g2-bo5-ieXHvClzA7f_aJ_85fPFqK/vitality-vs-g2-m5-train.csv,5,34294,51.5,0,0.4335831105709076,0.4337967,0.021764039993286133,0.021857977
processed_full/blast_open_london_finals/blast-open-london-2025-finals-vitality-vs-g2-bo5-ieXHvClzA7f_aJ_85fPFqK/vitality-vs-g2-m5-train.csv,5,34326,52.0,0,0.4491581916809082,0.44906873,0.01557508111000061,0.015272021
processed_full/blast_open_london_finals/blast-open-london-2025-finals-vitality-vs-g2-bo5-ieXHvClzA7f_aJ_85fPFqK/vitality-vs-g2-m5-train.csv,5,34358,52.5,0,0.44723281264305115,0.44726738,-0.0019253790378570557,-0.0018013418
processed_full/blast_open_london_finals/blast-open-london-2025-finals-vitality-vs-g2-bo5-ieXHvClzA7f_aJ_85fPFqK/vitality-vs-g2-m5-train.csv,5,34390,53.0,0,0.4483775794506073,0.44809932,0.0011447668075561523,0.00083193183
processed_full/blast_open_london_finals/blast-open-london-2025-finals-vitality-vs-g2-bo5-ieXHvClzA7f_aJ_85fPFqK/vitality-vs-g2-m5-train.csv,5,34422,53.5,0,0.45926472544670105,0.45921153,0.01088714599609375,0.011112213
processed_full/blast_open_london_finals/blast-open-london-2025-finals-vitality-vs-g2-bo5-ieXHvClzA7f_aJ_85fPFqK/vitality-vs-g2-m5-train.csv,5,34454,54.0,0,0.46947723627090454,0.46965602,0.010212510824203491,0.010444492
processed_full/blast_open_london_finals/blast-open-london-2025-finals-vitality-vs-g2-bo5-ieXHvClzA7f_aJ_85fPFqK/vitality-vs-g2-m5-train.csv,5,34486,54.5,0,0.4658621847629547,0.46603855,-0.003615051507949829,-0.0036174655
processed_full/blast_open_london_finals/blast-open-london-2025-finals-vitality-vs-g2-bo5-ieXHvClzA7f_aJ_85fPFqK/vitality-vs-g2-m5-train.csv,5,34518,55.0,0,0.4598052501678467,0.4597338,-0.006056934595108032,-0.006304741
processed_full/blast_open_london_finals/blast-open-london-2025-finals-vitality-vs-g2-bo5-ieXHvClzA7f_aJ_85fPFqK/vitality-vs-g2-m5-train.csv,5,34550,55.5,0,0.4532703757286072,0.4530574,-0.006534874439239502,-0.0066764057
processed_full/blast_open_london_finals/blast-open-london-2025-finals-vitality-vs-g2-bo5-ieXHvClzA7f_aJ_85fPFqK/vitality-vs-g2-m5-train.csv,5,34582,56.0,0,0.45990219712257385,0.4598954,0.006631821393966675,0.006837994
processed_full/blast_open_london_finals/blast-open-london-2025-finals-vitality-vs-g2-bo5-ieXHvClzA7f_aJ_85fPFqK/vitality-vs-g2-m5-train.csv,5,34614,56.5,0,0.45547521114349365,0.45563817,-0.0044269859790802,-0.004257232
processed_full/blast_open_london_finals/blast-open-london-2025-finals-vitality-vs-g2-bo5-ieXHvClzA7f_aJ_85fPFqK/vitality-vs-g2-m5-train.csv,5,34646,57.0,0,0.4501909911632538,0.45024067,-0.005284219980239868,-0.0053974986
processed_full/blast_open_london_finals/blast-open-london-2025-finals-vitality-vs-g2-bo5-ieXHvClzA7f_aJ_85fPFqK/vitality-vs-g2-m5-train.csv,5,34678,57.5,0,0.44813117384910583,0.44815946,-0.0020598173141479492,-0.0020812154
processed_full/blast_open_london_finals/blast-open-london-2025-finals-vitality-vs-g2-bo5-ieXHvClzA7f_aJ_85fPFqK/vitality-vs-g2-m5-train.csv,5,34710,58.0,0,0.451511949300766,0.45140293,0.0033807754516601562,0.0032434762
processed_full/blast_open_london_finals/blast-open-london-2025-finals-vitality-vs-g2-bo5-ieXHvClzA7f_aJ_85fPFqK/vitality-vs-g2-m5-train.csv,5,34742,58.5,0,0.444670706987381,0.44461578,-0.00684124231338501,-0.006787151
processed_full/blast_open_london_finals/blast-open-london-2025-finals-vitality-vs-g2-bo5-ieXHvClzA7f_aJ_85fPFqK/vitality-vs-g2-m5-train.csv,5,34774,59.0,0,0.45193102955818176,0.4518723,0.007260322570800781,0.007256508
processed_full/blast_open_london_finals/blast-open-london-2025-finals-vitality-vs-g2-bo5-ieXHvClzA7f_aJ_85fPFqK/vitality-vs-g2-m5-train.csv,5,34806,59.5,0,0.4363269507884979,0.43626058,-0.015604078769683838,-0.015611708
processed_full/blast_open_london_finals/blast-open-london-2025-finals-vitality-vs-g2-bo5-ieXHvClzA7f_aJ_85fPFqK/vitality-vs-g2-m5-train.csv,5,34838,60.0,0,0.4326196014881134,0.43278432,-0.0037073493003845215,-0.003476262
processed_full/blast_open_london_finals/blast-open-london-2025-finals-vitality-vs-g2-bo5-ieXHvClzA7f_aJ_85fPFqK/vitality-vs-g2-m5-train.csv,5,34870,60.5,0,0.43500712513923645,0.43521655,0.002387523651123047,0.0024322271
processed_full/blast_open_london_finals/blast-open-london-2025-finals-vitality-vs-g2-bo5-ieXHvClzA7f_aJ_85fPFqK/vitality-vs-g2-m5-train.csv,5,34902,61.0,0,0.4355055093765259,0.4353051,0.0004983842372894287,8.85427e-05
processed_full/blast_open_london_finals/blast-open-london-2025-finals-vitality-vs-g2-bo5-ieXHvClzA7f_aJ_85fPFqK/vitality-vs-g2-m5-train.csv,5,34934,61.5,0,0.44013163447380066,0.4400439,0.00462612509727478,0.0047388077
processed_full/blast_open_london_finals/blast-open-london-2025-finals-vitality-vs-g2-bo5-ieXHvClzA7f_aJ_85fPFqK/vitality-vs-g2-m5-train.csv,5,34966,62.0,0,0.4564763903617859,0.4566056,0.01634475588798523,0.016561717
processed_full/blast_open_london_finals/blast-open-london-2025-finals-vitality-vs-g2-bo5-ieXHvClzA7f_aJ_85fPFqK/vitality-vs-g2-m5-train.csv,5,34998,62.5,0,0.44329333305358887,0.4431609,-0.013183057308197021,-0.013444722
processed_full/blast_open_london_finals/blast-open-london-2025-finals-vitality-vs-g2-bo5-ieXHvClzA7f_aJ_85fPFqK/vitality-vs-g2-m5-train.csv,5,35030,63.0,0,0.45069295167922974,0.4508737,0.007399618625640869,0.007712811
processed_full/blast_open_london_finals/blast-open-london-2025-finals-vitality-vs-g2-bo5-ieXHvClzA7f_aJ_85fPFqK/vitality-vs-g2-m5-train.csv,5,35062,63.5,0,0.4600814878940582,0.45997941,0.009388536214828491,0.009105712
processed_full/blast_open_london_finals/blast-open-london-2025-finals-vitality-vs-g2-bo5-ieXHvClzA7f_aJ_85fPFqK/vitality-vs-g2-m5-train.csv,5,35094,64.0,0,0.45049789547920227,0.450544,-0.009583592414855957,-0.009435415
processed_full/blast_open_london_finals/blast-open-london-2025-finals-vitality-vs-g2-bo5-ieXHvClzA7f_aJ_85fPFqK/vitality-vs-g2-m5-train.csv,5,35126,64.5,0,0.42989590764045715,0.42973885,-0.020601987838745117,-0.02080515
processed_full/blast_open_london_finals/blast-open-london-2025-finals-vitality-vs-g2-bo5-ieXHvClzA7f_aJ_85fPFqK/vitality-vs-g2-m5-train.csv,5,35158,65.0,0,0.41549450159072876,0.41555032,-0.014401406049728394,-0.014188528
processed_full/blast_open_london_finals/blast-open-london-2025-finals-vitality-vs-g2-bo5-ieXHvClzA7f_aJ_85fPFqK/vitality-vs-g2-m5-train.csv,5,35190,65.5,0,0.4132079780101776,0.41326904,-0.0022865235805511475,-0.0022812784
processed_full/blast_open_london_finals/blast-open-london-2025-finals-vitality-vs-g2-bo5-ieXHvClzA7f_aJ_85fPFqK/vitality-vs-g2-m5-train.csv,5,35222,66.0,0,0.40913090109825134,0.40912837,-0.0040770769119262695,-0.004140675
processed_full/blast_open_london_finals/blast-open-london-2025-finals-vitality-vs-g2-bo5-ieXHvClzA7f_aJ_85fPFqK/vitality-vs-g2-m5-train.csv,5,35254,66.5,0,0.4115007817745209,0.41149914,0.0023698806762695312,0.0023707747
processed_full/blast_open_london_finals/blast-open-london-2025-finals-vitality-vs-g2-bo5-ieXHvClzA7f_aJ_85fPFqK/vitality-vs-g2-m5-train.csv,5,35286,67.0,0,0.42228755354881287,0.42230806,0.010786771774291992,0.010808915
processed_full/blast_open_london_finals/blast-open-london-2025-finals-vitality-vs-g2-bo5-ieXHvClzA7f_aJ_85fPFqK/vitality-vs-g2-m5-train.csv,5,35318,67.5,0,0.4310283064842224,0.43098536,0.008740752935409546,0.008677304
processed_full/blast_open_london_finals/blast-open-london-2025-finals-vitality-vs-g2-bo5-ieXHvClzA7f_aJ_85fPFqK/vitality-vs-g2-m5-train.csv,5,35350,68.0,0,0.4406159222126007,0.4406001,0.009587615728378296,0.009614736
processed_full/blast_open_london_finals/blast-open-london-2025-finals-vitality-vs-g2-bo5-ieXHvClzA7f_aJ_85fPFqK/vitality-vs-g2-m5-train.csv,5,35382,68.5,0,0.43701520562171936,0.4369864,-0.0036007165908813477,-0.0036137104
processed_full/blast_open_london_finals/blast-open-london-2025-finals-vitality-vs-g2-bo5-ieXHvClzA7f_aJ_85fPFqK/vitality-vs-g2-m5-train.csv,5,35414,69.0,0,0.43813198804855347,0.43804199,0.0011167824268341064,0.0010555983
processed_full/blast_open_london_finals/blast-open-london-2025-finals-vitality-vs-g2-bo5-ieXHvClzA7f_aJ_85fPFqK/vitality-vs-g2-m5-train.csv,5,35446,69.5,0,0.4549234211444855,0.45499754,0.016791433095932007,0.016955554
processed_full/blast_open_london_finals/blast-open-london-2025-finals-vitality-vs-g2-bo5-ieXHvClzA7f_aJ_85fPFqK/vitality-vs-g2-m5-train.csv,5,35478,70.0,0,0.44942691922187805,0.44971973,-0.005496501922607422,-0.0052778125
processed_full/blast_open_london_finals/blast-open-london-2025-finals-vitality-vs-g2-bo5-ieXHvClzA7f_aJ_85fPFqK/vitality-vs-g2-m5-train.csv,5,35510,70.5,0,0.452107310295105,0.45185655,0.0026803910732269287,0.0021368265
processed_full/blast_open_london_finals/blast-open-london-2025-finals-vitality-vs-g2-bo5-ieXHvClzA7f_aJ_85fPFqK/vitality-vs-g2-m5-train.csv,5,35542,71.0,0,0.4614895284175873,0.4613785,0.0093822181224823,0.009521961
processed_full/blast_open_london_finals/blast-open-london-2025-finals-vitality-vs-g2-bo5-ieXHvClzA7f_aJ_85fPFqK/vitality-vs-g2-m5-train.csv,5,35574,71.5,0,0.4669479727745056,0.46724963,0.005458444356918335,0.005871117
processed_full/blast_open_london_finals/blast-open-london-2025-finals-vitality-vs-g2-bo5-ieXHvClzA7f_aJ_85fPFqK/vitality-vs-g2-m5-train.csv,5,35606,72.0,0,0.47325417399406433,0.47282356,0.006306201219558716,0.0055739284
processed_full/blast_open_london_finals/blast-open-london-2025-finals-vitality-vs-g2-bo5-ieXHvClzA7f_aJ_85fPFqK/vitality-vs-g2-m5-train.csv,5,35638,72.5,0,0.4926621615886688,0.49280572,0.019407987594604492,0.01998216
processed_full/blast_open_london_finals/blast-open-london-2025-finals-vitality-vs-g2-bo5-ieXHvClzA7f_aJ_85fPFqK/vitality-vs-g2-m5-train.csv,5,35670,73.0,0,0.5088837146759033,0.50900584,0.016221553087234497,0.016200125
processed_full/blast_open_london_finals/blast-open-london-2025-finals-vitality-vs-g2-bo5-ieXHvClzA7f_aJ_85fPFqK/vitality-vs-g2-m5-train.csv,5,35702,73.5,0,0.5383326411247253,0.538176,0.02944892644882202,0.029170156
processed_full/blast_open_london_finals/blast-open-london-2025-finals-vitality-vs-g2-bo5-ieXHvClzA7f_aJ_85fPFqK/vitality-vs-g2-m5-train.csv,5,35734,74.0,0,0.5446345210075378,0.54468423,0.0063018798828125,0.006508231
processed_full/blast_open_london_finals/blast-open-london-2025-finals-vitality-vs-g2-bo5-ieXHvClzA7f_aJ_85fPFqK/vitality-vs-g2-m5-train.csv,5,35766,74.5,0,0.5433257818222046,0.5435034,-0.001308739185333252,-0.0011808276
processed_full/blast_open_london_finals/blast-open-london-2025-finals-vitality-vs-g2-bo5-ieXHvClzA7f_aJ_85fPFqK/vitality-vs-g2-m5-train.csv,5,35798,75.0,0,0.5165007710456848,0.51641077,-0.026825010776519775,-0.027092636
processed_full/blast_open_london_finals/blast-open-london-2025-finals-vitality-vs-g2-bo5-ieXHvClzA7f_aJ_85fPFqK/vitality-vs-g2-m5-train.csv,5,35830,75.5,0,0.535419762134552,0.53527445,0.018918991088867188,0.018863678
processed_full/blast_open_london_finals/blast-open-london-2025-finals-vitality-vs-g2-bo5-ieXHvClzA7f_aJ_85fPFqK/vitality-vs-g2-m5-train.csv,5,35862,76.0,0,0.5332047939300537,0.5332052,-0.002214968204498291,-0.0020692348
processed_full/blast_open_london_finals/blast-open-london-2025-finals-vitality-vs-g2-bo5-ieXHvClzA7f_aJ_85fPFqK/vitality-vs-g2-m5-train.csv,5,35894,76.5,0,0.5669035315513611,0.5669938,0.03369873762130737,0.03378856
processed_full/blast_open_london_finals/blast-open-london-2025-finals-vitality-vs-g2-bo5-ieXHvClzA7f_aJ_85fPFqK/vitality-vs-g2-m5-train.csv,5,35926,77.0,0,0.5632011294364929,0.5630075,-0.003702402114868164,-0.003986299
processed_full/blast_open_london_finals/blast-open-london-2025-finals-vitality-vs-g2-bo5-ieXHvClzA7f_aJ_85fPFqK/vitality-vs-g2-m5-train.csv,5,35958,77.5,0,0.5484714508056641,0.5486168,-0.014729678630828857,-0.014390647
processed_full/blast_open_london_finals/blast-open-london-2025-finals-vitality-vs-g2-bo5-ieXHvClzA7f_aJ_85fPFqK/vitality-vs-g2-m5-train.csv,5,35990,78.0,0,0.5593935251235962,0.55943793,0.010922074317932129,0.010821104
processed_full/blast_open_london_finals/blast-open-london-2025-finals-vitality-vs-g2-bo5-ieXHvClzA7f_aJ_85fPFqK/vitality-vs-g2-m5-train.csv,5,36022,78.5,0,0.5614417791366577,0.5613738,0.0020482540130615234,0.0019358397
processed_full/blast_open_london_finals/blast-open-london-2025-finals-vitality-vs-g2-bo5-ieXHvClzA7f_aJ_85fPFqK/vitality-vs-g2-m5-train.csv,5,36054,79.0,0,0.5655730366706848,0.56549823,0.0041312575340271,0.0041244626
processed_full/blast_open_london_finals/blast-open-london-2025-finals-vitality-vs-g2-bo5-ieXHvClzA7f_aJ_85fPFqK/vitality-vs-g2-m5-train.csv,5,36086,79.5,0,0.5367444157600403,0.5367465,-0.02882862091064453,-0.02875173
processed_full/blast_open_london_finals/blast-open-london-2025-finals-vitality-vs-g2-bo5-ieXHvClzA7f_aJ_85fPFqK/vitality-vs-g2-m5-train.csv,5,36118,80.0,0,0.5160027742385864,0.51610434,-0.020741641521453857,-0.020642161
processed_full/blast_open_london_finals/blast-open-london-2025-finals-vitality-vs-g2-bo5-ieXHvClzA7f_aJ_85fPFqK/vitality-vs-g2-m5-train.csv,5,36150,80.5,0,0.5200570821762085,0.52014124,0.00405430793762207,0.0040369034
processed_full/blast_open_london_finals/blast-open-london-2025-finals-vitality-vs-g2-bo5-ieXHvClzA7f_aJ_85fPFqK/vitality-vs-g2-m5-train.csv,5,36182,81.0,0,0.5464217066764832,0.5462349,0.026364624500274658,0.026093662
processed_full/blast_open_london_finals/blast-open-london-2025-finals-vitality-vs-g2-bo5-ieXHvClzA7f_aJ_85fPFqK/vitality-vs-g2-m5-train.csv,5,36214,81.5,0,0.5379058718681335,0.53788006,-0.00851583480834961,-0.008354843
processed_full/blast_open_london_finals/blast-open-london-2025-finals-vitality-vs-g2-bo5-ieXHvClzA7f_aJ_85fPFqK/vitality-vs-g2-m5-train.csv,5,36246,82.0,0,0.5500717759132385,0.55011314,0.01216590404510498,0.0122330785
processed_full/blast_open_london_finals/blast-open-london-2025-finals-vitality-vs-g2-bo5-ieXHvClzA7f_aJ_85fPFqK/vitality-vs-g2-m5-train.csv,5,36278,82.5,0,0.5461304783821106,0.54609203,-0.00394129753112793,-0.004021108
processed_full/blast_open_london_finals/blast-open-london-2025-finals-vitality-vs-g2-bo5-ieXHvClzA7f_aJ_85fPFqK/vitality-vs-g2-m5-train.csv,5,36310,83.0,0,0.5380731821060181,0.5381399,-0.00805729627609253,-0.007952154
processed_full/blast_open_london_finals/blast-open-london-2025-finals-vitality-vs-g2-bo5-ieXHvClzA7f_aJ_85fPFqK/vitality-vs-g2-m5-train.csv,5,36342,83.5,0,0.5571015477180481,0.55696136,0.01902836561203003,0.018821478
processed_full/blast_open_london_finals/blast-open-london-2025-finals-vitality-vs-g2-bo5-ieXHvClzA7f_aJ_85fPFqK/vitality-vs-g2-m5-train.csv,5,36374,84.0,0,0.6822627186775208,0.6824641,0.12516117095947266,0.12550277
processed_full/blast_open_london_finals/blast-open-london-2025-finals-vitality-vs-g2-bo5-ieXHvClzA7f_aJ_85fPFqK/vitality-vs-g2-m5-train.csv,5,36406,84.5,0,0.6541393995285034,0.6540643,-0.028123319149017334,-0.028399825
processed_full/blast_open_london_finals/blast-open-london-2025-finals-vitality-vs-g2-bo5-ieXHvClzA7f_aJ_85fPFqK/vitality-vs-g2-m5-train.csv,5,36438,85.0,0,0.6723705530166626,0.6722539,0.01823115348815918,0.018189609
processed_full/blast_open_london_finals/blast-open-london-2025-finals-vitality-vs-g2-bo5-ieXHvClzA7f_aJ_85fPFqK/vitality-vs-g2-m5-train.csv,5,36470,85.5,0,0.6719635128974915,0.67212707,-0.0004070401191711426,-0.00012683868
processed_full/blast_open_london_finals/blast-open-london-2025-finals-vitality-vs-g2-bo5-ieXHvClzA7f_aJ_85fPFqK/vitality-vs-g2-m5-train.csv,5,36502,86.0,0,0.6708472371101379,0.67074376,-0.0011162757873535156,-0.0013833046
processed_full/blast_open_london_finals/blast-open-london-2025-finals-vitality-vs-g2-bo5-ieXHvClzA7f_aJ_85fPFqK/vitality-vs-g2-m5-train.csv,5,36534,86.5,0,0.5410836935043335,0.5410413,-0.12976354360580444,-0.12970245
processed_full/blast_open_london_finals/blast-open-london-2025-finals-vitality-vs-g2-bo5-ieXHvClzA7f_aJ_85fPFqK/vitality-vs-g2-m5-train.csv,5,36566,87.0,0,0.5308187007904053,0.5307995,-0.010264992713928223,-0.0102418065
processed_full/blast_open_london_finals/blast-open-london-2025-finals-vitality-vs-g2-bo5-ieXHvClzA7f_aJ_85fPFqK/vitality-vs-g2-m5-train.csv,5,36598,87.5,0,0.5300729870796204,0.5300494,-0.0007457137107849121,-0.00075012445
processed_full/blast_open_london_finals/blast-open-london-2025-finals-vitality-vs-g2-bo5-ieXHvClzA7f_aJ_85fPFqK/vitality-vs-g2-m5-train.csv,5,36630,88.0,0,0.5178915858268738,0.5179412,-0.012181401252746582,-0.012108207
processed_full/blast_open_london_finals/blast-open-london-2025-finals-vitality-vs-g2-bo5-ieXHvClzA7f_aJ_85fPFqK/vitality-vs-g2-m5-train.csv,5,36662,88.5,0,0.5223261713981628,0.52234966,0.0044345855712890625,0.0044084787
processed_full/blast_open_london_finals/blast-open-london-2025-finals-vitality-vs-g2-bo5-ieXHvClzA7f_aJ_85fPFqK/vitality-vs-g2-m5-train.csv,5,36694,89.0,0,0.5219532251358032,0.5218691,-0.00037294626235961914,-0.00048053265
processed_full/blast_open_london_finals/blast-open-london-2025-finals-vitality-vs-g2-bo5-ieXHvClzA7f_aJ_85fPFqK/vitality-vs-g2-m5-train.csv,5,36726,89.5,0,0.5250309109687805,0.5249852,0.003077685832977295,0.0031160712
processed_full/blast_open_london_finals/blast-open-london-2025-finals-vitality-vs-g2-bo5-ieXHvClzA7f_aJ_85fPFqK/vitality-vs-g2-m5-train.csv,5,36758,90.0,0,0.5272167921066284,0.5272694,0.0021858811378479004,0.0022842288
processed_full/blast_open_london_finals/blast-open-london-2025-finals-vitality-vs-g2-bo5-ieXHvClzA7f_aJ_85fPFqK/vitality-vs-g2-m5-train.csv,5,36790,90.5,0,0.5223360657691956,0.5223316,-0.004880726337432861,-0.0049378276
processed_full/blast_open_london_finals/blast-open-london-2025-finals-vitality-vs-g2-bo5-ieXHvClzA7f_aJ_85fPFqK/vitality-vs-g2-m5-train.csv,5,36822,91.0,0,0.5271467566490173,0.5271465,0.004810690879821777,0.004814923
processed_full/blast_open_london_finals/blast-open-london-2025-finals-vitality-vs-g2-bo5-ieXHvClzA7f_aJ_85fPFqK/vitality-vs-g2-m5-train.csv,5,36854,91.5,0,0.5439184308052063,0.5438541,0.016771674156188965,0.0167076
processed_full/blast_open_london_finals/blast-open-london-2025-finals-vitality-vs-g2-bo5-ieXHvClzA7f_aJ_85fPFqK/vitality-vs-g2-m5-train.csv,5,36886,92.0,0,0.324137419462204,0.32412145,-0.21978101134300232,-0.21973267
processed_full/blast_open_london_finals/blast-open-london-2025-finals-vitality-vs-g2-bo5-ieXHvClzA7f_aJ_85fPFqK/vitality-vs-g2-m5-train.csv,5,36918,92.5,0,0.25611892342567444,0.2560725,-0.06801849603652954,-0.068048954
processed_full/blast_open_london_finals/blast-open-london-2025-finals-vitality-vs-g2-bo5-ieXHvClzA7f_aJ_85fPFqK/vitality-vs-g2-m5-train.csv,5,36950,93.0,0,0.21612226963043213,0.21618894,-0.03999665379524231,-0.039883554
processed_full/blast_open_london_finals/blast-open-london-2025-finals-vitality-vs-g2-bo5-ieXHvClzA7f_aJ_85fPFqK/vitality-vs-g2-m5-train.csv,5,36982,93.5,0,0.19207248091697693,0.19204122,-0.0240497887134552,-0.02414772
processed_full/blast_open_london_finals/blast-open-london-2025-finals-vitality-vs-g2-bo5-ieXHvClzA7f_aJ_85fPFqK/vitality-vs-g2-m5-train.csv,5,37014,94.0,0,0.1869439035654068,0.187008,-0.005128577351570129,-0.005033225
processed_full/blast_open_london_finals/blast-open-london-2025-finals-vitality-vs-g2-bo5-ieXHvClzA7f_aJ_85fPFqK/vitality-vs-g2-m5-train.csv,5,37046,94.5,0,0.13113200664520264,0.13104433,-0.05581189692020416,-0.055963665
processed_full/blast_open_london_finals/blast-open-london-2025-finals-vitality-vs-g2-bo5-ieXHvClzA7f_aJ_85fPFqK/vitality-vs-g2-m5-train.csv,5,37078,95.0,0,0.11599959433078766,0.11599085,-0.015132412314414978,-0.015053481
processed_full/blast_open_london_finals/blast-open-london-2025-finals-vitality-vs-g2-bo5-ieXHvClzA7f_aJ_85fPFqK/vitality-vs-g2-m5-train.csv,5,37110,95.5,0,0.090910404920578,0.09094828,-0.025089189410209656,-0.025042564
processed_full/blast_open_london_finals/blast-open-london-2025-finals-vitality-vs-g2-bo5-ieXHvClzA7f_aJ_85fPFqK/vitality-vs-g2-m5-train.csv,5,37142,96.0,0,0.08150256425142288,0.08150932,-0.00940784066915512,-0.009438962
processed_full/blast_open_london_finals/blast-open-london-2025-finals-vitality-vs-g2-bo5-ieXHvClzA7f_aJ_85fPFqK/vitality-vs-g2-m5-train.csv,5,37174,96.5,0,0.07328061759471893,0.07331568,-0.008221946656703949,-0.008193642
processed_full/blast_open_london_finals/blast-open-london-2025-finals-vitality-vs-g2-bo5-ieXHvClzA7f_aJ_85fPFqK/vitality-vs-g2-m5-train.csv,5,37206,97.0,0,0.07857690006494522,0.0784429,0.005296282470226288,0.0051272213
processed_full/blast_open_london_finals/blast-open-london-2025-finals-vitality-vs-g2-bo5-ieXHvClzA7f_aJ_85fPFqK/vitality-vs-g2-m5-train.csv,5,37238,97.5,0,0.08811331540346146,0.08818793,0.009536415338516235,0.009745032
processed_full/blast_open_london_finals/blast-open-london-2025-finals-vitality-vs-g2-bo5-ieXHvClzA7f_aJ_85fPFqK/vitality-vs-g2-m5-train.csv,5,37270,98.0,0,0.10280741751194,0.102871,0.014694102108478546,0.014683068
processed_full/blast_open_london_finals/blast-open-london-2025-finals-vitality-vs-g2-bo5-ieXHvClzA7f_aJ_85fPFqK/vitality-vs-g2-m5-train.csv,5,37302,98.5,0,0.12191694974899292,0.121717036,0.019109532237052917,0.018846035
processed_full/blast_open_london_finals/blast-open-london-2025-finals-vitality-vs-g2-bo5-ieXHvClzA7f_aJ_85fPFqK/vitality-vs-g2-m5-train.csv,5,37334,99.0,0,0.13356108963489532,0.13370949,0.011644139885902405,0.0119924545
processed_full/blast_open_london_finals/blast-open-london-2025-finals-vitality-vs-g2-bo5-ieXHvClzA7f_aJ_85fPFqK/vitality-vs-g2-m5-train.csv,5,37366,99.5,0,0.1495787352323532,0.149616,0.016017645597457886,0.015906513
processed_full/blast_open_london_finals/blast-open-london-2025-finals-vitality-vs-g2-bo5-ieXHvClzA7f_aJ_85fPFqK/vitality-vs-g2-m5-train.csv,5,37398,100.0,0,0.13984064757823944,0.13970757,-0.00973808765411377,-0.009908438
processed_full/blast_open_london_finals/blast-open-london-2025-finals-vitality-vs-g2-bo5-ieXHvClzA7f_aJ_85fPFqK/vitality-vs-g2-m5-train.csv,5,37430,100.5,0,0.13681556284427643,0.13695759,-0.0030250847339630127,-0.0027499795
processed_full/blast_open_london_finals/blast-open-london-2025-finals-vitality-vs-g2-bo5-ieXHvClzA7f_aJ_85fPFqK/vitality-vs-g2-m5-train.csv,5,37462,101.0,0,0.11628206819295883,0.11637586,-0.020533494651317596,-0.020581722
processed_full/blast_open_london_finals/blast-open-london-2025-finals-vitality-vs-g2-bo5-ieXHvClzA7f_aJ_85fPFqK/vitality-vs-g2-m5-train.csv,5,37494,101.5,0,0.376564085483551,0.37640882,0.2602820172905922,0.26003295
processed_full/blast_open_london_finals/blast-open-london-2025-finals-vitality-vs-g2-bo5-ieXHvClzA7f_aJ_85fPFqK/vitality-vs-g2-m5-train.csv,5,37526,102.0,0,0.4254077076911926,0.4253768,0.0488436222076416,0.048967987
processed_full/blast_open_london_finals/blast-open-london-2025-finals-vitality-vs-g2-bo5-ieXHvClzA7f_aJ_85fPFqK/vitality-vs-g2-m5-train.csv,5,37558,102.5,0,0.17362485826015472,0.17381117,-0.2517828494310379,-0.25156564
processed_full/blast_open_london_finals/blast-open-london-2025-finals-vitality-vs-g2-bo5-ieXHvClzA7f_aJ_85fPFqK/vitality-vs-g2-m5-train.csv,5,37590,103.0,0,0.16250458359718323,0.16254497,-0.011120274662971497,-0.011266202
processed_full/blast_open_london_finals/blast-open-london-2025-finals-vitality-vs-g2-bo5-ieXHvClzA7f_aJ_85fPFqK/vitality-vs-g2-m5-train.csv,5,37622,103.5,0,0.19350947439670563,0.19337937,0.0310048907995224,0.030834407
processed_full/blast_open_london_finals/blast-open-london-2025-finals-vitality-vs-g2-bo5-ieXHvClzA7f_aJ_85fPFqK/vitality-vs-g2-m5-train.csv,5,37654,104.0,0,0.5232442617416382,0.52324027,0.32973478734493256,0.3298609
processed_full/blast_open_london_finals/blast-open-london-2025-finals-vitality-vs-g2-bo5-ieXHvClzA7f_aJ_85fPFqK/vitality-vs-g2-m5-train.csv,5,37686,104.5,0,0.5106775760650635,0.51070464,-0.012566685676574707,-0.012535632
processed_full/blast_open_london_finals/blast-open-london-2025-finals-vitality-vs-g2-bo5-ieXHvClzA7f_aJ_85fPFqK/vitality-vs-g2-m5-train.csv,5,37718,105.0,0,0.5572208762168884,0.55734676,0.04654330015182495,0.046642125
processed_full/blast_open_london_finals/blast-open-london-2025-finals-vitality-vs-g2-bo5-ieXHvClzA7f_aJ_85fPFqK/vitality-vs-g2-m5-train.csv,5,37750,105.5,0,0.5899379253387451,0.5898402,0.03271704912185669,0.032493412
processed_full/blast_open_london_finals/blast-open-london-2025-finals-vitality-vs-g2-bo5-ieXHvClzA7f_aJ_85fPFqK/vitality-vs-g2-m5-train.csv,5,37782,106.0,0,0.6051938533782959,0.6052608,0.015255928039550781,0.015420616
processed_full/blast_open_london_finals/blast-open-london-2025-finals-vitality-vs-g2-bo5-ieXHvClzA7f_aJ_85fPFqK/vitality-vs-g2-m5-train.csv,5,37814,106.5,0,0.29545000195503235,0.2952631,-0.30974385142326355,-0.30999768
processed_full/blast_open_london_finals/blast-open-london-2025-finals-vitality-vs-g2-bo5-ieXHvClzA7f_aJ_85fPFqK/vitality-vs-g2-m5-train.csv,5,37846,107.0,0,0.18138617277145386,0.18139994,-0.11406382918357849,-0.11386317
processed_full/blast_open_london_finals/blast-open-london-2025-finals-vitality-vs-g2-bo5-ieXHvClzA7f_aJ_85fPFqK/vitality-vs-g2-m5-train.csv,5,37878,107.5,0,0.1296616643667221,0.12980643,-0.05172450840473175,-0.051593512
processed_full/blast_open_london_finals/blast-open-london-2025-finals-vitality-vs-g2-bo5-ieXHvClzA7f_aJ_85fPFqK/vitality-vs-g2-m5-train.csv,5,37910,108.0,0,0.12577997148036957,0.12580687,-0.003881692886352539,-0.003999561
processed_full/blast_open_london_finals/blast-open-london-2025-finals-vitality-vs-g2-bo5-ieXHvClzA7f_aJ_85fPFqK/vitality-vs-g2-m5-train.csv,5,37942,108.5,0,0.10608433932065964,0.106015086,-0.01969563215970993,-0.019791782
processed_full/blast_open_london_finals/blast-open-london-2025-finals-vitality-vs-g2-bo5-ieXHvClzA7f_aJ_85fPFqK/vitality-vs-g2-m5-train.csv,5,37974,109.0,0,0.07260382175445557,0.07263863,-0.03348051756620407,-0.033376455
processed_full/blast_open_london_finals/blast-open-london-2025-finals-vitality-vs-g2-bo5-ieXHvClzA7f_aJ_85fPFqK/vitality-vs-g2-m5-train.csv,5,38006,109.5,0,0.0957786813378334,0.09590536,0.023174859583377838,0.023266733
processed_full/blast_open_london_finals/blast-open-london-2025-finals-vitality-vs-g2-bo5-ieXHvClzA7f_aJ_85fPFqK/vitality-vs-g2-m5-train.csv,5,38038,110.0,0,0.10823214054107666,0.10807553,0.012453459203243256,0.012170166
processed_full/blast_open_london_finals/blast-open-london-2025-finals-vitality-vs-g2-bo5-ieXHvClzA7f_aJ_85fPFqK/vitality-vs-g2-m5-train.csv,5,38070,110.5,0,0.10177888721227646,0.101854116,-0.006453253328800201,-0.0062214136
processed_full/blast_open_london_finals/blast-open-london-2025-finals-vitality-vs-g2-bo5-ieXHvClzA7f_aJ_85fPFqK/vitality-vs-g2-m5-train.csv,5,38102,111.0,0,0.0879133865237236,0.088088036,-0.013865500688552856,-0.01376608
processed_full/blast_open_london_finals/blast-open-london-2025-finals-vitality-vs-g2-bo5-ieXHvClzA7f_aJ_85fPFqK/vitality-vs-g2-m5-train.csv,5,38134,111.5,0,0.1025041937828064,0.10233295,0.014590807259082794,0.014244914
processed_full/blast_open_london_finals/blast-open-london-2025-finals-vitality-vs-g2-bo5-ieXHvClzA7f_aJ_85fPFqK/vitality-vs-g2-m5-train.csv,5,38166,112.0,0,0.10725829750299454,0.107240796,0.004754103720188141,0.0049078465
processed_full/blast_open_london_finals/blast-open-london-2025-finals-vitality-vs-g2-bo5-ieXHvClzA7f_aJ_85fPFqK/vitality-vs-g2-m5-train.csv,5,38198,112.5,0,0.11094871908426285,0.111070365,0.0036904215812683105,0.0038295686
processed_full/blast_open_london_finals/blast-open-london-2025-finals-vitality-vs-g2-bo5-ieXHvClzA7f_aJ_85fPFqK/vitality-vs-g2-m5-train.csv,5,38230,113.0,0,0.1129819005727768,0.11296353,0.0020331814885139465,0.0018931627
processed_full/blast_open_london_finals/blast-open-london-2025-finals-vitality-vs-g2-bo5-ieXHvClzA7f_aJ_85fPFqK/vitality-vs-g2-m5-train.csv,5,38262,113.5,0,0.10440409183502197,0.10439378,-0.008577808737754822,-0.008569747
processed_full/blast_open_london_finals/blast-open-london-2025-finals-vitality-vs-g2-bo5-ieXHvClzA7f_aJ_85fPFqK/vitality-vs-g2-m5-train.csv,5,38294,114.0,0,0.08130001276731491,0.08120093,-0.023104079067707062,-0.023192853
processed_full/blast_open_london_finals/blast-open-london-2025-finals-vitality-vs-g2-bo5-ieXHvClzA7f_aJ_85fPFqK/vitality-vs-g2-m5-train.csv,5,38326,114.5,1,0.06056089326739311,0.060753822,-0.0207391194999218,-0.020447105
processed_full/blast_open_london_finals/blast-open-london-2025-finals-vitality-vs-g2-bo5-ieXHvClzA7f_aJ_85fPFqK/vitality-vs-g2-m5-train.csv,5,38358,115.0,1,0.05681143328547478,0.056744695,-0.003749459981918335,-0.0040091276
processed_full/blast_open_london_finals/blast-open-london-2025-finals-vitality-vs-g2-bo5-ieXHvClzA7f_aJ_85fPFqK/vitality-vs-g2-m5-train.csv,5,38390,115.5,1,0.06238706037402153,0.062570214,0.005575627088546753,0.0058255196
processed_full/blast_open_london_finals/blast-open-london-2025-finals-vitality-vs-g2-bo5-ieXHvClzA7f_aJ_85fPFqK/vitality-vs-g2-m5-train.csv,5,38422,116.0,1,0.05010102689266205,0.049934804,-0.012286033481359482,-0.01263541
processed_full/blast_open_london_finals/blast-open-london-2025-finals-vitality-vs-g2-bo5-ieXHvClzA7f_aJ_85fPFqK/vitality-vs-g2-m5-train.csv,5,38454,116.5,1,0.05573679506778717,0.055688143,0.005635768175125122,0.0057533383
processed_full/blast_open_london_finals/blast-open-london-2025-finals-vitality-vs-g2-bo5-ieXHvClzA7f_aJ_85fPFqK/vitality-vs-g2-m5-train.csv,5,38486,117.0,1,0.05317075178027153,0.053550422,-0.0025660432875156403,-0.0021377206
processed_full/blast_open_london_finals/blast-open-london-2025-finals-vitality-vs-g2-bo5-ieXHvClzA7f_aJ_85fPFqK/vitality-vs-g2-m5-train.csv,5,38518,117.5,1,0.044406406581401825,0.044024587,-0.008764345198869705,-0.0095258355
processed_full/blast_open_london_finals/blast-open-london-2025-finals-vitality-vs-g2-bo5-ieXHvClzA7f_aJ_85fPFqK/vitality-vs-g2-m5-train.csv,5,38550,118.0,1,0.04569420590996742,0.045770407,0.0012877993285655975,0.00174582
processed_full/blast_open_london_finals/blast-open-london-2025-finals-vitality-vs-g2-bo5-ieXHvClzA7f_aJ_85fPFqK/vitality-vs-g2-m5-train.csv,5,38582,118.5,1,0.04248211160302162,0.04272479,-0.0032120943069458008,-0.0030456185
processed_full/blast_open_london_finals/blast-open-london-2025-finals-vitality-vs-g2-bo5-ieXHvClzA7f_aJ_85fPFqK/vitality-vs-g2-m5-train.csv,5,38614,119.0,1,0.03737183287739754,0.037469625,-0.0051102787256240845,-0.0052551627
processed_full/blast_open_london_finals/blast-open-london-2025-finals-vitality-vs-g2-bo5-ieXHvClzA7f_aJ_85fPFqK/vitality-vs-g2-m5-train.csv,5,38646,119.5,1,0.030454033985733986,0.030068874,-0.006917798891663551,-0.007400751
processed_full/blast_open_london_finals/blast-open-london-2025-finals-vitality-vs-g2-bo5-ieXHvClzA7f_aJ_85fPFqK/vitality-vs-g2-m5-train.csv,5,38678,120.0,1,0.029574351385235786,0.029744685,-0.0008796826004981995,-0.00032418966
processed_full/blast_open_london_finals/blast-open-london-2025-finals-vitality-vs-g2-bo5-ieXHvClzA7f_aJ_85fPFqK/vitality-vs-g2-m5-train.csv,5,38710,120.5,1,0.09263782948255539,0.09294528,0.0630634780973196,0.06320059
processed_full/blast_open_london_finals/blast-open-london-2025-finals-vitality-vs-g2-bo5-ieXHvClzA7f_aJ_85fPFqK/vitality-vs-g2-m5-train.csv,5,38742,121.0,1,0.08993016183376312,0.08950055,-0.002707667648792267,-0.0034447312
processed_full/blast_open_london_finals/blast-open-london-2025-finals-vitality-vs-g2-bo5-ieXHvClzA7f_aJ_85fPFqK/vitality-vs-g2-m5-train.csv,5,38774,121.5,1,0.09585622698068619,0.09602845,0.005926065146923065,0.0065279007
processed_full/blast_open_london_finals/blast-open-london-2025-finals-vitality-vs-g2-bo5-ieXHvClzA7f_aJ_85fPFqK/vitality-vs-g2-m5-train.csv,5,38806,122.0,1,0.09999911487102509,0.10007867,0.004142887890338898,0.004050225
processed_full/blast_open_london_finals/blast-open-london-2025-finals-vitality-vs-g2-bo5-ieXHvClzA7f_aJ_85fPFqK/vitality-vs-g2-m5-train.csv,5,38838,122.5,1,0.09986744076013565,0.09976715,-0.00013167411088943481,-0.00031152368
processed_full/blast_open_london_finals/blast-open-london-2025-finals-vitality-vs-g2-bo5-ieXHvClzA7f_aJ_85fPFqK/vitality-vs-g2-m5-train.csv,5,38870,123.0,1,0.10172019153833389,0.101706415,0.0018527507781982422,0.0019392669
processed_full/blast_open_london_finals/blast-open-london-2025-finals-vitality-vs-g2-bo5-ieXHvClzA7f_aJ_85fPFqK/vitality-vs-g2-m5-train.csv,5,38902,123.5,1,0.10048622637987137,0.10078636,-0.0012339651584625244,-0.0009200573
processed_full/blast_open_london_finals/blast-open-london-2025-finals-vitality-vs-g2-bo5-ieXHvClzA7f_aJ_85fPFqK/vitality-vs-g2-m5-train.csv,5,38934,124.0,1,0.12592005729675293,0.1260182,0.02543383091688156,0.025231838
processed_full/blast_open_london_finals/blast-open-london-2025-finals-vitality-vs-g2-bo5-ieXHvClzA7f_aJ_85fPFqK/vitality-vs-g2-m5-train.csv,5,38966,124.5,1,0.5566774010658264,0.5560234,0.4307573437690735,0.43000522
processed_full/blast_open_london_finals/blast-open-london-2025-finals-vitality-vs-g2-bo5-ieXHvClzA7f_aJ_85fPFqK/vitality-vs-g2-m5-train.csv,5,38998,125.0,1,0.44581422209739685,0.44630444,-0.11086317896842957,-0.10971898
processed_full/blast_open_london_finals/blast-open-london-2025-finals-vitality-vs-g2-bo5-ieXHvClzA7f_aJ_85fPFqK/vitality-vs-g2-m5-train.csv,5,39030,125.5,1,0.46656352281570435,0.46665657,0.020749300718307495,0.020352125
processed_full/blast_open_london_finals/blast-open-london-2025-finals-vitality-vs-g2-bo5-ieXHvClzA7f_aJ_85fPFqK/vitality-vs-g2-m5-train.csv,5,39062,126.0,1,0.5033234357833862,0.5029983,0.036759912967681885,0.036341727
processed_full/blast_open_london_finals/blast-open-london-2025-finals-vitality-vs-g2-bo5-ieXHvClzA7f_aJ_85fPFqK/vitality-vs-g2-m5-train.csv,5,39094,126.5,1,0.5043336749076843,0.50439346,0.0010102391242980957,0.0013951659
processed_full/blast_open_london_finals/blast-open-london-2025-finals-vitality-vs-g2-bo5-ieXHvClzA7f_aJ_85fPFqK/vitality-vs-g2-m5-train.csv,5,39126,127.0,1,0.5052840709686279,0.5056006,0.0009503960609436035,0.0012071133
processed_full/blast_open_london_finals/blast-open-london-2025-finals-vitality-vs-g2-bo5-ieXHvClzA7f_aJ_85fPFqK/vitality-vs-g2-m5-train.csv,5,39158,127.5,1,0.47073274850845337,0.47044966,-0.03455132246017456,-0.035150915
processed_full/blast_open_london_finals/blast-open-london-2025-finals-vitality-vs-g2-bo5-ieXHvClzA7f_aJ_85fPFqK/vitality-vs-g2-m5-train.csv,5,39190,128.0,1,0.47613054513931274,0.47626728,0.005397796630859375,0.005817622
processed_full/blast_open_london_finals/blast-open-london-2025-finals-vitality-vs-g2-bo5-ieXHvClzA7f_aJ_85fPFqK/vitality-vs-g2-m5-train.csv,5,39222,128.5,1,0.5370197892189026,0.5373917,0.060889244079589844,0.061124444
processed_full/blast_open_london_finals/blast-open-london-2025-finals-vitality-vs-g2-bo5-ieXHvClzA7f_aJ_85fPFqK/vitality-vs-g2-m5-train.csv,5,39254,129.0,1,0.5421969294548035,0.5418211,0.005177140235900879,0.0044294
processed_full/blast_open_london_finals/blast-open-london-2025-finals-vitality-vs-g2-bo5-ieXHvClzA7f_aJ_85fPFqK/vitality-vs-g2-m5-train.csv,5,39286,129.5,1,0.7697802782058716,0.76981723,0.22758334875106812,0.22799611
processed_full/blast_open_london_finals/blast-open-london-2025-finals-vitality-vs-g2-bo5-ieXHvClzA7f_aJ_85fPFqK/vitality-vs-g2-m5-train.csv,5,39318,130.0,1,0.7824019193649292,0.7825787,0.012621641159057617,0.012761474
processed_full/blast_open_london_finals/blast-open-london-2025-finals-vitality-vs-g2-bo5-ieXHvClzA7f_aJ_85fPFqK/vitality-vs-g2-m5-train.csv,5,39350,130.5,1,0.8028948307037354,0.80292153,0.020492911338806152,0.020342827
processed_full/blast_open_london_finals/blast-open-london-2025-finals-vitality-vs-g2-bo5-ieXHvClzA7f_aJ_85fPFqK/vitality-vs-g2-m5-train.csv,5,39382,131.0,1,0.8292238712310791,0.8291077,0.02632904052734375,0.026186168
processed_full/blast_open_london_finals/blast-open-london-2025-finals-vitality-vs-g2-bo5-ieXHvClzA7f_aJ_85fPFqK/vitality-vs-g2-m5-train.csv,5,39414,131.5,1,0.848358154296875,0.8487034,0.0191342830657959,0.019595683
processed_full/blast_open_london_finals/blast-open-london-2025-finals-vitality-vs-g2-bo5-ieXHvClzA7f_aJ_85fPFqK/vitality-vs-g2-m5-train.csv,5,39446,132.0,1,0.8613475561141968,0.8607679,0.012989401817321777,0.012064517
processed_full/blast_open_london_finals/blast-open-london-2025-finals-vitality-vs-g2-bo5-ieXHvClzA7f_aJ_85fPFqK/vitality-vs-g2-m5-train.csv,5,39478,132.5,1,0.8659532070159912,0.8661062,0.004605650901794434,0.005338311
processed_full/blast_open_london_finals/blast-open-london-2025-finals-vitality-vs-g2-bo5-ieXHvClzA7f_aJ_85fPFqK/vitality-vs-g2-m5-train.csv,5,39510,133.0,1,0.8720952272415161,0.87226063,0.006142020225524902,0.006154418
processed_full/blast_open_london_finals/blast-open-london-2025-finals-vitality-vs-g2-bo5-ieXHvClzA7f_aJ_85fPFqK/vitality-vs-g2-m5-train.csv,5,39542,133.5,1,0.8730749487876892,0.8731505,0.0009797215461730957,0.00088989735
processed_full/blast_open_london_finals/blast-open-london-2025-finals-vitality-vs-g2-bo5-ieXHvClzA7f_aJ_85fPFqK/vitality-vs-g2-m5-train.csv,5,39574,134.0,1,0.8734509348869324,0.8733947,0.00037598609924316406,0.00024420023
